0,666694.51,732111.29,762779.57,730078.94,698793.65,758162.45,781504.27,759754.46,721905.74,710008.41,754897.38,786110.31,718029.24,716842.9,770805.27,761860.56,703781.43,749199.2,689254.92,728157.58,735493.41,747826.93,763624.4,789202.75
635,1429459.94,1502142.22,1659358.61,1451750.82,1357720.94,1315555.8,1513970.21,1507369.65,1464183.58,1447214.91,1462201.61,1308905.79,1467758.91,1565642.9,1452704.61,1378297.54,1427124.98,1554250.41,1572812.67,1250902.62,1403244.61,1415814.16,1473192.19,1584880.31
1635,1766796.63,1807105.01,1571606.23,1638162.66,1659007.3,1754017.62,1734144.81,1706487.07,1784479.83,1819933.73,1684598.46,1777699.01,1644329.46,1857641.67,1855942.46,1750581.34,1844441.84,1694692.15,1681950.46,1651345.22,1622332.52,1790465.28,1567277.21,1718938.5
2636,1661644.17,1770964.68,1637605.82,1726183.22,1777248.78,1703199.03,1597036.82,1682321.47,1568531.13,1826275.11,1771819.52,1669652.99,1682562.14,1695820.84,1583364.21,1777779.65,1819805.1,1651300.51,1720177.28,1796275.96,1618256.68,1686731.18,1632171.55,1746672.1
3636,1342963.25,1658521.33,1539829.42,1555497.2,1400435.17,1694400.84,1655178.41,1525286.0,1610097.23,1640240.47,1515890.26,1537392.01,1565777.13,1429290.35,1406733.81,1608415.19,1606492.86,1639819.56,1427340.43,1468820.89,1565973.09,1508510.38,1484319.92,1557927.73
4635,1393610.84,1300621.13,1375089.77,1413140.3,1372435.58,1478608.87,1308132.37,1331163.11,1479532.79,1476160.32,1481095.35,1333798.4,1362980.65,1449621.95,1356097.3,1431916.69,1485654.01,1503869.46,1501431.99,1311232.31,1421497.04,1460499.64,1418242.84,1341405.06
5635,1369126.62,1383789.23,1324803.29,1330543.37,1309914.79,1408183.61,1336828.72,1291177.94,1290553.57,1174490.88,1292318.25,1338356.95,1339509.87,1445588.84,1323543.86,1302165.49,1264042.89,1223525.61,1278716.74,1353906.4,1304587.15,1234949.44,1184315.69,1269008.81
6635,1758398.61,1619852.74,1827254.72,1704774.5,1757313.08,1729286.69,1733102.01,1878403.68,1752111.72,1767252.69,1611157.24,1835445.94,1617697.32,1664030.17,1644105.77,1889880.82,1768152.57,1734297.89,1640522.95,1655880.93,1794108.4,1738547.88,1770112.56,1784731.73
7635,1801287.98,1758643.87,1531832.44,1652869.77,1708405.08,1748970.84,1632744.97,1687608.17,1831135.93,1690444.54,1713647.83,1609524.17,1684147.11,1684926.32,1705230.47,1760815.54,1748960.41,1564576.72,1760664.3,1513939.18,1666449.85,1526794.01,1545985.48,1694450.79
8635,1340640.47,1352411.68,1357190.86,1228305.85,1354455.65,1224211.45,1408878.91,1293977.2,1367264.33,1194419.81,1364851.55,1370222.96,1331352.86,1336578.99,1227645.74,1383053.12,1323447.57,1354609.38,1267748.61,1339013.58,1292053.33,1342877.78,1417870.45,1323927.19
9635,1361337.2,1503412.92,1456503.68,1435155.83,1450313.48,1365177.87,1279922.56,1395788.21,1234745.93,1470334.8,1515010.95,1475033.47,1453524.54,1436288.63,1485769.45,1596962.43,1377794.46,1411781.37,1369206.25,1434161.95,1320035.48,1471108.33,1343858.14,1508112.61
10635,2012008.85,2284881.57,2330702.95,2099855.2,1852751.3,2249981.24,2234339.52,2361156.51,2261313.09,2253253.33,2272392.15,2171520.83,2256866.45,2115356.03,2267154.22,2219637.9,2177902.0,2254130.6,2361728.43,2093962.26,2027218.41,2396946.01,2214152.19,2433415.11
11635,1502673.21,1461109.99,1333749.78,1570146.43,1438064.97,1446653.37,1393654.72,1268889.32,1396320.79,1340832.15,1272924.58,1365285.8,1384503.04,1474293.81,1502715.93,1391793.98,1438673.57,1417904.58,1478524.12,1420262.12,1531212.67,1281710.12,1472797.69,1410819.68
12635,1650731.22,1703396.23,1605440.61,1541638.63,1649819.49,1704569.0,1705963.03,1509345.17,1741857.41,1790453.93,1690285.3,1606640.32,1657518.15,1787994.09,1679782.11,1648872.37,1826854.03,1697609.9,1637544.56,1771436.08,1702780.66,1632699.84,1586757.75,1554192.97
13635,1722903.75,1699626.76,1733214.1,1516990.15,1786969.06,1641478.52,1666669.15,1673598.74,1738897.5,1597088.91,1776784.74,1751077.31,1748177.94,1733456.37,1733061.13,1618138.39,1658233.43,1721526.28,1607362.33,1786109.66,1836550.32,1724926.33,1750094.34,1720930.58
14636,1669621.09,1622249.96,1709419.2,1654185.88,1662167.0,1586690.58,1698370.43,1933030.86,1710258.94,1687053.53,1647255.81,1625791.05,1769832.76,1643127.05,1847511.07,1801631.13,1632098.01,1734205.42,1794023.63,1847921.64,1516906.78,1624772.43,1638043.38,1581837.05
15636,1926339.27,1782712.67,1713644.02,1811054.47,1843974.01,1836978.83,1878096.95,1744525.13,1729652.78,1815656.84,1723152.67,1830793.26,1765537.86,1940632.96,1494776.75,1694533.09,1746299.73,1689109.56,1927697.99,1749793.21,1774107.04,1626094.19,1662037.51,1767844.77
16636,1574120.83,1454432.16,1594661.64,1615183.54,1476835.82,1522007.51,1531733.05,1467068.6,1528955.86,1531033.05,1520336.06,1670481.9,1466907.81,1465435.84,1531028.77,1495901.51,1523422.13,1586020.45,1536914.34,1515531.4,1574326.88,1518871.42,1452287.85,1591762.37
17635,1459925.33,1752299.64,1698687.33,1612752.94,1586718.85,1716802.53,1504618.32,1594019.28,1617211.37,1580014.3,1564276.7,1584267.5,1531030.27,1637675.14,1579738.18,1616673.12,1552931.33,1548195.53,1513982.7,1589568.38,1447201.22,1540235.94,1620226.0,1850772.05
18635,1559157.16,1383148.29,1508343.98,1504632.38,1533227.68,1327561.15,1390900.85,1451981.92,1551587.23,1304243.44,1544654.18,1424636.77,1594564.59,1543165.96,1520248.54,1519779.33,1367748.09,1574399.0,1534811.6,1447068.93,1329150.57,1518403.23,1546371.54,1578734.45
19635,1484868.15,1403291.68,1376219.68,1610552.71,1483227.23,1502257.09,1456526.62,1446224.11,1242602.12,1356022.74,1426009.1,1452188.62,1423747.02,1557506.81,1521269.8,1507992.97,1466064.71,1463684.89,1516227.7,1441274.01,1473161.39,1484423.75,1618473.83,1501395.87
20635,1498099.99,1648213.39,1580217.29,1649991.86,1575949.55,1619687.06,1711487.69,1615024.16,1692344.82,1578975.32,1632284.55,1678300.45,1665837.56,1675664.97,1513614.51,1685481.29,1742849.65,1576570.35,1549579.23,1641357.6,1651887.93,1587032.76,1559791.5,1691857.97
21635,1654833.04,1703208.7,1787591.15,1607563.46,1723233.63,1766665.96,1582509.36,1827675.81,1614279.74,1704686.45,1736506.33,1768151.13,1784143.29,1703686.85,1680160.38,1694631.31,1681419.23,1733392.74,1593484.0,1661211.81,1741061.61,1763987.52,1800715.37,1697610.44
22635,1632893.05,1787719.43,1657440.05,1838773.87,1681298.59,1568766.8,1622845.06,1555128.75,1692678.56,1638421.03,1596389.43,1612619.8,1730903.37,1682014.86,1698338.33,1815319.81,1640467.78,1780281.83,1740338.3,1650247.77,1633766.59,1753675.23,1615975.03,1618402.9
23635,1340625.63,1491269.91,1533284.89,1480887.63,1492295.63,1433328.56,1458031.05,1373606.63,1353444.57,1474363.6,1520561.98,1468742.79,1470267.51,1336253.32,1541243.86,1466734.56,1363518.7,1524641.64,1451226.25,1348541.75,1418224.21,1370095.39,1336869.03,1376762.64
24636,1549711.05,1560511.87,1666964.1,1465249.51,1622712.91,1484546.74,1469329.02,1506855.08,1498051.74,1448258.21,1466181.64,1531733.75,1447253.8,1565679.86,1539126.32,1416336.61,1689759.13,1456761.63,1732933.25,1496947.33,1614488.78,1506735.9,1364911.0,1433670.09
25636,1171384.5,1091615.5,1162577.97,1226626.77,1126271.41,1265062.04,1146163.98,1196313.05,1259988.77,1169480.5,1208621.04,1104485.74,1202228.4,1195967.28,1099132.15,1160857.39,1166333.54,1252096.37,1150937.04,1155647.02,1174250.87,1174254.36,1147759.86,1186866.2
26635,1261261.26,1183579.82,1149096.61,1348410.19,1205502.93,1281840.14,1290770.18,1277382.3,1194757.58,1253703.78,1276188.3,1318323.76,1141459.78,1212390.83,1359984.21,1231151.33,1280146.27,1239677.54,1238400.68,1285003.48,1199247.17,1246303.76,1259279.37,1257135.73
27635,1286130.92,1285530.15,1466242.38,1419174.25,1308186.02,1414706.17,1418089.75,1404147.14,1404963.27,1382024.44,1311323.23,1390582.66,1541819.81,1393818.92,1333285.24,1474202.58,1367981.79,1422894.36,1504467.41,1517745.44,1302829.91,1366239.51,1288992.93,1343660.3
28635,1326396.9,1368200.88,1403958.59,1357408.45,1329729.27,1493533.68,1255945.74,1360102.11,1281722.14,1382352.52,1362949.34,1400312.94,1292926.66,1208738.46,1384087.13,1342042.79,1388267.77,1356812.66,1185018.53,1212547.87,1237727.77,1265968.22,1253973.11,1338762.75
29636,758176.79,783311.49,864062.89,830823.81,718938.72,864699.3,766515.94,857430.51,786687.28,796906.26,797024.62,770788.34,742918.49,750673.74,926034.3,772028.35,829713.04,732924.96,756671.4,861205.23,773147.31,765030.76,847369.46,753275.63
30635,1631099.43,1721482.13,1587041.74,1685431.61,1759618.35,1637903.07,1726083.52,1545140.22,1801904.92,1672418.44,1583238.51,1454661.87,1696293.06,1543308.37,1793902.77,1701468.8,1788816.37,1710655.76,1728593.43,1563839.69,1633765.59,1740755.78,1556536.9,1685930.5
31635,1615785.77,1609809.36,1629199.2,1726320.13,1695011.51,1600211.13,1652351.97,1575165.69,1485723.42,1586125.77,1638868.95,1724759.06,1601145.11,1558482.05,1622997.7,1693296.35,1662782.67,1770023.87,1664875.59,1632820.04,1558751.64,1568077.24,1634547.42,1507351.28
32635,1457542.36,1521889.29,1471421.58,1496821.59,1474561.64,1425783.59,1526803.3,1520734.76,1494364.57,1481849.86,1383859.14,1657273.89,1235586.71,1410700.57,1402025.64,1583916.18,1454334.22,1467049.6,1492791.1,1528349.08,1447051.25,1472134.85,1449862.51,1567852.36
33635,1555902.91,1587248.2,1484912.34,1640981.59,1454772.07,1593058.84,1589996.27,1457787.41,1403987.51,1499119.29,1612890.1,1504966.06,1553865.43,1555384.44,1541627.12,1664995.46,1453412.79,1603675.18,1693262.99,1467008.18,1470412.81,1620141.27,1598040.42,1498710.57
34635,1407896.86,1415599.47,1560853.42,1472127.69,1483843.59,1471065.1,1367947.82,1479414.12,1443114.02,1286917.89,1492778.82,1456816.9,1547098.15,1357758.88,1468051.33,1465566.11,1338208.54,1405728.22,1512712.57,1555884.81,1508675.74,1601769.15,1448165.11,1474541.45
35635,1404977.03,1431164.44,1472589.87,1460688.17,1553367.13,1383621.2,1439890.33,1490765.81,1461811.62,1574259.57,1419862.49,1569109.84,1485901.29,1516632.2,1438358.99,1570171.69,1459579.54,1433968.86,1595099.32,1454592.02,1437574.38,1660457.82,1650058.29,1489476.71
36635,772193.83,749044.02,822467.38,786686.87,795664.07,778750.1,798420.27,827022.94,708496.29,682138.25,660501.67,738667.82,760871.33,718066.91,750174.32,731104.21,762781.77,857950.34,816201.89,779939.86,798581.55,768608.14,755968.6,695156.44
37636,573906.23,597978.88,657592.6,588854.47,645125.37,626544.5,646992.36,565786.97,554765.59,621955.24,590076.91,589898.16,562897.92,575851.41,619610.17,578457.37,566471.32,577268.22,570293.71,675893.71,597185.96,592423.4,583288.57,554782.93
38636,628228.94,605956.03,615217.24,575445.72,595246.95,628023.69,613592.73,522050.72,601410.68,662032.05,601859.53,637723.85,641548.01,594664.82,602029.29,650603.77,618336.24,621658.57,629409.25,650249.31,625201.55,599374.85,596295.11,622419.08
39635,853945.58,786513.27,893540.93,872973.66,861809.98,812170.29,733214.75,703627.86,824473.34,689257.67,849781.09,788617.2,762567.26,843008.38,791583.64,862810.17,774006.07,844301.88,748123.01,849644.74,855074.13,831185.75,864148.95,819199.17
40635,1026467.72,926752.85,980868.65,948270.18,1061332.07,1015644.78,975651.98,1032260.94,1082274.28,1130576.11,1058393.93,1014856.87,1068880.39,1039300.72,1066754.44,1051024.41,983420.4,1047909.65,967965.62,1015615.46,1058665.21,1022332.73,1123014.1,1027872.76
41636,1299866.79,1313768.17,1303510.68,1369896.84,1301636.01,1275193.91,1355882.82,1214883.12,1382389.02,1262701.56,1286956.41,1342127.27,1238341.69,1114764.08,1237782.26,1362491.31,1384249.55,1232822.79,1382849.69,1307374.99,1259114.72,1300539.79,1285738.69,1367555.13
42636,987788.18,979905.49,996783.03,929522.67,1011848.4,980344.49,995746.77,983882.71,1117081.59,953051.06,999785.25,1081716.39,959491.01,1055947.17,966036.32,1089864.68,1012508.35,1063674.65,1168514.16,972343.86,961868.99,1061629.14,929306.37,921727.45
43635,1038631.61,1076690.35,1118106.1,1083399.37,1072657.54,1053704.57,1110628.89,1112087.59,1127194.88,1071060.45,1042392.05,1015957.92,1014821.64,1043799.78,991031.53,991299.05,1070935.93,1056096.48,1153820.59,1082865.36,997782.77,1074930.97,1039342.37,1070058.71
44635,760658.12,765528.08,696963.49,839033.11,782958.94,711476.3,776621.34,835090.13,804453.81,816986.62,735703.55,792679.83,815022.95,754182.91,777114.64,805718.0,764245.56,767529.59,791136.01,768175.21,708057.33,764249.19,762595.06,767699.94
45635,845199.25,896492.73,892353.51,866180.17,893395.79,824574.69,848679.59,840257.79,913141.4,922133.66,835531.66,889679.48,889283.48,915761.42,915806.73,909666.51,853060.19,881692.01,837862.67,894143.01,853777.8,921011.48,916899.08,909967.13
46636,796715.44,885355.64,820133.91,912790.15,886533.14,828675.4,903994.68,899285.35,796545.03,865199.84,805920.01,871347.75,853495.76,816344.46,855148.82,815864.63,831249.15,851816.78,786502.19,819955.43,862412.02,758872.61,782920.34,872197.78
47635,938676.52,879724.0,976538.42,983875.6,885151.06,881235.17,937505.81,908952.36,916359.25,862630.32,942034.63,955373.8,936620.76,846839.11,911835.75,894229.47,888715.63,870656.53,849643.57,911943.15,916476.89,864968.83,963349.44,881312.56
48635,1099783.63,1136491.13,1170583.63,1210097.76,1137168.88,1107380.0,1175230.99,1148940.38,1179678.56,1074584.27,1236167.13,1094475.62,1083102.11,1194036.98,1108858.9,1135514.14,1176616.38,1172027.79,1021447.13,1176070.7,1194618.46,1271507.87,1225547.84,1102840.03
49635,876496.25,989843.12,898365.75,935238.64,969230.35,1023915.64,896852.78,935866.2,969745.93,1022776.22,979916.63,943005.78,962133.48,995192.47,1031435.5,887910.03,935823.37,905929.49,965260.66,953514.36,888255.52,976534.29,1007860.83,966090.08
50635,893825.52,992191.82,909097.21,893857.62,986974.27,930052.25,965049.67,929601.81,841879.32,888001.45,852060.72,900721.32,980938.31,1025874.16,898889.7,891632.06,814487.4,894528.79,808446.18,928433.05,903505.37,923700.51,846091.64,961494.22
51635,806931.17,727598.33,794229.11,841880.71,839893.89,747752.24,783036.1,892082.17,807566.55,841809.19,844160.86,787925.08,773705.93,817695.9,814531.51,823724.23,857298.98,787587.82,855990.87,854773.26,894538.07,845283.71,831609.39,805675.9
52635,1234256.15,1223022.69,1373686.04,1118096.35,1334753.16,1340137.81,1269739.62,1154852.99,1246481.35,1239302.01,1257647.22,1322488.31,1284442.74,1289849.2,1268735.79,1265722.24,1278609.41,1321345.24,1297433.86,1290252.44,1248310.79,1280238.02,1260049.96,1337574.47
53635,1081185.96,1018610.84,1064039.77,1100216.64,1116766.97,1061919.11,1139603.1,1056569.95,1144655.35,1221023.53,1028442.29,1016662.11,1167746.33,1120806.28,1116057.32,1126360.51,1184839.18,1074004.49,1172759.01,1018511.01,1142648.17,1075991.89,1161291.81,1260902.89
54635,1142531.84,1200583.12,1076908.67,1162996.88,1183253.7,1207311.98,1147878.46,1180879.96,1171945.76,1115321.75,1169747.42,1187073.66,1184045.0,1321820.94,1120326.38,1118676.37,1158277.09,1138089.04,1151758.09,1232860.4,1214959.06,1155895.92,1084351.45,1092602.06
55635,1101368.73,1053030.04,1117909.34,1042675.11,1065367.14,1056075.04,1120568.43,1062971.63,1146470.41,997502.73,1088891.03,1022434.98,1052898.13,1087140.77,1082037.07,1020766.64,1049362.61,1035219.9,1032821.52,1171584.04,1039954.02,1073749.84,968181.54,1036671.35
56636,1134198.7,1148416.73,1119681.47,1152295.33,1152354.24,1140499.84,1133900.03,1151960.63,1209785.02,1135181.41,1198756.77,1175087.84,1094530.36,1125211.65,1093947.3,1119703.78,1123334.19,1112334.94,1118792.85,1071742.12,1149232.96,1180883.33,1030425.61,1161853.99
57635,1333963.17,1255232.83,1231220.84,1511601.09,1350585.71,1330903.77,1442169.18,1374883.73,1426884.46,1246441.28,1344713.64,1371889.43,1528939.22,1394781.22,1331627.7,1276779.19,1491009.11,1416586.73,1288598.67,1306132.07,1371260.74,1407988.96,1388690.73,1417521.54
58635,1146613.89,1076746.76,1142592.07,1248672.97,1165967.78,1091287.89,1136105.81,1118580.97,1189367.67,1319642.12,1010718.39,1191370.11,1227726.89,1171576.85,1161236.09,1134389.48,1117357.17,1142969.02,1094302.98,1165903.84,1082268.26,1239237.81,1251372.34,1149656.36
59635,943649.76,938726.2,959599.88,973793.51,938745.19,977670.92,905045.12,985652.7,933515.77,1001625.31,923678.81,895379.0,1004208.57,969698.19,1006097.75,903955.94,1023721.01,1042291.79,992796.84,891033.02,939978.58,895668.95,997119.51,877565.55
60635,1017061.03,992056.08,972681.61,1026513.87,998309.44,936442.08,1024643.86,1050151.26,980925.51,1041145.86,990315.43,1086700.27,1032263.95,1044427.26,1001004.42,938017.38,963027.44,1011755.31,1006161.68,1082848.56,1085764.78,1073535.37,1021319.82,1030442.24
61635,1314486.58,1231554.03,1149024.12,1281658.25,1205579.2,1296197.39,1255309.05,1201841.03,1261302.45,1227801.5,1257992.97,1201478.11,1268504.38,1233745.12,1273024.03,1185294.68,1207721.63,1260224.72,1119313.76,1117802.56,1252930.25,1268789.31,1067422.05,1312695.31
62635,1231217.11,1140943.22,1073383.39,1197664.37,1136632.11,1137351.41,1271546.27,1180692.55,1157788.28,1173784.17,1127577.91,1247145.46,1217112.87,1112264.69,1244352.6,1143043.75,1226441.86,1203083.44,1259495.23,1084180.91,1152677.89,1139030.67,1089236.9,1140989.67
63635,1351093.92,1539665.55,1455845.68,1515560.39,1508369.16,1562078.36,1351529.47,1425455.31,1487381.2,1390616.22,1423468.76,1495473.95,1444730.75,1383661.12,1515483.52,1430523.42,1447359.82,1340834.31,1401156.74,1483361.1,1522107.58,1324339.96,1382021.26,1462972.11
64635,617784.04,620631.55,613400.96,637968.7,601915.63,591317.76,589198.43,598220.89,598414.28,656968.9,599865.81,646156.0,598083.36,599499.09,648040.36,587447.42,600484.95,584099.78,605788.28,640741.77,597903.66,564380.66,605121.94,625137.15
65636,1755768.91,1916087.96,1887429.86,1824062.43,1832763.46,1914258.05,1842214.51,1822292.34,1818536.25,1926477.09,1794870.19,1856091.0,1626051.69,1822995.93,1795099.15,1732814.44,1805443.62,1803313.62,1867651.22,1728454.93,2015988.71,1905640.01,1786010.64,1861262.6
66636,1141585.11,1153389.41,1071483.68,1175392.25,1117062.49,1210298.48,1094988.29,1154038.81,1152073.91,1209534.89,964149.08,1051827.41,1138981.48,1181108.75,1155863.99,1170571.55,1196668.94,1101071.15,1133527.35,1178359.14,1124270.17,1135759.66,1204080.02,1107486.22
67635,1556011.83,1576210.94,1664794.7,1547877.48,1554943.61,1479579.0,1601477.48,1460797.89,1518418.42,1527574.92,1513982.95,1602647.44,1525842.24,1639571.6,1481661.75,1523032.01,1483417.31,1616098.0,1571920.93,1565721.88,1549981.63,1602961.66,1519306.45,1528599.32
68635,1025876.47,1019093.54,984385.22,1095976.43,920405.61,964462.39,833331.93,930335.68,1073518.95,995613.79,1026851.04,1051228.96,1056568.53,1100654.3,885336.43,1020705.86,969527.48,1022227.8,915141.79,1115263.33,1051185.42,1013429.08,1017871.29,1032216.28
69635,620728.07,574286.82,600412.99,710762.24,598837.64,600491.08,626542.91,600850.4,610173.69,591513.88,586737.5,600249.43,594047.16,612305.0,625197.07,579036.94,591781.16,593088.21,634453.46,604538.29,593987.14,662830.27,616537.41,598855.31
70635,543696.14,545352.95,569525.22,548118.36,524840.89,528089.25,581752.32,509119.37,581343.05,533384.02,530029.69,553951.66,550817.98,549506.13,548904.96,501386.2,555653.53,519044.89,544289.83,515372.75,567587.59,585675.03,481154.49,533303.4
71635,506642.29,498623.73,518774.91,486022.45,546420.36,513006.24,481702.68,460625.45,516000.24,512759.74,453301.99,467315.11,539223.55,510282.54,501746.86,511830.64,510319.59,493388.46,518932.64,521760.43,535483.51,481693.06,495756.91,493513.91
72635,596833.56,565850.57,598973.81,676289.28,596846.26,566092.94,572420.41,583784.63,637686.27,620545.73,565895.74,591471.26,555959.03,585709.12,575946.23,630039.0,575717.6,506003.43,576820.5,563866.91,596816.13,565199.16,575727.6,560861.44
73635,719343.98,755075.45,764413.5,722157.21,744900.53,727346.29,757980.83,786832.67,680462.3,695131.46,765905.59,773059.28,734150.5,735589.95,742099.51,772929.92,758624.07,692423.8,758849.51,785985.4,702217.46,758009.01,746710.07,720958.44
74635,1202906.49,1224858.16,1093814.31,1099075.25,1087715.65,1133976.29,1112430.96,1113951.32,1267629.71,1160011.66,1070755.84,1198903.21,1110785.39,1187901.54,1076748.38,1189141.19,1120625.82,1143315.55,1176250.96,1188470.01,1130659.72,1169106.91,1186090.16,1119710.03
75635,15782.09,16456.03,16439.42,15692.9,17754.45,16305.99,15779.81,14237.75,15895.48,15689.35,15633.0,16764.11,15752.49,16393.46,16834.71,18383.7,16604.25,15375.69,17866.93,16346.64,16372.88,14556.27,16398.08,16662.41
76635,1322726.83,1584237.5,1527025.6,1623966.66,1401132.81,1544568.13,1521753.88,1394432.82,1605706.54,1495471.6,1569212.56,1474122.24,1564940.81,1518183.25,1578494.17,1486905.48,1634924.52,1436824.06,1429045.36,1476433.47,1569313.12,1600113.59,1465402.32,1457251.21
77636,1745850.25,1842810.51,1753453.29,1789131.21,1881550.31,1720073.0,1860682.66,1768640.74,1722913.46,1723098.05,1629876.93,1837453.17,1739659.94,1756843.03,1706487.9,1801300.18,1644524.15,1849976.64,1892698.2,1784296.3,1676737.46,1880875.84,1895666.07,1677637.27
78635,1516432.03,1575618.34,1392932.64,1480012.2,1471505.19,1406378.46,1512899.82,1433039.33,1352418.05,1444265.56,1386737.94,1571825.56,1522402.04,1406327.74,1473554.46,1404763.65,1387557.41,1441934.38,1426145.87,1481896.84,1542310.54,1391129.09,1338746.98,1524413.74
79635,1448684.39,1513340.65,1421348.07,1451483.96,1299209.68,1495099.41,1595962.13,1557024.5,1533031.4,1609497.26,1361586.9,1391197.39,1412014.32,1434299.1,1511995.15,1435803.31,1418881.73,1478340.89,1505325.8,1347202.37,1511537.03,1513422.53,1340959.32,1547958.23
80635,1183565.0,1233968.99,1227899.35,1182639.77,1165527.18,1222134.86,1215827.7,1115174.95,1163282.9,1224256.41,1178272.68,1283656.04,1063525.32,1179455.3,1147864.32,1173192.63,1209051.77,1278534.11,1144239.45,1182153.18,1233345.46,1157253.81,1210526.44,1209085.47
81635,1162284.74,1147971.64,1118452.6,1060729.66,1183362.78,1158156.76,1043353.81,1040959.91,993174.65,1037940.03,1074143.6,1062649.15,1010954.29,1090200.35,1085817.66,1102302.7,1002973.51,1092995.46,1169867.63,1182676.57,1138204.93,1109140.7,1044711.62,1116020.1
82635,992789.12,1080377.93,1053555.79,1142825.08,1022520.11,1064804.76,1082946.45,1099744.66,984506.07,1096679.81,1130983.41,1071705.31,1083374.59,1130569.01,1210722.69,1139889.45,1103531.88,1118702.8,1040925.14,1082709.05,1074150.19,1184347.68,1093654.56,1047176.49
83635,1342289.8,1359945.52,1325868.87,1247090.49,1429212.06,1144427.55,1306517.86,1388304.98,1448386.93,1252700.08,1254015.06,1351974.81,1348756.14,1412324.97,1132129.14,1386041.16,1411325.61,1416329.42,1346844.45,1313428.93,1263527.9,1424072.74,1343089.63,1323449.44
84635,1572334.59,1389449.22,1645998.89,1564865.67,1570624.17,1501951.68,1429067.1,1542674.52,1443577.73,1512223.9,1546932.91,1605666.34,1590930.65,1627279.16,1393750.68,1529321.18,1499059.14,1400617.81,1557620.17,1500895.59,1517087.7,1543433.76,1556931.13,1531078.98
85635,1504169.08,1706981.49,1543681.8,1571346.74,1577071.14,1365267.44,1510462.91,1395718.09,1572197.73,1519347.38,1640078.91,1565030.73,1369375.15,1623922.68,1444868.55,1582054.58,1527254.59,1454093.56,1578985.9,1527077.56,1656969.86,1460268.35,1430668.92,1548118.27
86635,1338287.49,1286006.65,1379603.1,1349011.41,1321787.42,1369501.79,1435276.16,1341689.32,1354714.26,1389956.01,1236121.57,1373990.83,1224307.67,1174484.99,1289035.88,1442075.21,1300659.8,1357294.56,1242635.53,1282675.2,1235185.53,1357739.06,1362860.65,1326744.04
87636,1287391.68,1518898.3,1394661.98,1522654.41,1420702.67,1385329.8,1504152.43,1382315.5,1467827.6,1348465.68,1263709.21,1309894.49,1468929.48,1484876.21,1418800.85,1388174.17,1395397.62,1367031.64,1302361.64,1398492.95,1530080.3,1313346.28,1412673.05,1488782.16
88635,1617596.12,1497410.37,1454882.4,1440232.03,1547549.13,1478571.39,1487833.38,1468495.9,1538495.13,1432264.89,1581465.51,1543877.9,1528334.44,1560636.75,1578323.66,1519927.8,1503588.83,1573357.99,1600872.62,1535965.43,1348753.29,1613131.49,1642507.01,1566556.31
89636,1466929.72,1434161.15,1464489.58,1490101.13,1482159.46,1471658.79,1510424.08,1488026.67,1365037.88,1422786.98,1643980.04,1381591.1,1363326.02,1535290.12,1495453.1,1614490.74,1508706.73,1522275.43,1635244.29,1442734.14,1514013.67,1355624.47,1434813.35,1488902.48
90635,1770627.15,1724082.68,1719524.58,1586138.19,1722536.9,1670160.69,1523676.56,1797283.09,1672428.02,1649148.99,1875248.01,1684518.96,1647448.09,1673034.01,1832022.69,1730775.05,1752037.51,1770091.79,1553485.56,1699169.44,1843757.42,1747760.59,1695686.32,1619181.12
91636,1338024.79,1315601.58,1330182.63,1367660.75,1196677.29,1222793.35,1400334.53,1489706.17,1255030.53,1293363.92,1457379.26,1412593.54,1368470.54,1519216.74,1323591.59,1501334.43,1436125.56,1456692.65,1376364.73,1314806.77,1400509.07,1382622.74,1264320.27,1401448.99
92635,1093215.65,1127093.46,1141291.53,1309013.29,1105303.18,1217240.74,1175415.66,1157312.55,1135449.43,1183110.4,1173277.84,1164743.45,1115467.24,1195407.98,1192585.41,1320222.84,1217407.12,1241571.47,1134517.23,1137061.17,1173100.49,1305862.53,1172013.23,1061036.03
93635,1484275.8,1316689.34,1448875.46,1493366.78,1505143.03,1375564.71,1544104.52,1469950.11,1395363.58,1459819.67,1488645.22,1465371.54,1479091.24,1649741.51,1455231.79,1442212.86,1471940.08,1427579.45,1382014.83,1315327.2,1609880.05,1582137.35,1572190.37,1325947.39
94635,1322770.01,1466765.47,1345284.83,1398761.17,1494040.87,1284002.56,1341414.99,1476204.2,1316199.93,1362392.34,1421281.75,1442969.27,1307572.66,1335882.69,1197095.26,1425883.98,1271392.58,1347554.25,1351445.61,1275124.78,1330398.57,1615942.07,1389151.69,1426577.46
95635,1434971.07,1584053.49,1476517.59,1625543.53,1574517.1,1394542.1,1470863.89,1412187.9,1516101.72,1573342.11,1412520.62,1683912.45,1474923.52,1571500.9,1468983.2,1498984.95,1522314.82,1455691.1,1645697.29,1534976.69,1297871.07,1613076.33,1414242.81,1589813.74
96636,1241752.55,1241198.53,1233710.01,1231881.44,1256805.92,1337464.68,1291894.3,1198661.68,1203684.3,1368104.43,1416104.61,1299869.66,1266662.07,1151996.39,1231865.71,1236379.74,1316215.51,1175870.24,1212944.16,1355859.74,1248874.1,1208997.01,1317218.07,1167265.21
97636,1507310.73,1435221.65,1496359.53,1372254.91,1334754.28,1586252.91,1433630.06,1354361.71,1409112.49,1347430.77,1488892.23,1515134.88,1438570.52,1433837.09,1344011.59,1496262.46,1355414.96,1458193.55,1458428.89,1577414.41,1636099.55,1423322.82,1550227.8,1414961.82
98636,1328952.3,1354595.96,1411060.87,1319015.13,1279963.52,1334445.89,1359438.41,1155037.36,1179948.47,1233145.82,1289733.85,1405010.87,1335763.7,1137123.09,1291355.25,1266313.01,1245992.97,1243651.21,1268889.45,1252849.14,1231119.52,1285038.89,1358058.38,1263234.09
99635,1468324.86,1429949.54,1352594.97,1280540.62,1337249.14,1493104.77,1390672.93,1453439.81,1414569.09,1333724.46,1356841.04,1256131.07,1402503.31,1320962.47,1436228.4,1269120.21,1312461.55,1346116.17,1390209.33,1358557.05,1352979.76,1360598.07,1449884.99,1489319.08
100635,1430997.6,1485471.37,1376346.61,1464052.13,1479714.58,1554710.83,1524831.9,1526815.94,1556794.01,1411905.6,1459701.94,1330569.33,1612581.53,1422811.4,1403122.94,1429717.18,1548626.75,1326875.11,1511113.34,1582726.2,1387461.22,1373742.19,1387295.91,1402680.5
101636,1335482.38,1313479.4,1352020.45,1287715.12,1274215.8,1283444.29,1309536.01,1282931.2,1299131.45,1268667.78,1268615.49,1264743.27,1181790.95,1304343.34,1255937.23,1299474.66,1294332.08,1227351.38,1315150.18,1273399.91,1384273.92,1328719.66,1400658.8,1407824.59
102635,1383152.24,1324936.35,1348062.07,1224421.24,1289288.61,1328948.36,1250670.48,1255178.1,1278294.67,1227504.2,1150675.66,1299185.23,1261284.31,1361998.91,1244083.58,1297604.16,1326100.01,1214274.65,1395970.44,1365261.86,1265300.52,1450074.36,1449480.84,1394265.93
103635,1579131.51,1373606.61,1333630.8,1603949.26,1305548.63,1474793.05,1436481.89,1461325.09,1551684.3,1414052.46,1484863.77,1423255.15,1521101.17,1469741.31,1433750.55,1231109.08,1509796.22,1466061.21,1449036.38,1328019.72,1396035.6,1433028.91,1451622.92,1374158.2
104635,1456827.79,1541290.38,1481684.28,1385204.57,1468890.17,1506855.27,1527572.0,1438398.13,1626921.19,1504482.6,1482043.51,1601718.41,1556931.97,1423014.78,1523190.39,1491328.48,1501932.28,1495340.77,1479309.74,1441801.38,1516132.83,1413114.03,1387913.17,1609441.76
105635,1581048.06,1661356.57,1630262.95,1694093.32,1704299.16,1524016.7,1583881.49,1582398.0,1688348.93,1514019.86,1562621.69,1519961.12,1551832.25,1542320.72,1606376.04,1606795.35,1520353.58,1524730.16,1547745.66,1611377.18,1692118.15,1567004.65,1501371.81,1578913.7
106635,1324833.52,1272455.44,1281012.44,1324539.25,1259590.74,1213509.45,1325379.19,1204088.24,1335282.36,1236789.38,1306389.13,1272876.6,1228684.74,1215309.15,1089712.33,1250512.49,1251726.41,1323773.37,1143393.4,1331929.59,1316329.11,1222014.37,1131555.11,1328430.69
107635,1299827.14,1420325.61,1256107.0,1410226.35,1308733.71,1405867.05,1301957.78,1277980.92,1376295.62,1222123.49,1427844.47,1277638.44,1267034.26,1244165.54,1243475.87,1340281.99,1357641.81,1290792.88,1350345.76,1336901.77,1320335.4,1210283.31,1443661.82,1187720.99
108636,1158154.71,1216198.02,1195585.54,1076366.11,1196728.11,1256375.6,1201542.43,1180444.62,1133282.47,1112333.91,1157066.32,1147863.37,1091908.04,1133818.61,1232790.42,1147024.68,1186456.27,1136250.26,1101160.4,1079428.63,1208029.66,1101030.01,1147179.67,1114451.96
109635,1038390.88,1002476.55,1045526.94,1050222.03,985440.59,985479.55,1012685.68,923496.98,1037539.83,1008496.05,979770.28,1008912.57,1042905.74,930562.7,962695.41,1096706.53,981527.39,1040023.38,973675.25,1034796.9,1016568.09,958803.76,1002315.9,1027930.18
110635,1027621.96,996302.32,1039880.57,1011902.72,1020266.27,1027410.72,1005478.55,909782.66,999554.24,922414.08,872092.62,1024350.02,978931.71,1015032.66,1035675.33,921720.03,970912.69,964459.55,937831.0,1004276.18,991826.22,983125.81,930440.24,943282.01
111635,1222253.5,1257304.72,1257953.77,1204420.76,1213283.55,1192630.72,1254088.59,1228761.11,1236097.5,1149850.51,1178538.08,1223323.05,1225441.44,1233809.08,1270600.47,1230246.39,1168459.38,1294162.76,1285288.32,1290812.91,1122820.25,1317856.47,1181065.7,1238418.2
112635,990939.41,1023300.2,1052965.01,1000763.23,1133241.33,1045962.56,998020.23,1203526.4,1134459.45,1036774.9,999588.4,992870.17,1045558.6,1049074.02,1044102.15,1041666.6,959194.9,1029839.89,1096085.98,1033360.11,1075458.25,967362.88,1122297.03,939762.8
113636,1073532.41,1036985.15,1163533.35,1092536.63,1144454.77,1069232.41,1119867.48,1080456.51,1059161.23,1041872.61,1104685.76,1198323.53,1110796.76,1121247.31,1107174.08,1134646.77,1076535.47,1126052.85,1131399.21,1118186.01,1072140.12,1138964.16,1079940.01,1079143.93
114636,1031153.81,1076936.16,1004136.7,1045322.93,1085706.71,1039748.8,1126254.11,1055027.81,1067745.54,1009971.06,1102867.17,990425.76,1034523.95,1067438.26,1054195.79,964392.04,995136.33,910464.57,1009951.77,1041987.38,985327.76,1088159.54,1134716.74,969351.69
115636,1341767.42,1183462.02,1222601.83,1254031.92,1331602.9,1307519.35,1258716.4,1401526.0,1398485.99,1351487.68,1299254.22,1313439.75,1250275.28,1243499.16,1314581.61,1407790.43,1248745.0,1211167.24,1261746.18,1240026.11,1158684.26,1365091.08,1264669.95,1290172.61
116635,1282517.73,1150644.27,1253185.51,1192188.35,1170987.73,1243919.78,1105519.63,1099259.41,990308.77,1119896.32,1223957.13,1226961.16,1121249.01,1177373.52,1219727.12,1260275.83,1170191.65,1194292.28,1266383.05,1106560.46,1173792.86,1194885.52,1162596.58,1197591.0
117635,913298.49,924145.84,966687.99,859135.49,1000837.16,1063406.32,958564.23,843797.43,946557.1,998737.55,1001612.02,962913.23,1036405.55,995985.99,953585.96,884173.39,938670.8,975247.05,1009269.95,994635.43,1101385.04,939681.08,962945.67,1004785.7
118635,1084788.61,1126868.92,1035288.54,1088675.5,1018973.87,1106588.76,1082431.46,1080690.98,1186080.9,1171971.24,1129095.48,1220595.71,1125115.11,1139308.37,1197825.67,1173430.86,1053126.26,1179002.61,1161894.79,1083256.6,1237602.23,1129802.06,1121388.95,1085429.1
119635,805542.06,1016140.48,900138.05,877911.42,901340.34,1005061.16,949276.25,932020.97,941293.54,909617.63,1016259.09,886701.06,962716.9,949589.27,932698.87,983115.5,926555.43,836543.95,952918.13,902753.43,929285.26,942228.14,901361.2,945566.96
120635,1153485.22,1169956.33,1148263.71,1214258.51,1207466.78,1167429.74,1236474.14,1176449.02,1177627.59,1173388.14,1237428.54,1200629.24,1094961.19,1174143.69,1172957.03,1149104.77,1037690.22,1149088.77,1143249.6,1189326.86,1247821.98,1227784.06,1075272.17,1153994.41
121635,1086265.45,1026365.18,1059381.43,1046546.91,1110544.34,1049330.52,1174006.7,1119204.91,1076831.45,1021775.22,1071716.7,1194213.79,1155328.86,1082613.81,1135284.85,1137310.76,1176259.07,1114364.67,1035822.12,1143368.69,1062452.4,1022008.38,1159349.86,1033874.73
122635,1290895.35,1191400.02,1272140.51,1196280.3,1272931.82,1172536.09,1290641.18,1176708.36,1315868.66,1224758.02,1288463.53,1220734.34,1177601.13,1302763.97,1236551.92,1315814.35,1232342.8,1262321.72,1225309.18,1310150.01,1232801.28,1263458.3,1212572.87,1275514.24
123635,1395969.22,1215772.23,1511748.09,1335006.82,1366161.85,1255307.49,1339199.87,1279233.57,1337848.1,1290010.36,1399947.77,1306069.72,1389220.78,1291832.41,1348640.59,1341002.66,1289471.11,1410749.25,1268748.08,1493726.51,1290644.54,1383741.0,1348767.71,1330299.77
124635,1040000.26,962664.9,919690.87,1028974.58,896300.05,988473.04,990550.05,978981.77,899497.55,945097.9,903990.48,851520.69,951243.92,1022946.0,864951.22,1019820.57,919878.2,892737.32,941770.92,956382.38,940620.71,975062.07,860229.82,1001549.15
125636,1233468.42,1251978.7,1202995.43,1222298.03,1308035.93,1269258.51,1103279.28,1136426.69,1167217.95,1156144.71,1164944.27,1172647.72,1126410.12,1195275.28,1206627.96,1217324.08,1287499.57,1155669.24,1062420.53,1195277.8,1202350.72,1158271.58,1200747.04,1185198.61
126636,1373034.96,1306416.68,1310796.16,1349097.17,1314782.2,1269727.04,1243781.06,1280440.07,1239136.78,1306291.99,1297839.44,1144906.5,1279245.69,1327386.32,1331755.53,1380524.03,1274252.41,1314054.5,1233091.87,1246591.05,1256207.47,1319974.04,1209530.21,1184702.23
127635,1117230.45,1273366.33,1234789.5,1318826.35,1337161.58,1341198.1,1250473.85,1320757.7,1321226.47,1340822.31,1296091.19,1226108.58,1261465.94,1282816.13,1278852.92,1373592.31,1223005.41,1382671.95,1316253.47,1361996.47,1405018.74,1351957.88,1323704.88,1227598.92
128635,1311286.32,1305002.53,1420780.84,1364963.76,1478394.05,1297988.17,1341692.7,1377181.25,1349855.32,1234386.33,1291223.06,1435253.74,1419965.36,1390411.66,1279006.72,1325187.3,1371775.9,1296182.49,1367230.28,1362602.45,1349490.56,1288067.3,1335881.45,1294822.64
129635,1320605.24,1235838.3,1280313.24,1265485.49,1277237.51,1317485.68,1372633.67,1341960.74,1307438.75,1233428.2,1285535.82,1348301.45,1298780.37,1380484.18,1289580.15,1344453.69,1398100.72,1189243.06,1291689.88,1260544.18,1359825.7,1327082.99,1406523.74,1274712.68
130636,1410416.16,1307377.92,1417087.47,1408725.7,1421178.0,1363035.9,1350096.8,1409455.37,1493584.56,1284915.67,1465881.25,1279602.33,1319459.09,1332461.23,1358334.4,1483733.73,1479252.53,1380395.56,1450380.84,1312182.49,1453517.29,1420821.64,1339164.65,1380294.32
131636,1307651.36,1225864.45,1229668.4,1343096.87,1267187.39,1294167.67,1356119.82,1474317.86,1279802.72,1352587.94,1296557.37,1360521.24,1271806.06,1272080.38,1448667.32,1387574.56,1367516.15,1223421.88,1303426.6,1229598.47,1394681.2,1400751.86,1378615.13,1364236.96
132635,1467575.05,1466756.7,1488822.98,1392614.93,1561736.75,1408653.69,1326597.37,1526723.7,1521764.9,1493417.44,1310520.33,1371371.21,1367627.21,1514871.77,1407688.58,1360650.54,1528401.19,1433528.87,1412785.15,1464421.8,1515008.99,1484707.58,1544153.78,1529797.36
133635,1672806.16,1658687.33,1764608.28,1647712.62,1634478.88,1652866.14,1633475.59,1698950.06,1722182.69,1591465.58,1544883.64,1635855.74,1691054.33,1604384.11,1577964.71,1687454.73,1705821.52,1580106.87,1645239.83,1553081.08,1698800.71,1633160.47,1764605.97,1632038.06
134635,1421192.47,1296240.52,1484667.95,1445978.36,1345946.55,1456286.11,1467303.09,1388677.75,1377201.83,1281135.11,1363588.26,1267402.87,1438370.01,1411554.44,1418612.74,1363440.3,1328745.76,1362178.83,1389934.65,1533272.93,1376047.82,1461912.38,1382113.41,1374282.21
135635,1386467.78,1376896.67,1436343.48,1376865.78,1406891.6,1496775.54,1359413.96,1428634.66,1382815.33,1429304.79,1416743.87,1422303.27,1334299.59,1452132.62,1384509.19,1394062.48,1431459.46,1412319.44,1380866.81,1290810.2,1535434.01,1414171.89,1435002.11,1398492.51
136635,1254524.28,1248133.14,1149280.24,1204988.0,1171705.85,1168516.6,1352183.3,1227905.34,1237596.19,1256460.46,1249413.3,1252689.03,1238718.74,1336891.87,1155779.75,1428987.44,1260477.82,1217150.82,1185389.83,1340911.35,1250730.11,1376284.97,1212874.76,1221778.07
137635,1206003.42,1217359.43,1156228.6,1178900.3,1114841.6,1123792.3,1263358.92,1293327.89,1217337.92,1136282.67,1233409.16,1288349.08,1104282.13,1183701.06,1199168.34,1251433.84,1155339.84,1199308.77,1297945.25,1170238.96,1188473.74,1194020.49,1222350.39,1230396.95
138644,777730.16,774379.4,765546.21,801578.25,811833.1,805290.34,780848.69,825786.0,783866.9,825136.54,757082.62,756514.97,681030.91,773316.18,785855.7,894712.89,764521.77,772980.62,763740.82,761235.5,764201.45,824480.64,772744.63,800312.88
139635,1329559.17,1313788.68,1383513.96,1403278.7,1377866.56,1371818.73,1405410.83,1344510.45,1359302.77,1307190.75,1482895.0,1456104.36,1550350.58,1371256.12,1448594.66,1404347.8,1446859.22,1344433.06,1344542.36,1444000.62,1401764.34,1455495.13,1321845.21,1403527.98
140635,320804.36,299574.63,321385.25,301248.94,314522.93,329232.38,286116.05,306379.53,301830.36,283426.29,309051.79,305307.77,309874.0,287444.59,301470.53,293419.71,299714.95,302613.64,323233.0,317749.97,295480.81,295338.42,278888.0,273018.43
141635,1775644.92,2054475.27,1927174.54,1960781.25,1751563.85,1940066.14,1829491.7,2045921.65,2045636.88,1995338.9,1808274.78,1991207.77,2073859.32,2052612.65,1963918.03,1791932.86,2069287.29,1896876.12,2017703.47,1840832.79,2078822.97,2042590.95,1803695.2,1939532.67
142635,1280856.76,1283143.5,1308264.33,1242211.68,1269217.58,1273805.32,1304044.15,1241274.72,1271438.38,1324503.05,1220228.22,1273704.6,1355409.29,1329076.12,1245448.22,1299255.37,1326759.56,1196943.32,1281183.92,1249691.09,1297749.84,1312180.9,1307271.41,1285911.78
143635,1481707.99,1427614.44,1395264.77,1349293.62,1280828.08,1294932.75,1328548.54,1434357.55,1474927.22,1354851.67,1440190.62,1287213.09,1322822.81,1439206.77,1373808.5,1326660.77,1460710.13,1372657.1,1300782.75,1490361.22,1457617.32,1525187.91,1477778.62,1406084.98
144636,1416457.82,1348933.93,1288454.73,1475723.6,1399961.14,1390829.46,1396249.45,1368899.27,1449885.8,1349120.01,1306481.8,1337450.09,1273251.14,1318717.77,1412059.59,1395625.59,1427448.33,1311340.4,1394923.78,1372949.4,1319430.11,1428097.96,1192935.43,1298891.81
145635,1435964.67,1364914.68,1345720.0,1466449.48,1234277.31,1461147.86,1353383.0,1437236.0,1330862.98,1378268.8,1383815.32,1378358.15,1473841.54,1549803.43,1414678.27,1449227.2,1384105.84,1527175.45,1473320.91,1401069.94,1472662.38,1393298.18,1485425.06,1439846.97
146635,1395001.26,1451187.21,1490969.63,1511555.11,1414428.4,1421741.09,1516440.27,1485946.96,1436979.58,1511030.68,1604519.31,1372878.42,1446020.89,1477372.02,1487370.03,1464397.59,1500044.72,1388279.97,1412313.21,1367132.98,1380353.17,1481345.7,1415965.81,1408120.02
147636,1409910.64,1447758.62,1403048.38,1329286.41,1367599.06,1286321.92,1257675.89,1388221.23,1403427.81,1349968.58,1354071.11,1385341.55,1401664.45,1403054.16,1481407.11,1303432.36,1335730.29,1415140.61,1339855.4,1257380.65,1316019.22,1507451.19,1394390.59,1383216.16
148636,1404570.58,1497730.29,1336810.33,1287758.24,1358462.13,1516459.11,1432618.7,1268230.03,1408781.38,1367945.52,1375707.04,1431992.88,1379373.77,1490728.13,1317583.57,1388303.76,1264547.73,1363395.26,1268904.1,1438980.61,1402121.56,1488023.27,1446830.72,1496368.27
149635,1290903.21,1262999.85,1259445.1,1252609.81,1249820.12,1139910.16,1156130.76,1344651.58,1386654.33,1240677.78,1410854.67,1268133.63,1310804.84,1210141.09,1259955.14,1303213.36,1338324.11,1363763.34,1234846.51,1293318.17,1319848.62,1283184.56,1283261.42,1247438.71
150636,1472682.89,1609585.5,1512493.85,1535698.61,1450047.63,1498445.37,1468067.41,1503419.7,1545400.83,1489394.94,1515264.83,1571117.67,1489314.95,1504486.82,1488861.38,1614410.45,1447011.35,1431012.82,1373687.4,1534408.25,1504866.28,1474680.08,1513334.65,1603105.76
151635,1480839.16,1485695.67,1492087.44,1551042.92,1398189.71,1562091.13,1524426.37,1556039.98,1579169.04,1434524.95,1455901.79,1454787.42,1501643.91,1403895.2,1468876.41,1501238.7,1598472.78,1649023.5,1447130.0,1423408.02,1351900.66,1431720.96,1511869.48,1569225.78
152635,1079672.0,1124993.74,1089816.97,1089143.78,1130855.11,1141757.8,1169967.59,1193083.77,1021642.23,1125611.8,1107993.2,1109491.75,1092076.16,1111354.99,1144398.75,1148309.68,1146200.66,1150660.76,1125784.67,1118558.09,1127913.75,1114311.9,1131233.0,1060638.93
153635,1026463.06,979684.8,1147455.96,988764.37,955119.49,1099762.87,1032194.62,1097963.27,1044635.96,1001978.5,998973.62,1028572.11,1097253.78,984338.66,1010595.96,1029091.97,1058317.72,1028905.29,1047644.62,1000242.78,1026314.98,1058663.36,1106602.55,1133356.85
154635,1617646.74,1412877.17,1497886.98,1407598.02,1580311.53,1425204.13,1513782.66,1493122.7,1367626.77,1438664.78,1504277.45,1593141.04,1405169.38,1423817.24,1534609.67,1514410.0,1404369.49,1581069.93,1486732.92,1292058.66,1649704.73,1333443.53,1461627.93,1515562.48
155636,1485244.81,1432789.27,1443659.24,1299054.24,1480304.75,1387822.34,1394190.19,1383412.98,1493889.22,1375718.33,1516472.75,1307836.99,1399187.22,1542215.1,1510186.16,1340390.21,1470640.29,1460479.89,1429705.18,1411583.62,1403704.82,1271921.52,1416365.82,1322712.78
156635,1087508.45,1221710.0,1135560.46,1200590.58,1161675.7,1201856.02,1153011.89,1125865.05,1318622.45,1312561.81,1093586.05,1286519.63,1271987.14,1216936.04,1252836.05,1198965.21,1180991.33,1226332.67,1306850.8,1089487.66,1264131.75,1107402.97,1181545.2,1203162.62
157635,1311855.01,1369054.06,1199484.38,1232380.64,1219344.62,1385419.76,1168435.04,1298308.26,1199976.82,1302769.99,1378300.71,1293360.8,1254369.62,1296479.53,1241654.63,1309895.38,1220022.38,1346998.92,1262335.19,1298785.93,1383154.45,1274413.41,1314712.72,1504858.85
158635,1498198.55,1375603.25,1451155.52,1488305.97,1321114.26,1356036.71,1345349.83,1500781.5,1456844.5,1359187.7,1390211.08,1319340.88,1328191.26,1413704.07,1345849.45,1338497.4,1288774.83,1384869.94,1300840.41,1452378.55,1300416.72,1400376.95,1437942.86,1391235.06
159636,1132438.25,1259717.76,1178229.3,1360198.11,1246006.66,1285748.38,1307218.01,1212407.91,1353236.65,1241126.41,1234744.03,1235429.76,1298561.8,1207674.8,1294222.88,1372730.23,1263402.52,1323352.95,1261976.74,1269793.94,1251513.31,1314481.21,1273206.3,1269516.65
160635,322855.27,356835.37,311282.19,342099.34,348942.46,348958.51,336343.6,368364.34,345018.26,341356.2,341177.58,360829.29,366026.69,366761.43,363914.8,353391.27,339869.21,360804.17,315590.79,348431.63,348589.4,366753.21,365185.74,348679.77
161635,1521821.47,1420020.11,1525569.3,1628551.84,1540620.08,1626904.43,1604963.92,1542785.8,1498022.42,1473963.22,1501384.48,1585133.57,1585825.68,1554399.61,1429333.02,1488376.06,1583240.19,1591965.34,1600103.02,1452690.37,1514673.38,1418337.17,1461708.54,1637969.68
162636,2187268.05,2026429.42,2324594.3,2116886.42,2159733.11,2148509.44,1894768.31,2162979.38,2420293.94,2189245.05,2003261.29,2245183.96,2180328.87,2161974.63,2022595.72,2246596.33,2307336.46,2041453.48,2070426.0,2047666.83,2265488.32,2149727.23,2004933.58,2279606.74
163635,1230433.16,1074404.04,1078062.36,1168297.24,1163938.96,1058611.31,1134798.22,1143214.22,1097169.11,1070736.72,1131676.82,1156579.59,1042914.58,1221910.34,1027157.43,1110986.77,1029210.64,1091657.82,1091966.89,1080109.47,1128308.29,1188392.12,1176822.28,1089629.08
164635,1474763.47,1606829.01,1603960.49,1637277.74,1518150.95,1560432.67,1563185.49,1619012.88,1573523.41,1558850.91,1532122.9,1482513.14,1606574.08,1551464.65,1489897.97,1409646.28,1534204.46,1510237.41,1527623.52,1519601.51,1669311.09,1540059.44,1481548.46,1733169.2
165636,1259791.46,1345701.89,1341927.67,1293858.0,1332113.43,1271475.58,1338377.47,1284175.99,1335367.93,1365559.86,1283020.6,1350582.84,1397462.96,1274662.06,1348768.15,1255721.9,1341329.35,1345089.25,1274931.75,1289664.33,1249798.0,1247723.93,1261754.96,1235715.24
166635,1697826.53,1459869.53,1646971.94,1567862.23,1524607.04,1730261.59,1438774.64,1625908.62,1536110.01,1626194.01,1559809.34,1557486.29,1656817.71,1703846.45,1691704.22,1604081.66,1719614.96,1551383.31,1657365.07,1620038.76,1662460.9,1655104.17,1654948.89,1812037.59
167635,1249196.39,1206535.13,1220980.64,1167599.78,1219514.34,1316497.92,1293150.71,1291399.27,1264851.25,1258398.9,1237892.96,1141444.92,1385084.17,1280020.51,1213964.55,1283727.3,1328636.47,1150747.27,1215771.63,1262196.82,1157712.98,1185328.72,1222302.12,1106385.74
168635,1191551.49,1160995.5,1229367.27,1143377.91,1107950.16,1229632.68,1200628.3,1199726.91,1243187.36,1193416.93,1149918.15,1115304.47,1159754.6,1309867.28,1223734.38,1131575.3,1170043.94,1143474.16,1177977.59,1262969.06,1161928.8,1169257.04,1191219.77,1145329.7
169635,1377261.71,1358132.69,1371024.54,1245853.63,1251377.91,1485393.14,1430780.82,1296243.79,1412755.75,1283469.95,1291712.11,1301185.42,1414198.7,1400085.3,1317905.33,1345410.13,1321882.21,1377050.49,1242198.85,1369031.6,1439694.77,1435485.5,1272952.11,1313781.4
170635,1223931.63,1149018.11,1156634.84,1098799.34,1274317.69,1152218.88,1242376.81,1212561.68,1157232.77,1299040.76,1234550.06,1201004.74,1313854.87,1189403.1,1219207.06,1195843.18,1252999.18,1232111.0,1262723.98,1336998.22,1084323.11,1185744.35,1279753.39,1160719.84
171635,2349251.12,2311295.54,2255073.55,2390398.86,2250262.04,2652951.74,2486389.77,2201560.85,2207896.72,2482300.85,2395038.89,2340227.55,2530098.73,2423127.29,2287831.5,2383170.3,2432432.19,2235326.29,2271121.72,2397749.85,2561643.01,2163335.74,2314480.79,2560360.08
172636,1443044.15,1317786.66,1428262.68,1515382.24,1543439.97,1511631.0,1459575.63,1405287.47,1396473.6,1372116.46,1441562.21,1306260.66,1325073.5,1599781.3,1225922.6,1439206.07,1444979.37,1319428.65,1395754.56,1390830.6,1401691.03,1366015.59,1496295.52,1352662.84
173635,1229168.22,1191431.01,1343251.94,1189810.35,1273289.87,1144034.38,1378906.59,1167950.42,1217393.37,1343056.44,1182107.66,1214764.41,1325569.87,1196321.92,1326600.58,1290067.76,1210812.42,1311566.61,1166677.31,1198552.01,1251448.45,1296724.67,1263331.4,1225865.23
174635,1302686.43,1224152.65,1141812.41,1293334.29,1051582.38,1165814.4,1049644.83,1109958.4,1146040.87,1086843.69,1137972.51,1164697.15,1229536.93,1214675.04,1219134.59,1223852.89,1036188.83,1120782.93,1157367.9,1240133.65,1140778.0,1231810.81,1102694.64,1049419.72
