0,0.0,0.0,0.0,0.0,0.0,0.0,0.0,0.0,0.0,0.0,0.0,0.0,0.0,0.0,0.0,0.0,0.0,0.0,0.0,0.0,0.0,0.0,0.0,0.0
36,544570.51,556750.76,626637.14,609506.38,573767.02,577670.54,576623.07,535004.22,533169.11,603681.84,585135.31,598080.66,603921.06,554184.48,598830.49,587539.73,526868.24,597425.89,575981.45,568917.13,532214.49,547982.87,608525.62,575181.03
1036,813910.24,825783.8,777841.59,776573.65,780252.43,844868.95,827827.44,862471.73,809833.45,825168.67,759932.54,805646.79,762845.42,696394.75,852427.93,833962.26,794270.2,842534.58,778195.97,789966.46,777334.67,793671.15,793031.27,767805.84
2036,523545.61,548907.96,547315.91,560506.84,566169.09,604750.17,522162.2,614279.59,548594.61,554567.71,553944.29,584642.9,549988.7,588157.83,595420.75,579071.73,486493.83,568037.77,553419.1,556885.75,555564.59,567934.99,550845.31,569754.67
3036,830881.11,860605.27,816131.52,930254.25,789784.99,831117.84,856103.68,768368.27,833525.75,769806.98,772175.25,761554.42,827890.49,829119.27,807827.38,827294.34,827437.14,795713.35,803286.02,813013.73,760537.41,794302.79,842238.75,875910.39
4036,610678.78,611897.21,661089.95,652922.37,635250.14,590804.22,613959.67,619503.08,654712.16,697382.17,606914.96,693398.77,650058.83,675234.35,682083.03,717408.54,629172.64,679867.29,676995.99,676343.12,647824.51,641937.47,687717.33,658290.0
5035,741355.67,810196.58,857331.62,825536.0,842841.27,808301.18,840020.77,815270.92,805460.34,835771.85,826884.23,888934.53,745106.73,869849.78,852628.31,772887.84,889638.41,833295.72,805615.41,830600.07,821376.26,798759.93,915126.88,853354.18
6035,643021.43,673720.81,745856.53,700410.22,710760.91,734416.85,641731.13,633698.01,695295.71,635416.9,653031.66,726177.45,671415.83,717134.35,713679.82,643971.2,705876.33,726753.13,726867.49,711312.16,663805.66,673128.13,696705.25,680009.39
7035,689691.89,713509.54,767228.3,667585.31,723158.73,783755.56,732959.59,709622.39,670719.13,672539.76,683870.73,688251.68,704881.45,721290.72,737730.41,749258.33,733817.2,741495.17,773196.03,702754.69,770072.39,815611.47,707247.69,707900.73
8036,689028.84,669879.7,679758.53,692354.89,703736.13,644155.85,645422.48,613238.94,722629.04,644912.77,649539.06,682795.14,662176.29,646238.66,674291.58,687730.97,654056.16,676839.99,667008.56,697187.59,685331.51,686736.01,683544.74,616359.52
9036,671828.18,653236.56,696631.12,746898.95,700822.54,715126.86,686057.58,680191.42,756209.79,688516.39,741121.32,708672.93,714310.22,680976.9,732468.54,769812.72,726742.66,697439.14,643536.94,753522.85,677103.0,692403.91,708143.71,736595.5
10035,945337.1,1039243.83,1029019.29,1109280.26,988555.4,983480.33,1014368.54,1083026.75,1007842.18,1081883.49,1092863.78,1008010.27,1070839.17,1080928.6,989856.37,1090154.43,1002522.46,970038.22,1022058.79,1073992.48,1025770.59,943157.41,968927.82,1038007.49
11036,896221.9,895242.02,1038648.79,821421.48,854462.88,993550.78,897770.77,921878.43,936373.72,975890.62,912745.66,877883.47,947961.39,842339.13,908147.0,878220.29,880157.41,800084.39,842986.35,909704.69,909119.57,914240.46,804868.62,897542.36
12035,767280.51,759161.2,772056.56,753143.5,741444.12,766341.64,774383.53,734858.6,805000.84,777465.38,745675.64,828992.1,743900.74,755543.27,730088.62,911491.83,780185.59,719916.13,742971.29,722246.19,777613.49,781524.63,786410.31,772083.9
13035,713396.55,781663.7,806547.37,753403.49,828594.22,813417.95,731808.82,840535.13,810335.97,834905.8,724576.48,789683.87,821640.64,825709.4,720557.59,791475.84,745970.05,834567.94,751898.06,803469.98,897290.95,787211.25,828194.76,789760.63
14035,764991.78,786927.36,712163.04,778525.66,803399.6,741757.31,763511.97,767194.07,791272.19,815605.38,745999.35,829036.22,741572.71,786491.81,779322.2,782067.86,746834.71,747487.31,760289.06,734853.75,726498.0,811708.33,781404.68,809428.34
15035,665766.69,641741.96,639986.54,593966.29,691205.38,677377.82,650872.4,707582.71,628751.61,655460.17,624767.93,692255.05,687810.05,609098.84,601274.47,604209.88,666358.81,630737.4,698464.48,584096.41,634207.44,701963.99,671740.28,627267.72
16035,614940.5,631936.55,677809.24,672234.83,664576.08,647723.08,669452.73,630786.34,617760.35,710757.88,617277.92,667314.09,608711.82,686577.89,596973.64,663283.13,696544.96,674654.26,651972.51,667213.85,659476.51,650631.46,644286.07,612885.25
17036,764857.26,757570.06,717165.53,713302.14,770483.64,777112.96,735553.38,746777.85,735082.67,731189.93,716935.37,789587.06,778065.66,733204.59,733248.51,752106.76,794669.95,789074.34,734309.19,664708.07,802397.54,785336.42,812562.34,743626.65
18035,875853.36,895180.47,972895.58,926926.63,904014.41,924094.25,966937.86,928041.35,1003867.13,873857.94,968726.59,908377.9,932737.72,891670.87,944232.27,898466.52,976098.02,933284.92,940483.83,913745.54,879266.21,896806.28,925550.33,933671.2
19035,809163.45,827238.39,795057.08,806766.25,834010.98,860425.27,784260.92,831165.82,828515.77,856973.59,829168.69,833518.14,809580.63,839909.43,885072.43,791038.18,830859.45,838519.44,838758.13,812865.74,763863.59,788961.07,899657.66,824940.42
20035,781259.62,882876.82,881541.56,914675.39,907508.73,875490.82,1021808.0,839940.51,858732.07,867995.19,823402.74,860223.92,903729.09,853068.98,901521.22,935916.85,833927.19,863204.86,904071.45,851738.11,860570.13,797683.62,820121.76,849469.83
21036,677084.93,709668.38,639393.17,721823.95,688792.8,724415.51,671141.63,625176.15,647052.82,685041.72,667332.85,679795.61,739137.64,739621.61,693013.64,687414.52,626406.39,689656.44,696173.02,656206.25,743510.07,719443.21,697684.89,628830.12
22035,1120785.96,998949.65,1082110.13,1029023.8,1032078.39,1090300.41,1058027.74,1037972.09,1068256.51,995724.03,1106337.6,1010497.59,1013274.12,894818.21,998622.17,911434.25,935721.14,1005523.14,1145857.45,1056918.59,975681.61,1010991.52,981586.2,1063297.98
23036,915853.93,882679.34,943737.64,908852.89,921058.17,939535.23,977241.21,853365.47,971390.15,930686.99,982757.23,910737.37,915016.82,1015056.2,1033476.28,908679.93,1016578.36,937467.26,994781.94,976666.68,888892.31,991639.74,978908.97,900039.19
24035,774507.62,812999.28,796884.3,845515.59,771677.57,769287.27,700615.42,814259.71,760165.73,827150.84,761392.6,852378.83,792147.71,889942.49,809886.81,846637.38,790407.36,794621.98,733794.01,779091.89,887792.83,863511.57,763709.29,835324.27
25035,892432.27,845814.36,889815.21,857809.31,918336.99,849546.9,849631.97,819235.82,872790.27,855906.85,893268.31,876444.3,852397.3,787359.73,862335.41,807363.82,830194.92,845040.2,922123.6,815491.44,871195.33,802416.7,863165.63,843411.28
26036,960016.9,948049.08,843080.79,937195.95,949940.68,895013.18,821444.51,859062.25,907084.12,893923.6,955589.43,879715.52,919824.46,906945.57,975950.64,897204.48,922662.9,850062.25,895327.64,795467.99,869937.38,923453.4,952869.44,930430.38
27036,659531.98,631465.23,628895.46,593893.86,623580.12,654592.66,619669.21,691453.41,620752.81,581463.86,673631.09,598461.19,605626.06,620388.84,612334.32,618953.31,675403.25,660137.42,667776.06,685924.74,653763.26,635636.33,679887.8,629379.12
28035,811658.06,917428.64,827779.66,853037.12,804615.7,869660.81,835424.96,891410.16,800055.83,751778.04,801110.97,840817.33,790849.66,785998.78,788803.33,830192.77,815088.08,769000.41,806112.73,832275.87,823273.57,742707.3,862266.3,903769.67
29035,801276.2,745325.39,720952.48,731115.84,795154.44,717215.23,781524.01,724767.13,754784.38,808727.85,838658.41,735573.85,708722.12,692647.49,756617.36,729941.6,758529.24,709700.17,736880.32,773807.85,723742.53,821650.94,691929.25,728672.66
30036,1015366.38,1059598.06,954538.51,910957.87,1023873.18,987095.54,990811.92,1005031.83,1031841.94,978864.53,1050169.29,950722.87,994786.31,892400.4,996693.66,959253.15,911872.81,1011728.45,911056.24,959092.29,1058326.52,939888.19,1036131.14,977006.07
31036,419924.97,450189.38,440263.01,412969.94,454051.23,428587.26,440164.05,415590.7,447529.84,468207.27,431524.43,411882.39,405422.65,408579.81,424930.64,425329.78,460847.95,449399.48,426066.98,451301.48,440004.24,427557.74,429724.5,373272.39
32036,1061582.31,1121424.28,1145252.42,1039086.97,1127362.45,1104356.66,1029912.5,1122546.68,1106654.54,1104528.48,1016594.41,1123345.43,1086535.04,1140508.51,1038391.43,1192204.64,1032525.69,1139102.8,1070477.02,1062361.74,1094859.62,1049371.76,1133312.58,1175122.08
33036,995531.8,1064762.09,1128008.04,1053538.66,1130532.98,1130194.38,1125660.9,1051992.67,1104033.91,1090545.43,1000041.15,1029516.0,1084105.21,960623.97,1015390.09,1054329.78,1101807.88,1115578.8,1114176.94,1135635.84,1149461.71,1030041.93,1000148.53,1069378.33
34035,795612.56,722206.12,600249.15,716015.48,731932.96,672370.18,688672.5,718577.6,679311.42,755238.2,758436.88,683914.95,700766.94,701536.7,814052.01,680854.01,708502.28,709578.18,709413.39,693664.41,700829.52,753709.87,630931.4,710128.25
35036,790215.63,822696.16,849366.85,857060.7,837416.8,828926.41,820444.05,804161.47,788529.25,822477.13,823189.46,887305.08,782916.63,878477.06,822967.97,844627.52,815136.42,766960.67,876130.81,821229.58,787370.72,894253.49,798359.2,792706.9
36035,769688.61,766672.79,791240.89,730318.36,685615.03,780449.93,729254.02,734753.9,720706.43,753410.69,725554.47,772596.74,744359.66,765849.24,697125.3,740551.03,770560.84,730147.53,694890.75,761644.59,716808.36,753345.01,774181.3,781462.13
37035,649930.77,591648.45,648607.35,644551.72,623381.51,674745.43,636055.38,599597.18,594121.02,660172.85,638665.0,669646.65,659949.85,683387.04,663188.91,675786.39,588707.99,674914.66,647447.71,694774.27,574933.42,640714.14,683759.22,624869.45
38035,570173.75,545074.3,614616.27,565773.16,563141.08,570286.69,580893.84,516601.72,578566.13,592867.7,551171.42,583990.81,564241.11,589924.02,582522.64,583473.07,567172.83,591062.44,551651.96,555357.53,512529.8,563220.24,550023.63,529902.42
39035,679652.83,755028.65,710953.41,703819.86,690584.83,673555.97,684154.8,745445.44,667908.69,700323.83,719997.0,735255.22,679408.14,654679.96,747141.39,752460.12,718058.32,663664.97,748344.68,670878.12,754166.84,715335.16,725377.08,726873.67
40035,564619.7,594480.52,601417.58,621105.89,563793.04,630760.77,618310.47,600097.89,589758.12,629292.07,608620.48,594696.31,561477.73,575856.1,549061.22,574874.85,530733.89,592455.01,598344.92,558673.58,580318.14,596491.01,499712.0,639884.83
41035,754651.21,775546.3,756413.43,831057.66,769661.88,738542.34,735411.01,781374.96,815138.18,790000.92,804625.29,760456.23,772377.12,794059.73,825184.03,755554.69,816260.35,750922.5,790371.37,773424.62,769428.55,792882.57,766980.42,787410.08
42036,1057042.72,1094960.58,1212037.15,1077483.35,1047484.13,1120642.22,1102255.99,1081359.9,1038101.61,1081673.35,1051892.59,1046559.37,1124232.66,1069775.97,1151137.48,1023038.5,1183437.44,1148958.57,1140597.52,1000264.13,1094929.72,967912.29,1108708.3,1066171.97
43036,932548.59,982488.62,1023868.36,1081195.72,982016.6,903988.68,898336.33,999540.58,1021627.08,1025142.6,943697.31,938494.48,983872.89,915757.23,904487.58,951331.18,956255.59,993087.86,963489.91,971239.89,951403.6,993939.87,941526.77,873659.8
44035,1064226.56,1143514.68,989059.06,1164808.61,1164906.08,1147917.52,1166594.36,1192472.39,1234456.06,1122859.54,1094547.12,1139839.43,1224579.78,1200443.02,1155019.74,1015627.86,1174457.72,1124768.94,1133511.6,1220488.17,1173634.43,1156126.68,1143307.01,1205387.85
45035,928804.13,925960.23,911279.58,852599.96,807179.81,973283.08,959591.58,993012.59,881995.78,947107.55,935508.39,921562.39,866255.96,884400.49,851076.6,939628.23,847136.4,939370.16,976687.54,956552.71,905543.49,967300.94,950152.08,957887.47
46036,1034468.47,1131037.82,1010436.35,1048996.63,1037331.27,936061.7,1049229.6,974565.65,877385.41,1099577.55,1061891.97,995252.63,994521.37,1028198.86,985699.91,1081124.93,1051240.45,983987.16,995917.31,883841.29,966772.31,1034057.53,978810.48,1108996.37
47035,714681.21,704133.67,732021.38,739080.67,675213.75,676335.2,703139.58,712646.18,646619.91,701075.89,708968.87,735158.6,677525.13,736658.26,703431.24,742417.39,700127.11,752201.53,675943.23,668606.78,662626.07,771852.34,683523.46,717728.51
48035,932237.99,836153.2,821970.05,786240.45,806353.23,876187.27,890417.11,888763.82,842708.29,832798.26,820217.39,907346.81,789985.83,812009.5,891457.07,855172.44,870595.32,842532.76,831161.31,897327.39,868572.75,835994.97,849857.95,879221.96
49035,936205.02,902763.03,838618.66,961300.24,983395.96,915569.32,892609.52,927509.4,954180.31,939807.85,944673.04,915671.9,895783.01,907132.21,984312.0,934439.85,878640.82,935771.53,1022761.56,883917.07,927210.07,1054990.19,945375.86,871130.0
50035,1191998.85,1278477.08,1131637.09,1199300.83,1373935.42,1106802.38,1294911.88,1183231.75,1298345.36,1201294.78,1294992.39,1239486.39,1248604.85,1290122.51,1303885.73,1342317.52,1389794.24,1237720.66,1137367.81,1257889.48,1427194.44,1289630.55,1208602.71,1213211.62
51036,724702.21,793284.05,805151.12,825907.67,906319.48,809229.29,827912.28,791916.75,804049.2,751906.82,824609.24,865664.93,832527.09,791883.5,864101.23,861733.48,857776.85,847897.41,750754.72,820002.27,802723.01,856951.14,830554.04,816103.27
52035,1047400.93,1134304.47,998795.38,1172128.58,1093944.86,983485.11,1062507.52,1026258.76,1071661.15,1092325.99,1165329.19,1029762.99,1127698.49,1096452.26,1128949.48,1036987.59,1122026.86,1130479.46,1041061.89,1017565.54,1100515.23,1018962.74,1091873.01,1132030.28
53036,1199741.2,1194761.29,1056748.19,1009764.87,1140009.97,1064534.39,1088212.51,1045824.83,1149059.49,1034953.29,1114071.63,1019415.13,1150672.21,1052456.62,1108836.11,1112959.87,982835.83,1074891.43,1172358.51,1160835.83,988135.08,1066912.23,1093351.77,1024913.25
54035,719660.05,692361.65,674947.27,737141.49,762734.87,667413.68,768877.8,747769.64,696350.44,687474.1,740754.76,738720.31,727719.42,701151.03,707327.85,722881.11,682285.92,768118.44,726090.65,773945.31,685715.01,720871.87,817917.29,701699.65
55035,907018.15,858233.19,906585.22,782242.83,885983.66,820572.45,820122.6,765126.77,846706.11,842161.0,797053.71,823768.32,836130.89,866509.28,787467.29,746963.68,861832.74,761139.9,819500.93,874280.94,804194.42,846836.34,901097.36,871917.92
56035,885511.79,763408.94,907634.64,858995.95,826736.12,845492.05,882825.43,808370.52,852378.66,830402.96,917989.01,830489.73,825538.15,832009.41,824055.51,787159.08,819091.78,866986.59,871385.06,893725.92,843307.0,874738.65,829791.87,870833.88
57035,771199.23,785887.41,772508.52,776627.7,711018.87,810696.85,746305.12,834576.72,824222.31,717841.1,859888.37,793065.61,838377.4,776977.42,773900.79,834449.17,762135.18,794297.69,767196.84,837443.93,783595.08,716941.1,771392.4,792365.86
58035,803576.76,853960.8,849190.49,751654.58,886423.06,787287.05,759061.45,777192.57,727935.76,821972.19,761238.07,781044.85,804693.38,805109.63,702904.58,846022.6,812290.85,829559.19,747304.24,789964.58,768208.34,797525.68,774083.63,800792.9
59035,682272.37,845793.35,681177.03,724342.61,787965.93,725169.96,774467.3,702964.77,758455.62,749489.75,774258.56,675661.39,846665.7,761270.54,726688.95,758122.46,734424.34,711098.77,717896.2,720248.48,736561.48,817448.42,759979.93,735076.21
60035,102810.09,102606.46,97520.88,104318.6,109385.28,101052.31,111430.94,100265.23,96166.89,100762.08,102574.89,100113.62,107851.1,101494.48,105771.13,101441.87,105679.11,97821.97,104334.28,105398.76,98019.42,100962.15,104052.86,104992.21
61035,1377762.26,1342245.5,1382765.51,1441382.92,1384959.39,1443658.2,1405326.62,1544592.81,1613034.41,1394166.79,1369780.86,1376032.0,1494804.54,1402829.81,1363562.27,1449792.62,1361751.03,1421957.48,1407441.83,1452408.41,1384739.06,1494111.97,1429627.95,1271443.86
62035,1381411.53,1338495.29,1376293.1,1444662.62,1353439.63,1295147.74,1314033.98,1365716.27,1351128.63,1508307.02,1258438.29,1446257.44,1314618.47,1461088.75,1419730.59,1356884.77,1271549.7,1315696.97,1333403.64,1303809.83,1386024.64,1292121.5,1381606.46,1451224.67
63035,960430.3,1032403.25,1059695.25,992634.93,1095729.83,1177355.25,1059143.55,1114790.04,1061129.53,1001300.65,1062778.37,1051210.68,1061401.79,990422.34,1082120.97,1106352.37,1089227.01,992925.02,1074944.13,1140916.16,1133053.94,1064735.57,1046384.16,1046735.13
64036,850570.17,901403.7,847439.29,918222.23,925449.44,830731.71,920792.66,820087.47,889840.86,869426.52,883184.63,855159.16,808987.4,906760.92,900402.45,820252.77,896373.38,944052.12,886767.9,871932.24,824341.22,879193.2,810212.63,900704.13
65036,1163008.44,1222607.17,1195060.72,1230600.71,1255176.99,1146052.37,1161319.65,1222403.69,1248461.07,1160054.33,1141829.8,1160639.98,1181977.75,1170945.0,1131816.72,1210217.24,1096345.88,1267315.38,1239542.59,1224091.59,1141791.05,1239016.75,1146303.51,1162086.21
66035,1102340.24,1080659.69,1002106.43,1034838.53,1094276.77,1096132.54,1073362.05,1037381.92,1033601.84,1178212.36,1081562.02,1061392.7,1090583.36,1138071.28,1175228.0,985418.78,1025185.65,1063181.61,1111358.72,1038601.4,997688.18,1040822.12,959200.85,1070841.97
67035,1095691.02,1189038.03,922789.59,1094587.13,1047402.94,1077515.71,1044300.49,1055271.05,1165076.6,973436.49,1116526.44,1102355.9,1085299.11,1042630.41,1153963.3,1078035.24,1002711.55,1000886.76,1156288.7,1180540.94,1114092.25,1126872.77,1150168.54,1087977.9
68035,1194127.25,1272097.97,1302081.91,1367915.77,1281277.25,1254989.08,1185896.37,1216721.58,1238634.33,1181006.08,1247598.76,1165029.74,1225484.85,1200084.04,1197540.22,1122169.9,1319485.07,1319825.76,1281627.97,1244038.05,1257970.5,1197668.26,1279917.06,1397272.06
69035,923665.87,952745.75,924135.49,936826.85,1018077.47,954987.53,905924.78,1061073.72,906221.22,937381.56,954119.73,912775.99,920264.42,1007029.82,939733.86,926859.96,962558.78,950098.68,925969.31,915093.98,901593.2,1027420.1,871517.03,906134.02
70035,1304654.06,1199281.27,1309710.3,1253630.18,1164000.29,1247842.01,1259289.4,1251168.56,1372451.81,1207054.64,1283027.45,1281675.78,1224054.6,1209431.54,1204820.41,1356967.86,1146638.5,1195197.88,1227604.08,1187279.19,1274884.3,1261682.56,1238743.39,1246072.8
71035,894080.23,889345.3,844556.56,858117.82,963063.82,824862.71,838445.7,909000.18,899500.52,877989.05,803201.72,787372.89,868988.26,853557.84,827594.43,910137.08,808519.94,829801.79,903655.34,930849.27,897777.04,771355.76,842289.93,833228.79
72035,1210773.17,1169693.78,1218625.48,1144843.79,1164195.93,1094707.42,1132315.13,1093697.69,1128628.03,1151682.78,1104505.17,1074013.55,1199262.67,1149578.09,1149111.42,1052750.36,1079059.68,1147687.4,1060243.13,1241186.08,1124705.85,1181755.7,1200412.65,1171928.43
73036,955610.21,1017051.68,1025431.92,937019.74,947104.91,977389.85,1058336.86,978743.98,934413.13,1020848.65,996654.16,925571.03,970553.4,895572.09,905404.56,1011787.3,993064.09,938145.31,958659.51,948832.58,1027391.07,953773.55,890818.52,994702.47
74036,1172983.97,1193718.48,1187913.32,1089676.24,1231903.03,1191275.2,1230891.8,1227692.01,1190814.34,1207190.75,1257245.56,1132024.92,1199982.68,1207127.91,1121401.65,1030018.56,1143477.48,1126772.86,1248856.77,1078050.74,1164821.79,1122926.24,1174284.0,1099800.34
75036,970051.02,1118851.67,1079013.54,982048.48,1064057.69,967597.37,1060802.26,1056023.05,1185865.34,1102181.25,1122170.88,1050237.21,1085691.7,1043273.94,1059554.53,1026847.3,1053656.3,1114223.99,990379.01,1039767.4,1076782.94,1062768.38,1070689.95,1070790.02
76035,1003225.56,1027367.91,1006905.62,1041929.4,992130.55,1023650.03,987077.88,1073978.36,974350.51,1054392.74,1129182.12,1032306.35,954268.48,947914.42,1142989.26,1089859.17,1012630.8,1040110.98,1089692.89,962242.22,979825.56,1074437.62,1013000.82,1016583.95
77035,878118.73,905796.12,865732.78,817340.28,891029.89,808433.41,843674.76,873920.47,883650.44,883825.04,845575.98,830564.5,860153.93,778538.49,888661.24,866167.26,858338.74,847627.94,788270.71,895741.41,882605.51,905855.97,808294.11,832450.01
78035,1015820.83,999211.95,1036054.79,1042865.22,1028006.63,1107292.51,1023621.94,1017616.84,1031839.99,1048798.15,1021096.43,1059543.87,1012003.2,1061421.16,1076939.23,1099108.0,932221.69,1068295.82,1036272.35,1010048.03,986731.68,1125818.3,986358.38,1008553.55
79036,1077001.08,1073267.98,1032227.96,1028694.82,921185.38,1036432.02,947218.18,1064408.67,1032088.28,992992.92,951260.32,1076108.11,1083590.81,976963.1,1098001.51,1054293.63,942296.82,1165744.58,991384.49,1042504.72,1050981.93,1065210.12,1055103.0,1097290.67
80035,974812.66,890402.59,966636.81,972683.72,889897.7,889849.47,915278.76,787610.85,991088.95,920848.45,895014.16,904955.56,891527.94,893981.42,952991.57,933915.7,913700.65,834477.5,958632.61,802153.97,978085.12,884915.98,966503.55,1026515.95
81036,725340.58,704416.91,754783.99,746716.41,729304.92,745314.59,727152.8,724991.13,637015.88,763767.38,708960.45,739738.11,772453.82,791341.62,754138.39,789183.33,748814.11,706811.55,646192.58,696979.74,677798.56,749556.92,714449.38,768672.58
82035,744711.26,749417.56,710191.36,793295.72,778295.65,752864.09,779585.73,787511.3,689741.93,764332.18,779013.92,724396.17,758503.41,749321.31,811710.75,759841.3,675543.57,808284.93,752011.8,725559.33,719133.39,763565.41,753916.06,757020.71
83036,686668.47,686059.57,688859.5,748247.26,667312.24,652028.21,690404.56,692901.42,598793.21,758121.38,706293.78,681820.53,713690.03,719317.36,692905.84,680027.28,658516.65,725612.4,661419.01,704071.4,646820.52,676924.91,713396.06,669732.01
84036,729512.24,729729.35,749422.03,684071.07,687410.34,675079.19,699667.72,690021.37,701123.69,727051.06,741669.88,769936.92,684061.1,795377.3,780517.97,706565.89,705050.42,652552.49,676162.03,767045.96,692100.06,703118.37,802003.32,733731.73
85036,920629.52,922727.22,801818.41,948002.11,985762.11,966790.34,902386.42,935721.28,970168.79,980584.26,949040.17,896797.15,969655.52,966232.26,908602.3,893470.66,898175.59,977684.09,995851.45,982417.11,860670.62,1007131.62,966818.56,1004438.34
86035,979059.71,1048649.75,1026691.33,1080373.9,1067084.35,1055834.79,1006915.24,1088501.98,1036120.95,930499.46,1063851.13,997029.53,910288.48,1098209.23,1089433.53,892676.72,979646.17,1128065.21,1003959.57,1042622.78,1190490.29,1010992.4,1030909.61,1000368.39
87036,804020.78,793748.48,876533.63,845524.37,865764.71,800589.67,869079.69,748370.17,814177.22,772945.0,783990.63,815522.56,800759.44,799561.57,789933.51,843386.45,758321.4,824821.06,844241.09,888257.25,782580.51,797574.31,805706.95,850412.67
88035,842908.78,889343.35,878782.48,856045.6,901755.61,854421.47,906536.49,854672.72,929992.29,891244.0,895916.93,900598.43,866351.68,951935.14,845655.47,938732.09,936159.01,869566.28,858119.33,931146.57,933371.92,944199.42,865631.34,996469.67
89035,1010406.43,1041323.69,1074723.91,1110082.0,881719.97,1029510.54,1017759.5,1009656.94,1054568.39,961407.47,890508.74,962375.8,1043398.49,965424.63,1023846.31,1013615.26,914959.97,1021074.78,1086456.12,982786.31,997556.14,1067071.08,1012942.79,984788.39
90035,991610.4,936231.85,928567.53,1026634.85,932895.96,1034340.89,969133.16,978526.76,989399.31,959103.35,957541.56,933437.92,954132.05,1042608.15,899910.97,890836.43,976760.54,971110.22,975482.16,853854.16,983711.73,944887.37,957214.99,916469.0
91035,903894.86,867710.83,858523.63,835235.63,848983.16,875058.16,874495.72,871996.21,868868.09,885503.97,913397.83,830646.62,893339.54,876588.12,839846.99,892443.08,828953.75,929207.79,859726.12,834345.63,850664.46,849513.43,832909.76,862539.54
92035,741963.63,692958.09,671649.92,685698.86,664886.72,664998.68,647913.06,660943.33,661341.2,719444.93,731454.15,730882.7,686358.51,718333.98,701232.21,654602.05,671530.27,709799.58,655092.86,726257.52,721797.72,626392.28,690077.87,613729.05
93035,598582.36,609990.57,631574.06,634514.29,617501.96,624419.64,665389.62,609704.45,658592.82,623970.69,615360.89,658721.07,646767.65,624970.03,647082.45,570166.49,662546.8,625924.4,603379.7,656356.2,670846.05,676235.76,563681.97,649808.59
94036,708887.51,757308.29,760098.78,708319.77,722563.93,654129.9,683525.3,657061.23,728633.53,689481.95,632911.38,685543.97,743027.07,702921.8,711349.56,717110.58,673929.91,635369.12,663817.2,711408.1,701581.78,659981.21,647036.85,709329.5
95035,780421.25,705586.8,708945.94,731591.44,737376.04,660566.57,800538.35,713443.34,785557.77,711886.1,740278.96,751148.78,667052.82,722832.33,765632.77,701015.48,741625.59,735526.25,692237.48,677844.07,742502.6,696479.88,734527.3,700785.31
96036,811579.86,904343.69,826822.22,814288.55,829548.09,833775.08,899652.93,809732.57,857566.42,899655.6,879886.37,862512.06,805377.0,870791.52,830074.96,984394.23,840679.01,778952.55,875879.68,810086.71,796642.73,847484.85,892724.75,818792.62
97035,675576.88,685842.51,648208.36,605969.95,659158.85,682422.57,587215.07,651146.42,634605.9,730653.4,694303.71,674620.78,631303.39,644887.68,618274.67,654967.62,634917.75,641181.84,678878.26,617811.59,596662.29,619302.92,678569.01,659607.76
98036,654634.37,683720.74,630238.31,609203.93,644222.54,624555.16,604671.86,668969.72,624213.31,709566.83,641343.68,596187.66,563194.93,616676.29,655065.59,638315.8,677692.69,640035.73,645846.05,592842.42,627112.88,582626.32,666079.92,611145.89
99035,595583.83,639984.98,608284.45,585354.03,632802.28,597143.04,600822.05,575163.89,626213.06,573017.14,565035.5,584050.91,585571.52,609895.49,642817.02,552599.21,600952.39,562994.56,647213.84,613380.14,619471.08,597339.26,551694.75,555305.39
100035,645573.76,606913.6,659675.2,623160.48,606969.4,717673.45,701473.64,626457.17,664714.9,636163.97,567640.84,662716.83,677765.1,618501.79,672215.86,624979.06,588301.55,654435.23,611593.06,636222.65,599083.88,645299.46,700711.6,660747.08
101035,729427.37,738795.02,648187.8,723398.16,735907.51,743031.93,761096.96,707992.58,662267.17,776173.61,684293.44,715033.43,679888.48,719154.1,779271.4,721976.3,767736.12,719612.79,723547.3,645392.68,713297.12,730243.26,684228.75,720707.02
102036,667639.82,733664.45,696648.01,655364.68,711092.66,677785.64,731435.37,710042.32,696630.78,736651.17,672035.65,712896.98,719984.46,702117.39,693747.9,675770.87,646364.55,657196.8,674138.84,663060.64,592284.56,640009.1,703472.93,693398.7
103035,638738.09,663117.4,635175.97,658297.45,633197.15,636853.69,674049.49,681716.21,665842.86,654964.62,690550.2,656491.46,679998.53,640866.42,664169.63,743447.87,631622.15,686979.83,632759.35,641327.71,696012.04,669599.56,686874.17,689509.29
104035,694817.3,704303.07,654855.82,708356.4,626460.53,674826.48,656088.61,690204.84,653654.81,655759.34,677177.88,623607.95,713038.52,719598.34,627338.66,741120.72,672719.36,721226.57,725844.43,641551.82,680782.83,672218.59,693286.58,606155.19
105036,579916.43,586476.49,642962.65,602925.88,613025.67,594684.87,619272.51,634789.41,569228.56,578533.06,632901.56,545803.4,602842.96,589600.61,594637.15,606023.31,612876.79,552053.82,602157.11,618657.62,538715.98,588155.61,609166.1,580583.54
106035,576526.84,576447.17,598076.97,594476.21,633695.89,538479.04,563646.06,615860.49,557343.54,537158.58,574541.51,547279.99,594560.47,558070.95,575731.84,561880.22,641716.5,602844.38,629067.83,555179.76,553793.24,541355.3,569323.2,595953.24
107035,750627.76,677319.7,717643.34,699844.83,699056.03,699192.2,733961.7,716154.09,790681.26,756688.65,713120.8,728496.76,721631.06,711918.84,700870.45,716058.82,696047.88,748188.2,742771.68,802577.48,757693.56,659650.36,739095.1,763572.07
108035,858742.45,849387.09,812489.94,805856.05,855962.57,873141.63,855923.78,882952.92,921342.34,907290.05,885372.44,832984.44,875998.05,890123.08,814888.53,851161.76,788032.75,857033.64,866028.58,841719.33,862861.59,866431.35,891225.17,828762.48
109035,700241.29,620164.49,637209.74,715286.36,738152.07,703406.08,730943.99,680940.96,694404.76,694706.32,678702.52,692590.44,556491.17,749237.81,660340.97,678771.95,687965.98,653638.28,637817.08,671137.11,682345.69,674916.83,677310.11,716717.94
110036,734553.85,654229.88,737171.56,673569.81,669422.43,702373.29,689502.89,698221.27,699731.39,723880.71,659902.66,709856.7,707326.48,664904.84,706451.86,659372.18,652762.1,679158.88,717236.47,623016.81,725580.37,694146.79,613458.0,667698.86
111036,646695.4,694636.09,692873.09,712191.03,703343.14,688773.04,688569.2,697176.22,702798.11,658985.49,711229.81,686280.2,664071.86,710338.47,652292.81,628930.79,642182.16,700197.59,704752.22,707144.08,647501.78,709877.3,605021.74,659594.31
112035,719569.57,660358.46,729811.54,797648.0,666267.2,680821.11,686247.6,761842.04,681894.59,748968.42,679543.76,724784.44,708406.35,689798.68,703704.19,650023.19,689112.72,713489.94,730487.66,699443.24,651590.32,743863.24,733886.95,685861.08
113035,666474.12,711221.16,716403.09,652871.88,621064.34,661499.53,630810.9,660496.4,650773.49,641768.24,670959.83,690696.97,733473.0,703593.6,647972.07,751245.3,702388.33,659356.11,663701.08,655691.8,661045.19,689695.74,689738.98,666466.78
114035,541721.96,515151.92,554063.1,554190.57,597021.98,538838.26,481310.38,503752.29,536692.76,563473.08,563800.92,515976.41,523008.09,567703.12,544759.16,542161.09,549751.27,528984.84,531770.83,556904.35,507298.66,530258.35,470293.84,551488.24
115035,937814.79,881028.81,893225.0,953713.81,863602.68,853813.59,956068.88,961554.22,935209.1,836513.63,854161.89,928182.84,825942.9,910972.48,955876.04,896728.07,897062.6,975527.13,857289.02,903792.09,830756.11,901779.62,966799.28,931756.24
116035,325102.55,326456.17,359088.17,354461.22,350325.59,354190.35,340919.61,353856.3,313972.88,356660.16,349585.66,334765.19,343427.23,325376.8,352714.06,373667.22,363639.65,332684.29,335068.52,316869.64,323844.88,355747.53,382024.22,351002.97
117035,1301507.72,1361753.57,1370312.17,1305933.43,1339822.11,1490961.85,1423324.88,1204593.72,1298545.11,1217881.26,1440761.91,1365368.73,1321166.22,1387491.06,1294706.68,1441717.45,1461083.21,1164132.19,1315638.53,1408047.59,1377325.58,1362274.96,1371708.09,1368617.6
118035,634722.21,700025.93,729628.09,631423.26,673408.44,704903.14,628263.96,703949.79,683898.11,674840.45,608311.17,699836.74,703708.62,706265.61,704767.9,722541.66,681175.97,695942.92,742095.14,706608.94,705745.91,661280.04,718125.79,637116.26
119036,759879.79,788619.14,731651.21,743635.47,746688.55,744938.47,717725.41,716207.8,780301.72,676049.58,741100.28,768096.76,768460.11,732741.16,803993.22,776837.59,739311.72,725346.62,770949.85,736872.25,844099.82,734536.91,767456.0,755256.43
120035,842076.22,747109.46,833400.65,782858.96,842265.63,730289.46,842011.12,798906.08,921313.28,861809.28,806699.03,819628.07,829639.35,829607.17,830281.47,807828.64,810680.63,779818.71,870329.31,842206.2,780603.46,901074.36,806323.56,841768.31
121036,708887.26,860951.16,775392.52,741991.83,751081.45,782157.62,800101.56,776039.43,791653.15,787023.82,767555.11,785501.03,821439.62,725723.05,776921.34,726324.4,790633.96,762698.8,799984.81,861106.32,783936.38,783507.18,728746.08,745590.51
122035,690382.12,672648.34,710527.08,767870.72,653030.96,664977.08,714109.13,740361.18,725144.56,671929.71,731235.02,716000.42,760003.22,609805.95,750651.43,753155.26,751370.93,792183.19,653672.76,684396.22,654124.55,714579.47,678600.61,764580.47
123036,553462.49,577320.71,609242.53,552440.21,594030.36,568565.87,539560.66,560904.95,600504.5,603879.67,574114.12,581149.77,533452.08,510410.5,547614.2,541254.06,590326.82,553934.15,583123.14,521595.8,527982.43,542357.51,528293.4,570045.33
124035,605658.33,572859.61,571893.1,602250.95,603300.59,572305.29,573320.39,601336.46,587613.34,553415.43,625104.39,682115.87,591395.22,587137.88,589527.68,616032.71,575503.16,601646.58,620777.41,571215.45,602196.69,552377.35,616594.75,598084.26
125035,899980.56,910189.17,767130.1,912169.87,896814.58,908437.83,799186.9,849692.99,840794.7,911025.06,859633.19,836509.62,861359.68,869448.73,786936.14,908587.2,790346.68,825345.77,851307.28,909161.8,909343.04,823899.15,830250.14,823047.51
126035,723676.33,712410.5,720223.69,741667.15,684280.4,750412.38,719654.46,740812.08,736281.92,730618.95,699517.74,705245.04,725475.75,767010.13,735769.61,731297.07,703019.91,699329.4,706709.63,728010.21,727210.57,681719.69,777935.01,712610.54
127035,608775.49,649813.31,636916.51,688850.52,601176.36,688902.15,647034.15,615255.9,672828.32,655530.77,710116.78,665135.17,611616.74,685796.91,690538.29,622060.64,609640.93,674100.72,652108.59,666532.99,680736.2,689168.11,673198.21,653428.72
128035,448292.25,536049.8,465400.7,478597.82,494743.87,466400.87,496179.63,494814.58,486218.93,441848.54,490271.06,499862.56,483238.99,474078.18,459356.46,464407.04,458668.3,506335.6,437354.12,480674.61,471017.48,506138.96,474862.69,479926.5
129035,437602.22,436673.86,445865.7,472365.55,463616.65,427920.16,440600.59,455943.04,465967.33,448306.61,410511.26,428110.02,453523.78,499331.77,453465.0,482049.87,433272.92,496683.34,462781.1,439777.42,461490.94,474243.19,475031.43,418518.4
130035,565238.69,577471.12,624663.01,621127.46,601422.1,596477.19,633474.59,560792.8,551255.68,639876.66,588036.49,597801.18,618433.77,579286.97,565169.69,556782.65,619447.24,559217.52,576351.1,637430.61,535576.32,653590.6,617036.88,608115.74
131035,842512.04,891143.48,862431.61,800930.62,903890.85,858692.48,898589.17,912492.34,900193.62,850610.25,898761.7,912264.38,786295.75,818741.28,831058.05,848791.23,792547.9,1029206.76,883054.92,897814.12,816887.42,827304.62,830921.67,864876.62
132035,972213.48,822328.35,920779.14,868296.92,885812.1,861608.47,976229.05,961516.39,866491.12,889751.55,903171.63,918358.85,943532.19,961409.43,940123.95,872006.5,972881.92,897670.9,881002.94,958371.72,817351.54,843537.79,818751.81,878300.97
133035,884398.56,873260.74,884762.55,869819.49,905365.47,836137.34,860222.03,970185.6,820435.39,927031.51,888990.89,866588.23,904572.21,887408.28,964577.23,866317.47,830154.56,953739.51,948921.55,953217.44,850231.43,893682.03,886034.69,884057.98
134035,761333.34,850185.15,801621.12,837357.87,901585.89,825822.99,726092.67,778905.52,777415.75,790497.96,831166.31,817219.52,782310.74,858540.88,816958.02,817299.26,863015.24,825902.52,826608.9,787938.36,866067.91,826032.77,821061.35,820204.41
135035,723274.73,790977.18,798147.05,741109.42,790156.64,822562.44,782576.81,727676.77,730818.01,792923.17,816774.09,726850.6,760485.22,807700.61,737326.74,740845.27,742078.33,779215.05,797732.93,704836.36,792498.93,783007.1,807062.32,752712.35
136035,449749.84,427894.31,375356.92,420999.98,463521.78,443379.34,415477.58,424674.91,428823.66,489364.89,413438.14,451344.71,451631.35,422080.41,431665.36,423423.01,443311.2,400817.19,444405.81,403477.35,453979.99,475478.56,452450.6,422005.26
137035,133164.63,136664.66,126589.27,136419.66,127424.95,121517.7,129672.75,128636.11,131121.62,134119.55,127201.91,140853.29,123275.89,130274.79,128700.03,127324.97,123842.21,136877.05,126435.39,138047.46,133197.18,122172.73,130465.08,125057.8
138035,143240.62,159192.46,154891.46,141943.3,157925.94,167396.73,151667.69,156554.66,154084.53,159370.08,152270.3,151169.56,148027.87,145232.73,151469.66,156426.55,173826.41,151003.94,143135.29,158026.47,168740.05,173515.62,147680.52,145618.55
139036,139224.11,140338.39,161569.95,153987.73,151721.1,149624.1,141107.3,157480.48,137662.83,144673.49,151523.11,154664.53,158149.01,149261.75,150030.5,160920.46,152521.83,138096.14,156628.84,149098.57,149816.4,142977.83,158753.59,142063.71
140035,194973.81,178502.18,188525.9,212028.73,196673.2,191781.97,217980.97,196169.24,181067.9,184537.51,189688.59,191246.21,200048.7,190441.11,194688.95,205652.69,198833.41,191056.16,192973.42,177179.39,206021.96,181783.07,186304.34,188073.49
141035,134261.46,151967.29,157207.37,141414.65,160914.57,148628.66,151974.9,162618.2,153649.19,153378.92,140807.44,145516.76,160248.57,148861.37,158443.05,149965.28,158272.1,148973.95,158036.84,151603.14,149969.39,159636.88,140177.06,158065.91
142035,206338.26,202656.56,216379.49,190067.92,208330.58,206721.56,218608.23,215725.05,223023.77,204332.27,214612.12,215877.71,221014.11,224288.09,213001.93,190490.28,211459.01,207703.27,220697.13,218679.1,220108.29,215410.45,220224.73,198901.34
143036,214584.18,181016.3,205352.83,210076.94,202262.85,198572.14,221352.96,186782.54,193511.72,187080.48,199876.99,196714.49,199257.38,197634.25,224380.01,200823.36,194794.59,199618.76,211974.38,202721.71,194809.78,215406.05,208948.74,202215.53
144035,248600.25,246381.92,266799.53,265961.1,237531.08,265666.11,281544.57,271415.14,273241.45,251029.59,268836.56,263130.62,257505.87,265497.38,263805.09,264712.14,257202.52,259452.58,271365.01,249649.19,254583.03,246121.54,266196.92,259694.86
145036,409187.55,416876.19,421235.07,393474.13,431654.11,420395.58,394802.3,421819.1,385626.77,449040.29,409681.09,382792.56,445475.6,433063.98,419270.13,431154.17,380799.28,459868.97,408237.15,381909.67,443572.86,381917.73,442242.58,393767.93
146035,545831.1,537342.23,568934.84,519280.93,581835.21,535136.08,532122.23,499908.14,506320.89,493256.16,537296.64,514812.64,508136.6,525233.16,516619.95,535311.31,512025.5,556761.85,479080.78,526861.36,512774.47,535345.42,476242.35,485542.3
147035,561514.64,568125.09,533396.61,540780.12,607037.98,557973.86,606033.86,537067.21,523889.26,591689.59,542067.21,553378.92,552770.3,570031.59,513958.79,479799.58,541664.31,496000.83,516658.02,509635.66,596175.19,513191.89,526146.3,529801.79
148035,591582.18,610453.36,600353.88,581304.24,525373.5,537944.97,597062.16,571915.6,565007.63,607096.11,608108.77,615898.97,579939.13,591599.95,576299.97,566324.55,602290.78,570535.24,582817.03,591659.89,593439.86,585357.25,661212.4,544064.07
149035,529533.66,509302.0,512008.95,539394.94,551521.88,577235.98,498904.83,564028.37,490414.68,568440.25,537411.04,500817.93,515190.45,540156.66,531679.97,502011.11,544752.48,480629.24,568304.79,529188.49,549991.36,559193.35,542844.32,538119.48
150035,487647.69,412785.61,495602.94,481170.23,512834.06,530711.41,467104.2,470101.46,470302.71,487716.31,499413.32,491982.71,479787.7,459133.12,450672.48,467756.55,450063.21,473082.57,461561.92,500192.49,491377.93,461303.71,453698.51,494157.97
151035,456642.5,466124.89,489636.5,460919.82,498363.49,483660.96,468837.31,463181.58,459851.38,498067.85,490805.66,515031.78,460868.11,463495.97,520222.45,483009.03,429523.91,484047.44,480335.45,461732.27,502405.62,512621.28,483021.36,480830.96
152035,393258.15,416622.36,399620.73,443758.38,367164.14,370361.64,431740.96,379677.86,388274.73,381274.51,393492.73,391443.19,371004.14,383578.71,359736.84,379068.27,380282.39,402521.73,411254.2,387577.13,412690.51,408190.04,400138.24,414715.37
153035,449403.32,427750.31,462745.37,470405.21,455327.47,463354.13,448871.38,469882.43,464036.25,453866.57,441802.59,460977.27,411740.42,446350.19,451073.14,442913.8,426820.23,389920.73,459594.81,464990.03,463956.06,445966.19,435544.56,422207.87
154035,158225.64,142222.67,131964.44,136966.09,146348.56,151327.07,150762.53,131499.91,131578.76,146045.94,141246.18,143928.31,150999.4,146709.93,144724.85,147517.5,141047.79,138111.89,140225.22,140879.17,154241.09,148667.03,154457.32,144331.1
155035,938218.5,936690.15,973977.54,913286.33,925789.99,992252.37,919343.64,992322.75,1021761.19,928877.2,972106.64,1009187.86,983575.15,935136.32,1023794.13,1026176.8,872821.74,941129.29,1041200.03,944974.87,942470.13,978597.05,1031014.38,1005162.42
156035,537394.05,515114.92,504309.88,509730.16,538405.82,559563.03,506229.03,499956.97,529327.72,487160.52,509153.43,476851.52,500275.17,523661.82,518036.88,489535.59,544917.55,461483.35,548954.2,494503.56,507607.64,552264.03,526520.75,533958.92
157035,749572.97,716489.05,702656.83,729126.21,707196.78,699841.84,791687.18,734275.21,738965.13,746994.75,749153.48,761301.55,720939.51,728704.79,750832.55,689446.87,731926.18,710436.09,731571.01,659387.58,793899.36,718892.46,695607.23,708046.12
158035,941228.76,877657.05,896554.93,906665.31,931956.05,864924.86,873342.37,877872.0,968999.0,886555.52,962726.97,889273.7,895455.59,878157.22,862439.28,894731.76,881307.58,939336.6,925985.55,934373.31,866175.61,879631.09,872537.48,907956.35
159035,598488.74,549386.28,578380.32,602399.37,588315.43,580485.74,615777.06,573279.28,604359.88,545297.67,582781.3,507732.23,556074.21,572274.2,614221.25,597138.47,532791.58,600041.4,642761.58,596427.91,558250.95,563392.26,584117.28,578733.58
160036,827109.03,744415.83,826428.02,752963.55,696180.39,771509.97,786168.65,811196.16,706470.16,790223.39,716167.27,762356.85,740534.79,742008.39,768065.63,805643.43,721648.37,773551.34,744940.57,756319.74,752871.61,726145.76,782289.68,696200.04
161035,675148.88,643589.02,661515.57,681759.54,611114.57,641693.46,660219.63,676682.78,573121.55,665789.27,640811.35,611510.55,677637.58,669969.43,647704.15,627176.35,618173.52,688989.12,665221.39,626771.35,694865.83,612037.81,665733.44,650130.76
162037,536089.8,562183.75,527167.6,512308.75,545326.5,532806.06,524572.91,540663.29,572376.0,539891.25,487968.71,551479.19,510535.17,521303.47,504622.69,541673.96,527693.05,537641.82,513249.06,485712.03,484515.51,493155.19,538886.7,511443.23
163035,681726.34,697948.15,690574.16,614742.68,716296.16,693031.46,696054.75,750876.91,706116.31,750558.68,735891.14,656313.09,715799.0,752067.59,766139.93,718300.73,691899.46,690977.38,739616.65,723592.71,675785.53,769593.13,709730.64,734302.67
164035,630198.64,537482.77,556348.45,583896.57,555449.6,607432.0,592654.83,563297.14,564873.47,558545.11,598247.21,567417.43,536290.45,606091.56,567906.18,570581.56,580096.44,625294.15,549325.79,609337.78,567973.55,576618.44,618438.8,658279.05
165035,574131.16,540039.99,616184.38,547141.29,575373.76,576484.6,558571.6,565062.83,609167.59,575101.92,623894.42,541962.57,523772.54,558174.55,622213.79,579915.36,596052.27,595894.59,578948.82,575688.97,584066.46,561361.15,595049.71,520193.58
166036,639739.87,682860.25,681081.13,632753.27,692441.59,596542.69,612897.36,632159.99,623738.1,639545.43,667172.68,651597.94,641561.2,573933.03,660849.0,598615.08,667661.18,686148.83,681190.7,634146.46,624102.85,654334.11,673417.1,659070.11
167035,742701.05,749020.61,721490.52,718204.37,725003.18,694529.08,739303.29,747063.3,758522.13,750466.47,725404.23,764154.16,828596.61,772196.04,672296.83,791437.67,769726.23,745213.01,705347.76,750030.92,755910.89,736143.52,734168.69,740576.15
168035,798661.57,766130.82,784489.67,751625.82,741785.38,759409.2,780397.46,832280.42,851355.12,793147.15,737941.16,786369.09,766028.63,711607.65,791441.63,844575.26,785224.19,752034.29,772775.11,742321.63,811247.51,835434.85,772901.95,747360.97
169035,641553.8,671974.12,680962.82,714344.51,699070.34,664880.93,708161.99,719243.95,645541.0,640618.05,673136.79,647624.84,728806.22,677601.17,712871.46,651707.66,657557.89,640808.82,721856.68,680796.85,692947.88,693324.69,684276.81,709416.03
170035,662843.17,712667.87,670342.62,705657.53,712486.68,722429.1,692183.07,658637.38,688951.89,647595.21,645143.37,687759.09,736549.29,651141.3,684381.56,711742.82,738640.74,695021.27,701538.97,768213.81,689070.57,681203.01,713584.23,752978.33
171036,758053.32,655286.55,705675.77,697082.47,635644.23,640934.53,677058.46,677652.27,658506.83,633478.11,699077.08,648423.75,719678.97,706042.45,701489.69,698490.06,708967.07,683495.04,716333.6,695150.88,679411.77,671273.33,697120.23,637489.05
172036,905801.47,920885.95,898175.72,981667.34,897484.19,913405.12,1010018.25,842038.89,880674.64,961362.31,917651.24,982630.33,920314.03,819475.82,877306.98,822541.92,956728.35,853890.92,895684.52,917473.14,882164.16,855477.87,866694.28,865523.06
173035,771322.04,835548.35,881016.07,835514.87,895611.43,859161.27,800635.14,875409.8,841783.26,886335.52,825796.84,895004.83,840211.81,838640.12,822704.24,860322.44,854460.3,900086.64,766581.78,889378.69,870718.92,812506.84,862622.33,850274.88
174036,746662.48,820297.88,716305.39,714840.14,802759.2,812860.48,728723.82,775482.61,836139.34,703591.47,827716.65,835811.3,815281.82,801556.4,807698.24,772778.63,816044.65,828196.96,813359.79,740172.0,780329.65,795635.1,821509.78,762392.22
175036,748923.88,784804.87,819866.83,796589.37,781263.23,771042.6,731633.05,844086.22,773597.98,794466.66,755144.75,797371.49,859456.38,810982.8,838884.5,776958.49,838419.21,845287.36,743514.81,833833.48,776144.85,765161.8,796993.5,850397.5
176035,754864.77,719366.51,778571.73,706848.23,770099.96,668005.69,694451.61,652714.36,678183.87,710584.02,856197.89,750442.92,656179.44,735269.35,747417.07,740484.64,749362.7,708810.06,672280.63,744146.43,710977.15,723360.01,700052.7,711849.39
177035,820720.44,918593.51,900963.02,948747.63,876730.08,906085.7,903001.81,884201.9,842444.8,836972.82,849361.47,820344.76,874287.59,799723.0,910796.91,937434.45,847129.51,875488.85,906861.76,855085.37,776197.19,861695.96,872005.07,823895.88
178035,886469.92,821051.53,831732.97,883902.29,943757.1,930410.38,857890.85,863398.6,864424.14,862367.19,854117.99,923432.82,868087.79,904359.89,867097.99,836131.36,893635.09,918453.36,870631.39,862013.55,867270.72,930970.32,808236.92,980388.65
179035,703493.7,678004.98,659481.37,731601.96,613528.5,696875.92,708895.54,650993.73,654862.04,652684.94,657732.76,688337.31,669040.43,713927.08,689786.24,732657.07,654273.36,734710.63,623909.1,668793.26,670839.76,707333.8,664046.0,684644.56
180035,683991.18,621004.64,640492.5,740585.36,646992.63,683432.35,742852.84,628194.65,656355.99,643498.63,677259.44,630203.43,607129.82,631797.01,658936.9,608879.85,597412.51,669509.49,656198.89,674248.55,731223.56,716685.31,672893.29,706925.94
181035,867568.02,964897.0,914363.81,888182.58,856810.48,926112.21,901077.91,961390.53,883048.07,828040.27,944184.95,872785.99,850669.86,884331.85,960153.86,866033.83,905055.92,860352.76,820040.49,904757.59,865993.85,966387.61,845828.16,900986.28
182035,728003.77,739849.44,724667.43,705072.76,792307.27,805723.42,710516.91,705396.76,753254.44,751593.51,779307.83,783926.66,805232.77,738448.77,733494.05,697854.95,720368.09,691703.96,774562.29,781437.81,794199.95,723501.41,762577.01,689868.32
183035,549802.47,489834.05,487435.54,489655.37,415716.3,491314.63,492585.75,489593.1,485008.86,534433.37,474929.25,515107.18,515225.89,467721.49,502100.75,543673.15,497645.89,466433.19,518386.97,497002.73,472716.77,537979.32,433899.58,419188.29
184036,109779.11,124768.12,124344.48,133820.14,116088.92,127017.74,124756.86,124792.3,117386.22,116299.76,115016.14,135731.89,132003.53,127265.64,133745.95,139494.92,122256.56,133365.0,128077.28,126673.47,118639.96,126313.08,124151.6,128595.11
185035,1360064.9,1251340.34,1302298.12,1262011.63,1490909.39,1296968.66,1444691.07,1436660.89,1228069.8,1231812.91,1308988.48,1305358.72,1208198.86,1229196.01,1247792.87,1390617.86,1325333.65,1315284.37,1306400.15,1232119.15,1253584.93,1327224.62,1296352.93,1313851.62
186035,607207.17,539993.59,606360.63,582469.26,612118.99,562599.76,580805.61,646466.31,618912.3,603669.97,605147.18,555188.19,544376.03,622778.66,626847.74,590999.09,601437.66,584444.23,609426.49,494714.75,588299.2,574845.59,600817.53,584121.3
187035,1048130.11,997992.4,1046057.7,972617.55,960854.44,1048444.1,1029305.32,1016718.27,1024267.17,1016826.55,1030434.34,1054228.03,928985.84,992777.47,967766.05,960654.05,981907.47,948546.82,1023736.52,899232.58,974413.7,1068665.34,988678.41,999028.08
188035,740439.38,738117.2,749035.72,803714.38,787530.08,779882.93,704948.79,798211.16,762443.66,732319.55,782337.06,754757.59,754023.34,779823.21,753845.94,736854.67,745872.7,779305.84,807149.92,774827.67,832645.46,749074.28,792308.33,757034.0
189035,733477.89,771420.6,767644.06,775018.87,752746.04,715753.19,778413.08,723981.2,742940.93,785457.46,707354.75,759248.28,700558.66,793935.74,764593.98,878002.63,821457.33,771845.17,742112.57,735600.22,723769.83,821457.47,806113.54,807651.9
190035,1059178.85,1047588.12,1123749.48,1066571.7,1068449.93,1102106.59,1176881.45,1057834.65,1064401.81,1078980.6,1152034.25,1241332.54,1108360.18,1156681.06,1100130.08,1123371.91,1117587.63,1166454.86,1070808.13,1237629.35,1089952.32,1210360.35,1151169.98,1122253.82
191035,960099.06,952095.04,993767.61,841796.26,938831.94,819055.32,940308.21,992040.53,934048.11,882730.47,919613.71,927876.06,988133.58,914429.71,883034.42,926595.71,903755.88,925330.2,881374.36,930140.77,930876.89,980407.29,954885.03,895202.44
192036,1025776.82,1016904.89,980772.27,932256.72,968490.77,960898.02,1053740.57,919023.15,967619.22,920648.95,995471.33,962710.49,936706.59,1003898.0,981716.55,998071.48,933291.17,925987.61,1035196.63,976422.55,968067.9,1004440.45,975419.53,1022020.98
193036,747198.18,790404.19,672071.71,741366.62,760167.47,701390.47,791136.74,777350.9,713077.43,671419.69,755514.25,735468.98,712574.31,773870.66,779151.45,802144.63,764080.48,794942.83,763905.07,728466.97,795279.29,707593.97,738018.36,735783.73
194035,701381.87,709372.16,689514.96,718622.14,648123.34,727944.02,675498.46,707600.34,720322.17,670950.29,686384.5,744221.85,669053.39,717124.8,739143.9,693569.72,684538.87,695295.18,751858.76,697781.8,746863.14,707032.58,728876.38,693629.13
195035,939168.1,1045473.68,951883.2,1122912.78,989892.66,1001220.27,986800.06,1059031.82,872071.33,1061399.04,1023424.48,956556.73,1062646.98,937185.65,1001090.09,1041432.68,959502.62,983271.92,923089.25,996732.53,1037790.48,1031720.1,913811.99,907923.97
196035,596598.69,640350.37,658881.12,571591.5,588160.23,594580.48,639774.88,607711.95,586179.79,627585.97,629040.43,619653.99,632475.11,578980.29,645761.99,631005.52,639527.53,555005.11,595428.51,606844.65,578831.0,642408.79,630146.74,654996.79
197035,677743.39,716206.23,698334.74,698495.63,675405.13,643307.02,672490.03,707592.08,722812.25,692227.47,695506.39,742566.91,666678.79,663150.32,705428.21,688779.33,724620.08,632656.15,703463.62,705073.83,720198.15,668703.65,703710.61,728654.15
198035,570386.73,597672.32,645468.86,586754.16,597784.66,653365.88,579099.97,593038.03,681868.26,609793.9,638254.94,672275.06,597140.54,570036.64,622263.13,594087.67,594327.32,595295.66,585726.51,639479.86,660703.42,547188.13,596993.88,629831.99
199035,953247.55,1011410.43,956823.26,948982.78,952786.91,1063677.79,910934.79,972721.58,1015972.17,964609.68,1023137.24,942190.19,950547.53,971339.27,994386.09,908268.57,1112067.43,881764.97,850092.61,1074056.35,931653.47,999942.62,904355.58,918618.27
200036,919986.6,871913.86,893511.94,926700.78,914900.13,880742.44,968672.19,861180.61,895863.78,957397.6,902326.53,893954.47,920582.46,888891.68,899855.1,899095.31,952187.64,923640.41,965508.17,946019.28,912193.14,930806.65,919745.87,909467.16
201035,857752.41,897798.81,824609.09,940155.78,813906.2,880110.15,829304.78,910127.17,949202.06,930972.05,885750.41,877786.62,817390.19,891106.13,917281.01,995439.89,819175.16,834846.89,858993.48,886257.04,930419.34,901760.11,841853.86,902024.23
202035,740381.05,746976.51,772742.52,725672.47,792547.44,756842.36,745908.78,669219.04,692038.6,730143.76,764160.42,731796.5,753538.55,721944.26,723081.92,760648.86,765594.43,740642.66,726912.02,734299.6,767040.19,764876.13,831036.8,740719.52
203035,751870.44,807473.49,781004.19,765535.18,749382.26,807915.99,821556.87,773579.02,784779.48,720479.88,793279.57,790245.85,730757.03,784986.08,802299.51,790594.9,795280.14,782367.76,692568.0,827055.38,773099.73,780849.25,726379.39,750982.01
204036,1027296.33,1024620.99,944462.36,925297.92,1076621.65,1079203.29,1017138.66,1035914.35,960246.52,1008603.29,1057248.36,1059765.08,1067649.8,964804.53,1074984.91,1045040.47,1084137.83,1033954.76,1022277.71,983139.8,960097.71,1029408.47,1027969.5,996684.55
205035,788639.17,818451.32,888277.7,896591.06,830408.17,890630.68,834437.48,865047.46,834936.68,866661.62,901318.94,795823.08,842019.05,887020.77,904611.06,946701.27,953037.6,925824.09,871054.78,874616.41,860506.0,852216.75,744324.63,835830.12
206036,766863.01,779319.24,794335.01,789781.46,824684.68,779171.07,767173.59,773746.95,783002.04,806611.64,796215.34,741448.02,761389.47,808220.68,788355.91,815248.14,781309.89,777181.98,849146.18,737866.35,753618.81,731457.43,735157.89,824043.15
207036,827652.02,878009.29,815250.4,800527.59,878396.28,891902.3,851917.37,801836.18,798675.1,835438.67,855259.31,753250.81,782910.04,836141.86,874754.19,818767.92,829021.95,871092.77,832870.59,771437.6,832879.49,812757.77,838147.55,817627.56
208035,809072.95,873407.54,865949.8,863525.71,866846.74,858926.98,782671.84,884815.33,917563.14,804769.67,899337.31,830756.65,790994.09,901076.85,779735.78,843802.22,875477.96,832315.62,792240.18,891857.33,850017.59,866155.12,829312.88,829470.28
209035,730379.05,732450.4,739296.16,770775.82,728019.36,782458.97,699539.95,738446.21,716679.92,787401.38,728200.76,661595.33,690951.24,732443.75,706975.99,770637.82,744706.86,725409.02,689559.39,694836.92,754671.51,719306.46,763997.99,705162.2
210035,586824.19,598789.19,609666.81,613138.15,568532.34,608318.03,582463.61,555015.73,639875.94,616177.74,587550.34,607857.38,585337.47,580868.79,652849.81,571444.7,570047.12,603425.48,583127.06,591973.43,603689.64,616601.82,656346.78,607596.4
211035,696670.94,637753.59,666667.06,680917.04,583157.95,656733.64,650855.85,637643.69,637311.02,653870.27,624152.97,622979.58,649697.54,728113.09,643173.42,673327.05,659348.45,610715.26,674011.18,622641.29,667802.78,631300.7,659272.95,614487.85
212035,614638.5,587919.44,652673.97,652868.79,612827.0,582781.19,596172.31,642284.11,670633.15,630179.58,648507.04,622742.81,647794.9,658482.43,611440.13,599926.29,629065.91,693366.28,678241.62,622971.91,712826.29,657687.79,683832.66,651221.69
213036,636198.79,655467.86,606136.17,652464.95,735244.59,649768.54,683983.83,625457.13,630427.39,633148.3,664100.43,685477.46,725983.02,646124.67,633063.72,708914.94,677993.96,658294.55,649690.46,645245.29,666587.37,672980.0,716900.1,638812.06
214035,991501.48,1026989.31,991684.29,981366.39,1106482.89,1038470.96,1004804.48,1105604.38,1077011.96,1039440.1,1102338.18,1103332.32,1079629.61,988782.6,1040263.89,1055732.49,1065943.42,1048899.75,1012524.52,1061854.38,1017832.37,998584.2,967741.31,974846.53
215035,879524.03,878500.66,857104.28,776148.85,829765.16,790175.99,839040.97,858813.96,809248.55,757593.12,776540.27,751111.5,829102.66,860695.79,806173.42,770763.22,817087.9,795986.24,810100.31,827381.35,893702.95,794583.7,773355.37,807312.54
216035,1017112.07,1177295.3,1126573.77,1115636.9,1031557.76,995667.12,1011080.16,1109130.96,943575.92,1033814.68,996580.39,1042705.3,1138144.38,1057182.95,962879.83,1042184.33,1006710.33,1124008.18,1036699.0,1047174.5,980052.37,1077141.12,1119235.82,1040760.46
217035,692799.14,714677.48,703857.47,671901.04,737317.6,675123.78,764959.79,784133.77,729349.95,688009.06,676735.46,750685.79,724126.03,781499.74,690332.43,726588.14,692223.84,687932.84,792956.71,731111.87,706982.56,747169.09,707958.12,728412.71
218035,1098042.06,1145402.77,1157130.69,1203590.64,1157435.14,1077231.76,1115850.26,1021555.77,1183309.44,1068468.33,1140119.37,1099893.8,1095091.09,1117466.02,1188313.21,1207894.89,1225524.87,1116032.0,1092068.01,1064835.99,1132146.56,1192067.62,1076865.61,1182317.74
219035,769652.9,731393.48,763637.18,853622.11,756888.18,757239.94,716469.54,797882.22,711851.07,747195.11,748152.35,677594.99,758707.83,717879.73,753757.52,712943.68,754122.66,773037.53,702566.33,750613.6,798274.02,720465.17,693252.4,771070.81
220035,497071.59,482062.87,457546.19,441205.27,455704.24,468912.93,468504.78,434091.47,447268.41,488529.18,502117.41,436205.26,448191.14,471845.67,488757.16,455311.39,465796.6,483603.62,496477.48,491074.37,480382.79,513787.92,480707.31,473470.22
221036,919156.74,1010354.38,941362.64,1002924.94,1045720.4,919516.27,1018654.03,976813.42,903289.23,1050211.39,1028486.91,1055626.68,991593.54,938246.34,901029.35,981008.95,1033618.25,974668.39,922158.19,964231.67,956950.19,947039.95,884254.21,972068.68
