0,87698.81,80441.12,83861.09,84949.31,81071.82,87218.19,74314.56,86455.78,80994.0,80582.03,87607.67,78848.96,86844.71,85977.6,79119.32,79357.22,82300.79,78172.36,87124.41,82754.87,85717.82,79447.86,75123.85,84296.9
432,0.0,0.0,0.0,0.0,0.0,0.0,0.0,0.0,0.0,0.0,0.0,0.0,0.0,0.0,0.0,0.0,0.0,0.0,0.0,0.0,0.0,0.0,0.0,0.0
1432,260190.19,257980.8,232401.97,268793.46,246833.05,237389.58,224243.01,238418.32,266823.03,245364.73,215709.58,250057.89,237847.01,258915.12,256943.2,247079.31,222007.1,221777.04,230934.33,243869.86,231263.81,262879.76,257227.62,244758.18
2431,219618.21,209289.61,231036.27,247274.68,222888.3,245123.58,242160.85,240717.29,218732.52,245515.51,239532.67,217397.11,208527.88,232572.83,214758.47,218831.7,212896.59,237945.93,230877.92,227744.51,239741.62,218955.33,233587.54,236604.02
3431,124883.54,129676.68,134572.42,141968.38,130594.38,137229.08,141837.37,148626.56,133691.82,136504.85,135786.88,146666.21,146016.28,139332.96,139988.04,129467.83,140771.2,142423.17,140006.76,144482.56,132353.63,136200.48,129984.5,138567.02
4432,144388.81,145485.68,151029.28,153113.75,144848.58,158364.79,152519.22,136591.06,133989.52,152652.31,152011.94,141502.02,154365.46,151073.51,144497.41,152228.64,144589.02,147980.79,137051.08,144556.75,144107.09,148219.37,149725.72,147738.24
5432,368099.8,345678.67,384212.25,369836.84,362518.45,359018.68,368212.53,375152.69,365070.54,349544.57,376321.3,359543.47,380817.94,369747.98,365985.18,381655.9,344116.29,351448.47,331582.74,375274.24,366484.06,372794.58,374944.43,366555.06
6431,473042.8,528557.04,522580.43,540806.21,498227.16,485787.99,490846.32,475543.39,496247.77,504415.97,525418.68,541508.89,527199.79,502870.28,487550.31,515477.1,480297.97,489672.51,509116.07,548689.25,478734.58,523362.74,499082.84,514240.19
7431,531586.96,491279.03,567781.63,513854.05,533065.54,501031.53,511300.81,509900.88,450123.38,517065.16,529799.42,529838.27,531057.7,498709.65,520368.87,464359.27,515483.24,515830.03,517179.87,489451.63,556727.6,500590.04,500686.09,514888.64
8431,705433.24,693285.83,744375.18,720967.08,646451.97,684061.0,651008.28,702329.7,617593.65,735929.36,709517.53,681882.71,683930.37,718932.25,710795.59,652411.75,662546.17,752012.1,667766.04,718203.65,711511.93,723135.24,727233.95,671689.66
9431,866303.18,831308.62,915035.5,902970.42,894326.86,893195.33,881040.74,961219.17,919084.72,890560.09,957353.92,881881.27,892812.88,900623.82,927382.92,924919.66,981662.79,873628.25,857304.89,843611.28,910675.42,940069.69,845468.3,906596.94
10431,873076.47,909605.53,900677.78,932076.86,889949.52,928875.93,923845.99,883773.27,967933.5,859152.12,830548.13,962631.72,894854.6,973722.91,899571.85,851272.27,1026635.93,951475.14,919941.39,908404.99,891779.31,908848.49,903561.13,904228.9
11431,1013869.99,964090.65,1075381.41,997206.97,1010200.57,1016496.14,902953.37,966609.66,871772.17,918540.9,978635.04,960028.32,988622.12,971206.21,1027104.55,934643.36,953357.78,934096.57,948614.95,930914.28,936545.06,1039201.53,980266.92,1025067.2
12431,1070954.51,1056490.6,1160357.77,1090672.85,1193879.19,1123714.26,1060952.23,1079989.12,1155838.24,1117404.24,1076939.06,1080963.81,1078517.72,1122799.92,1039267.35,1134219.27,1073105.88,1118994.44,1124525.56,1119554.45,1042221.13,995623.84,1138561.37,1183219.42
13431,981648.04,1059078.93,1017690.41,992033.06,1013508.01,1013232.05,981796.73,1053075.92,964798.34,975091.13,924860.56,1006116.15,997355.65,867038.78,1008773.62,937440.43,999890.66,1029261.05,1051484.95,849421.41,951979.43,956462.59,913641.95,964931.49
14431,1025807.63,1049746.65,1144675.89,1076188.5,1146370.23,957399.45,1065180.11,1014384.58,962744.71,988188.12,1049816.47,985821.4,1068270.24,1017638.71,1012723.37,1027757.86,949673.93,1079674.59,1012975.93,936590.47,1019213.47,1018952.14,1001390.36,970484.17
15432,966198.94,1065147.77,1013188.45,1080945.16,1104629.97,1094814.56,1120467.1,1099516.12,1122938.44,1003277.49,1083377.43,963992.34,1134747.36,1114982.6,1001369.57,1110654.24,1026773.71,1010232.46,1044695.89,1096663.4,982216.38,1030475.45,1035569.51,1204136.74
16431,1065887.9,1135161.77,1060775.12,1022804.1,1142105.97,1169889.08,1081166.22,1115798.22,1007818.1,1099347.59,1040386.13,1046162.98,1105063.94,1239421.24,1008138.1,1062342.16,1019280.08,1228512.03,1099480.41,1103454.2,984339.54,1009860.91,1103065.51,1093942.15
17431,1064732.49,1115311.27,1109357.26,1149821.68,1060886.35,1114451.22,1056627.38,1097028.8,1049606.65,1060187.13,1002435.05,1193033.82,1060929.59,1054117.33,1049210.55,924398.63,1080422.76,1051066.82,1169038.69,1057417.08,1027724.67,1115311.5,914222.19,979384.91
18432,903936.89,1047413.9,1010010.4,1037745.34,851333.55,989178.67,998942.38,1062903.34,943000.16,927993.71,955354.75,922509.37,1066184.25,1039712.54,999763.6,996892.02,1038551.96,947829.68,975524.71,902730.11,967584.26,969961.85,1009048.05,871387.43
19431,1010053.59,981449.7,1005187.86,1004964.96,961090.21,891403.66,958148.35,986120.96,914108.76,991387.93,918938.49,1024430.8,1048565.27,981174.04,945236.24,1003343.33,949401.22,1018677.7,910912.5,949923.36,943742.19,895671.63,1014923.6,954415.48
20431,1081010.85,1044143.39,1110526.74,1036318.36,1109711.56,1132878.05,1058012.8,1061178.96,1134225.55,1120844.32,1112228.8,1068503.82,1120632.43,1082566.7,1030682.27,1103148.25,1101617.82,1117919.13,1068044.69,1125856.82,1080044.32,1174176.22,1210793.71,1027445.82
21432,1036452.68,1061268.57,1072664.21,1137226.48,1051782.23,1070153.82,979436.9,1093251.01,1080958.51,1065559.73,1066745.01,1049339.23,990518.25,962732.14,996751.52,1094573.56,1104066.55,1046634.51,960792.36,1063048.26,1002921.35,1115133.12,1032044.81,1021403.77
22431,1169783.26,974661.91,989711.63,969757.16,952801.49,1146033.96,1158278.06,1020842.63,1025698.63,1058187.48,1041947.5,1011438.79,972890.76,1010412.47,1035949.21,1067932.92,1102341.89,996342.61,1002242.59,1116399.12,1009390.73,1057607.43,1087114.23,1003342.63
23431,976125.94,1053697.74,1043356.39,1041230.49,992894.48,976369.32,988141.21,1055727.86,1072491.72,1010350.43,969249.76,1013477.0,991531.19,1068982.64,1046416.84,1004887.06,1055144.19,977778.44,1039914.97,1102948.47,1013633.02,997389.82,1056064.42,986078.28
24432,1055802.39,1046973.91,1067106.16,1210603.36,1132232.27,1021801.05,1025587.06,1178466.41,1092558.94,1142884.95,1124026.1,1116555.1,942013.58,1061605.63,1075840.94,1068586.23,1020898.28,1156663.58,1094654.93,1102932.43,1103416.49,1073084.67,1151281.75,1026039.35
25431,409882.67,418700.04,362102.59,426621.88,414582.71,383620.07,441499.34,400344.87,421726.87,388915.32,409528.83,402878.11,433666.24,429976.26,430355.11,418943.92,411412.55,374779.9,383871.1,432171.34,425476.45,349335.2,405462.83,373635.51
26432,1106540.65,1012588.08,1010024.87,997580.44,1069547.08,984098.75,970997.61,1017076.97,1057793.32,947257.38,1008310.14,1064893.87,936797.29,992926.19,1011110.25,1014533.67,954599.31,1033916.87,1077916.23,1052061.99,1074705.44,1046716.28,1018261.64,1022220.56
27432,1559165.89,1439668.09,1511147.08,1467195.51,1391131.97,1475085.1,1508119.6,1452182.72,1354305.51,1509136.48,1434534.8,1419282.11,1423608.02,1548873.82,1467141.53,1593774.85,1501675.4,1371109.65,1539898.51,1355739.03,1485702.19,1428936.29,1261235.55,1483225.99
28431,857354.22,968844.6,907158.8,956575.45,927717.22,870283.22,878900.31,942865.8,1004349.52,916259.54,910243.4,906701.75,921218.27,913258.35,933298.66,913518.64,947674.35,844390.15,974644.22,972497.65,1030940.34,866826.43,878427.1,976160.35
29431,896894.68,823298.14,899022.41,916772.46,868587.2,855907.33,910198.77,903547.91,848823.12,900078.28,802057.22,950319.24,919051.4,889996.2,898424.54,885722.01,881353.88,911067.71,909269.99,820578.48,844446.65,877775.64,859603.53,907688.54
30432,858222.29,888875.49,752313.73,823635.14,811148.89,903043.49,891751.99,856434.47,834949.23,872271.44,876661.54,921570.18,897460.09,893485.98,834022.13,772513.93,841863.63,880334.58,871737.1,829210.8,839970.37,828278.01,785747.47,755298.29
31431,910183.24,850479.8,863379.83,860680.95,841816.9,878323.03,845241.54,812222.54,847905.46,819107.22,819917.7,846703.98,843973.24,836647.66,883648.16,830860.81,875302.4,858043.8,829143.08,856379.29,823048.97,831995.18,825888.38,828842.38
32431,479322.51,482308.15,517112.08,473351.16,503090.53,482562.62,526802.3,504401.57,470531.99,530880.92,492161.54,518278.83,511743.74,524059.13,507721.47,495878.49,473755.55,490687.4,502576.74,507773.64,532884.82,492200.34,508566.47,534784.77
33432,468338.91,516338.91,512229.18,506109.99,492799.68,485196.5,529022.12,503370.04,542677.37,490785.14,518385.9,515775.46,506097.34,527114.81,534423.51,502122.22,543474.61,481788.58,494871.67,511151.19,532243.97,494013.05,516703.18,498970.75
34432,717945.0,680035.0,687149.57,659407.94,736317.53,698489.62,615754.32,626492.39,672680.24,657773.08,690898.46,682089.36,707924.87,681703.97,655518.92,632517.36,659118.51,598841.63,691214.78,656632.14,660202.3,652555.94,700483.71,679894.77
35431,417240.9,448829.9,397787.94,423744.75,403475.31,431421.16,391194.77,440859.34,407868.31,419704.23,411315.98,406311.66,357545.58,408591.45,439898.42,437402.34,426118.07,430511.34,437116.44,420851.73,434423.48,415923.73,444778.05,408897.87
36432,420252.4,518118.32,421524.84,381212.25,385147.01,382388.84,429567.51,417453.57,433591.74,393958.03,367877.11,455470.44,425077.72,442761.54,453059.06,436006.36,440246.54,431554.39,445450.79,466864.76,417905.71,412780.05,419589.04,438333.26
37431,773336.47,821420.76,777974.31,835249.4,810249.97,815276.25,794576.69,780258.38,817501.71,754419.93,801797.84,825174.53,818050.64,906309.79,799475.24,865087.01,850174.01,898896.59,858770.85,805830.99,833645.26,789564.81,863334.17,765379.39
38432,337088.9,385302.0,382439.56,326905.83,389523.69,370706.6,364294.63,405347.8,331103.22,374293.55,404715.54,349559.74,330717.56,384108.68,368398.91,329975.84,366867.33,330190.02,370739.46,342559.46,370572.86,342088.26,373688.88,355841.52
39431,307776.51,300264.27,326973.48,308762.29,306626.8,317490.37,315273.34,284388.93,298751.21,311951.74,329858.41,307944.25,308313.25,335213.05,281418.27,296683.5,326268.5,316732.52,331343.02,328616.56,321465.65,268117.39,319633.84,287443.64
40431,797759.05,764210.17,775835.51,805808.59,752357.33,712096.3,767931.09,783854.72,746289.43,774934.86,801202.66,798459.24,772706.33,748033.44,780513.7,755338.19,784365.91,793197.28,799641.82,743886.73,789994.21,783934.25,765203.34,729416.13
41431,442731.45,467577.75,421464.67,461217.27,483795.94,441125.71,462810.53,459595.13,397164.72,482041.88,461674.63,437266.63,426602.95,482116.08,431939.16,438577.36,410344.19,450318.99,408538.8,442505.65,446758.87,456233.09,469242.51,416045.47
42432,333222.05,359976.52,356908.21,353503.03,351706.75,326528.6,366569.71,350338.32,361965.26,357008.87,360653.99,362002.73,364461.63,325378.03,330796.78,342212.78,339540.76,326734.69,341534.52,327328.97,369711.35,354431.89,382653.85,343019.43
43431,0.0,0.0,0.0,0.0,0.0,0.0,0.0,0.0,0.0,0.0,0.0,0.0,0.0,0.0,0.0,0.0,0.0,0.0,0.0,0.0,0.0,0.0,0.0,0.0
44431,0.0,0.0,0.0,0.0,0.0,0.0,0.0,0.0,0.0,0.0,0.0,0.0,0.0,0.0,0.0,0.0,0.0,0.0,0.0,0.0,0.0,0.0,0.0,0.0
45431,474905.08,441937.29,455148.05,486451.87,519096.15,539979.11,489164.65,525290.98,484624.35,517342.87,532473.76,519100.09,475678.39,462513.61,489946.95,498137.24,472022.18,489616.54,515409.75,549200.24,493351.5,440658.4,555524.43,470371.74
46431,730801.93,745405.93,764573.14,736645.55,718444.42,738472.21,711943.66,718785.07,764538.28,695931.58,716853.78,708365.07,705462.84,706665.35,724268.46,701226.58,694325.49,758250.58,740928.45,720004.49,772227.46,766394.22,676475.1,730967.99
47431,607363.11,566838.23,662350.08,597818.39,660570.4,649138.01,614694.89,669226.08,640876.66,661413.72,598234.29,592820.48,697785.44,647915.18,654856.66,613243.13,681153.61,607210.98,594421.95,703432.86,620838.73,642967.74,629979.32,645866.8
48431,927562.41,915089.19,822849.63,914552.32,832761.57,902188.65,950315.66,893301.86,874965.46,908334.98,884854.01,810352.91,892539.1,953002.4,883131.45,896477.1,810042.04,865955.0,839000.91,950578.0,913708.06,931322.03,875567.2,824858.07
49432,1151363.71,1025578.02,1116221.08,1121106.59,1190440.38,1162256.76,1181960.52,1161547.48,1127390.63,1159804.13,1185829.07,1214765.49,1226599.1,1117416.2,1075424.43,1161317.69,1172084.99,1255338.17,1259217.2,1228717.26,1144977.99,1081336.66,1151976.28,1118259.08
50431,891119.53,853586.2,846142.47,865072.83,890746.86,932294.64,891127.91,861284.1,881921.28,856267.74,821435.65,878837.15,892578.54,980493.92,869997.52,877508.8,868398.27,874323.4,874166.4,868023.97,834625.59,911288.51,919799.82,929956.41
51431,778427.25,747336.99,752752.47,784799.96,718562.78,703521.31,730707.71,687561.36,698169.07,746563.8,808872.49,728454.91,768799.15,749528.61,735251.48,794255.37,692835.4,716522.87,769822.34,788232.56,776600.48,866320.34,767415.26,714157.26
52432,811561.1,815203.73,839343.16,800715.98,818966.67,801129.8,791064.32,813380.44,864881.44,844120.08,765498.36,842615.24,768161.67,708461.67,791755.77,824634.5,793788.52,787742.74,774390.78,775716.65,777120.18,758313.52,805916.04,743022.07
53431,940677.98,881065.14,891244.57,847244.15,899192.69,941450.59,841600.27,916105.59,861041.71,867995.57,955053.39,984443.96,908238.03,935046.11,946588.14,961679.67,946320.79,995039.43,969245.72,929103.83,844589.19,866868.71,854642.07,858344.35
54432,756646.38,669707.21,718142.15,735485.98,677281.46,685903.65,702007.77,724077.02,700279.27,719085.42,710492.49,781279.85,736329.56,707506.65,711548.78,683365.9,721446.33,654819.55,710799.01,748749.44,735316.14,730693.8,734441.31,727329.33
55431,874652.98,920040.33,996492.37,965370.97,984428.41,936345.23,910216.37,908772.28,881084.5,992266.68,899050.31,948712.11,957321.95,960356.67,859197.06,849921.53,1043806.99,944393.21,918479.56,961927.92,910877.01,1018142.35,972854.9,886570.59
56431,1058094.77,1056436.59,1174183.41,1052693.38,1087757.72,1000270.54,1032909.93,1077021.85,1107428.54,1112430.47,1093873.75,1072201.19,1064625.31,1204446.74,1082429.92,1042564.66,1019434.5,1087925.3,1123906.89,1128785.74,936904.06,1123316.63,1093267.62,897620.16
57432,606176.19,576519.69,596880.22,622639.98,629622.14,622386.73,602797.72,616883.86,595389.19,668261.65,595955.75,602427.28,557510.35,600866.43,656320.19,596169.03,600432.76,618362.63,596943.54,614471.05,631276.53,641177.5,659983.37,590901.3
58432,1242900.73,1250434.61,1321337.44,1271431.07,1168302.52,1361123.41,1275022.59,1212377.28,1220577.81,1320312.29,1243148.2,1275926.13,1169013.79,1213035.92,1260001.83,1269014.1,1292305.93,1277292.81,1273721.05,1391260.03,1293430.29,1313793.52,1228255.11,1455015.49
59432,1546982.9,1806125.52,1829657.82,1874892.71,1866859.66,1562941.99,1760493.49,1799193.45,1784382.22,1604314.38,1641860.88,1785664.76,1800347.65,1704724.26,1886188.54,1702068.35,1722536.2,1744345.12,1826057.03,1831097.4,1535020.4,1840814.65,1726046.14,1935497.41
60432,1734558.33,1620369.33,1649737.94,1500615.38,1570113.05,1632344.16,1717301.08,1623844.49,1653299.24,1613548.62,1594781.08,1384184.03,1606113.15,1711766.17,1753455.08,1682257.3,1653002.6,1518691.45,1554419.8,1671608.45,1531646.71,1641084.91,1616457.32,1658766.19
61431,1899122.97,1755309.79,1783942.38,1841317.75,1898358.86,2008916.42,1761803.42,1985756.07,1724535.93,2062370.61,1891959.63,1917054.84,1877899.03,1922462.47,1976411.93,1604897.91,1739273.78,1928345.09,2133729.62,1813170.55,2008034.62,1910446.73,1860929.74,1762628.54
62432,1196616.53,1130111.7,1124087.02,1127403.24,1112603.18,998831.16,1045037.07,1081866.83,1129990.97,1119820.52,1120553.91,977238.89,1033691.33,1093994.31,1197523.22,1173104.3,1017644.5,1167462.05,1158792.57,1065618.66,981292.27,1158052.1,1092299.27,1165773.93
63431,2504239.29,2493462.86,2455887.4,2483419.65,2468475.04,2447860.15,2403278.96,2333581.27,2163496.49,2479278.57,2367415.38,2723892.64,2208591.32,2593139.66,2437446.89,2930345.45,2623315.85,2410191.42,2682387.88,2462146.95,2405038.45,2703911.28,2518378.16,2224096.48
64431,1941005.42,1712797.68,1888173.97,1854127.8,1857391.92,2076893.65,1845686.5,2012887.22,1977283.57,1955468.95,1905263.65,2023188.31,1892669.6,1978354.15,2067625.43,2029932.17,1874848.56,1963737.2,1677009.53,1754109.71,1912990.24,1704792.07,1809593.84,1848200.37
65432,1635122.68,1522759.61,1822855.78,1851370.94,1729695.73,1686352.65,1703869.24,1802740.6,1554065.73,1661143.03,1780899.62,1762671.59,1759740.0,1709808.35,1694872.09,1866243.32,1805713.84,1908074.65,1757315.58,1825465.92,1851486.65,1779787.56,1513578.21,1851585.32
66431,2113805.66,1988074.18,2161231.97,2057083.14,2300421.59,2122029.16,2183261.54,2070252.22,2094172.42,2170279.13,1947613.89,2131948.91,1922727.55,2133995.66,2108571.73,2256833.73,1917687.98,2071752.61,2031981.63,2068880.71,1905793.17,2122981.72,1951843.7,2027642.37
67431,1425508.51,1456517.22,1350743.43,1487257.77,1374823.94,1341837.75,1398748.89,1447791.16,1524590.43,1299421.37,1405871.5,1455687.68,1309591.02,1219713.17,1308181.33,1360798.0,1311053.01,1490559.44,1351471.8,1427537.47,1338544.43,1368163.43,1552763.44,1384338.5
68431,1763962.87,1884109.74,1636287.2,1695588.21,1768967.59,1884397.73,1743864.43,1723328.31,1839628.98,1748901.75,1834370.66,1694413.41,1824617.29,1966792.27,1862180.59,1945561.38,1918923.64,1906181.06,1859111.64,1590104.68,1931302.7,1788295.1,1777107.84,1876543.95
69431,1652716.78,1609176.85,1465106.87,1593192.94,1616248.84,1506460.78,1647215.38,1506495.72,1709197.77,1565551.04,1591199.98,1759600.96,1550638.72,1652525.02,1628981.87,1746212.51,1663926.71,1585382.85,1547994.02,1450420.01,1586156.5,1649269.14,1741596.11,1738644.08
70431,1357345.63,1435910.59,1410062.68,1472698.75,1367156.83,1522529.93,1620075.72,1391451.13,1457916.03,1429917.89,1595716.8,1485466.87,1465458.66,1471947.69,1393359.04,1474465.81,1492045.98,1393576.49,1285943.06,1441827.29,1430818.23,1489000.64,1450024.86,1384390.89
71431,1506046.84,1640976.38,1575168.73,1533009.84,1590563.94,1643216.4,1582106.82,1494872.49,1581393.16,1555929.31,1716538.09,1386882.38,1545155.03,1440609.65,1529913.26,1415748.21,1631690.28,1635742.36,1639762.29,1559405.4,1523192.62,1611488.33,1460602.32,1565544.87
72431,1079869.42,1077220.99,1091912.81,1000156.07,1062204.72,1182459.24,1100597.61,1052672.71,1076593.44,998418.26,1102666.88,1185654.86,1124298.65,1107228.43,1082983.59,1150357.48,1075958.15,1058321.51,1054213.05,1051131.41,1203533.6,1230716.53,1011152.03,986847.31
73432,1677738.55,1468899.3,1601431.78,1482513.99,1593316.15,1603514.2,1478438.81,1591038.48,1513436.04,1568524.88,1682789.96,1486274.34,1496136.69,1539595.43,1691027.66,1581999.25,1550591.89,1565576.09,1653970.03,1591401.35,1583477.81,1483676.69,1631518.57,1603572.46
74431,1304943.16,1390883.2,1274965.63,1246745.55,1223843.17,1336337.35,1363760.17,1218784.18,1249245.43,1303352.92,1285808.46,1199070.66,1271961.54,1242395.48,1324792.26,1263508.62,1349760.04,1166829.8,1343161.64,1355851.31,1243073.54,1431596.12,1271182.39,1200268.74
75431,1485643.2,1549696.46,1481250.96,1427450.94,1482549.15,1467767.51,1444111.53,1451839.89,1458738.1,1408257.42,1370942.07,1430693.14,1467640.17,1565411.04,1435595.21,1374429.71,1464267.39,1324229.42,1378178.75,1360930.24,1419029.63,1434671.97,1363559.72,1445527.47
76431,1329178.39,1369060.11,1438434.22,1443179.83,1581319.53,1509876.14,1432720.64,1366818.97,1411255.64,1417642.91,1423954.77,1475142.97,1579996.29,1330323.18,1436667.34,1418121.22,1481177.84,1416461.08,1454532.1,1380399.23,1395549.28,1379371.31,1536355.67,1350120.21
77431,1303967.41,1513211.02,1571670.07,1504204.22,1413589.25,1340492.97,1335550.58,1305724.76,1476354.99,1399509.21,1501767.97,1462485.78,1325945.98,1432390.07,1531194.23,1451437.38,1404323.67,1536949.8,1475134.13,1449062.63,1327997.54,1488091.71,1363167.6,1438280.84
78431,1809037.78,1661220.91,1732623.67,1708551.44,1587911.45,1822146.44,1822852.61,1719245.2,1622679.82,1661787.23,1738148.61,1757967.65,1718731.94,1779783.42,1621710.82,1594533.49,1622320.31,1702264.97,1569001.56,1655582.09,1757199.98,1636782.44,1772574.44,1661902.4
79432,1285800.36,1376443.23,1535892.33,1395532.03,1536233.39,1290271.34,1330657.09,1476919.56,1428439.76,1337816.33,1361469.47,1385832.34,1494614.59,1338110.08,1386194.59,1322073.83,1426990.87,1400553.68,1222688.13,1443023.38,1417021.61,1455284.04,1469610.83,1319971.98
80431,1528322.66,1393973.99,1471387.2,1333879.5,1370247.12,1416464.26,1437345.35,1375416.28,1467459.12,1502652.26,1571363.89,1374280.6,1464003.94,1412203.23,1413854.69,1420586.48,1408378.06,1315171.28,1478247.42,1491597.72,1405979.05,1352851.85,1418972.79,1401804.91
81431,1039936.25,1087634.22,1123745.51,1058670.2,1154610.18,1179294.16,1088396.9,1127208.71,1063814.94,1114171.29,1069697.94,1102307.14,1026539.17,1108328.7,922106.64,1117764.76,1079263.0,1078155.69,1014301.01,1133283.57,1026480.19,1001143.66,1143357.8,1046224.75
82431,1021323.7,1034063.06,983006.59,916037.4,1009243.19,1055863.28,1117723.83,1110690.93,1058085.44,1041933.32,1076825.7,1028102.41,1009678.77,1054417.17,1025193.46,1075461.48,969106.46,1040846.18,1106388.2,1094003.33,1088913.0,999293.94,990582.08,1104353.93
83431,1898872.61,1880031.64,1862705.44,1809055.34,1810344.18,1925647.86,1922522.87,1828343.41,2030086.79,1775867.21,1732586.51,1834876.88,1966729.88,1911463.15,1829431.67,1769253.78,1831125.37,1820529.14,1946686.95,1735608.62,1781353.06,1839405.45,1827670.17,1773069.64
84431,1561709.91,1521237.07,1575020.35,1439978.06,1499820.53,1456876.85,1569026.02,1568687.69,1506444.19,1468414.77,1577587.57,1571185.4,1519401.33,1601453.48,1697930.17,1450737.71,1531199.3,1567210.9,1411330.45,1608676.72,1529609.35,1488907.32,1493857.16,1544877.37
85431,1292090.31,1268356.14,1243121.29,1279736.51,1249518.3,1069877.84,1070244.79,1235044.81,1150561.93,1190574.36,1244593.21,1176702.32,1234407.37,1218752.79,1167344.71,1190333.82,1120720.86,1254149.24,1165313.67,1291641.86,1252765.35,1163716.65,1138660.83,1129044.23
86431,1411304.63,1592646.82,1480046.1,1520009.73,1337412.23,1417021.23,1456704.1,1476894.84,1461732.8,1401372.82,1462715.18,1448359.34,1461795.47,1409584.03,1481387.72,1609153.66,1577954.78,1432615.87,1330359.38,1635467.66,1462743.36,1478626.4,1352598.34,1415983.48
87431,841484.29,883029.78,825791.37,857327.7,820633.19,899820.37,832990.56,869060.24,882940.17,901650.45,763714.51,923374.75,884244.51,845261.22,875110.37,840279.17,879149.7,879506.6,853421.04,927714.77,812762.81,864102.41,883983.24,833547.53
88431,1306355.16,1229960.51,1308369.63,1448981.89,1318545.97,1242771.28,1293809.79,1383942.78,1264283.13,1325301.9,1195692.02,1242794.38,1201228.84,1378313.13,1325663.05,1399961.44,1257987.7,1256300.72,1340491.68,1413770.49,1337235.53,1316796.87,1451236.76,1385246.34
89432,1180963.32,1180752.57,1121555.3,1183030.67,1164805.6,1167592.7,1060836.84,1147203.11,1239064.81,1191388.23,1243375.61,1115569.31,1108525.02,1173275.54,1240604.59,1137009.51,1161935.41,1113041.03,1124269.4,1220778.99,1184140.37,1018278.04,1212635.07,1114916.02
90431,1452951.22,1234436.38,1375206.28,1538492.6,1314553.62,1346347.79,1508071.22,1482091.82,1445212.1,1508667.15,1380561.09,1453903.15,1418914.64,1403828.5,1456385.19,1292120.24,1384112.12,1376274.71,1413323.24,1309462.53,1389497.32,1536196.76,1260237.08,1441489.02
91432,955614.32,979819.14,991694.04,1081241.78,923822.75,976667.16,907400.72,911797.19,948475.41,945400.25,939556.33,976189.08,910697.58,1024587.92,940289.96,998101.65,900054.07,1075590.67,969349.34,1029516.63,970843.31,980605.79,915592.66,934274.11
92431,807392.73,817924.21,911502.51,841705.67,856821.4,825644.15,838375.73,911896.75,799583.73,883796.83,821917.21,883561.34,905049.36,913871.72,837517.6,838787.3,852996.09,853808.6,854509.96,813503.57,805205.47,857563.53,833543.15,816048.52
93431,982651.09,1017765.45,926008.75,1067588.88,918586.57,1002520.48,967754.11,1012615.85,1002722.61,1013404.39,972829.86,949260.6,1033477.08,1023528.24,931272.42,1032371.5,1010666.94,997502.32,916081.38,949629.87,995547.39,1029623.78,976876.32,968599.1
94431,1016597.64,980286.47,938363.06,968552.05,1036959.77,995938.0,1032490.48,966042.05,953697.9,930777.69,957258.91,992268.16,952744.78,957347.75,1015757.81,960452.37,968324.11,1017558.86,989592.09,926459.93,988558.27,935710.52,983544.32,1003550.07
95431,926793.84,816467.26,829910.39,750159.66,941608.67,814459.71,872589.48,839408.39,843852.39,840097.89,954356.04,750133.2,827071.12,773758.87,873515.22,864132.25,942044.61,839088.42,870848.52,875107.43,892417.11,849885.07,766114.38,887100.52
96432,1116342.52,1169752.2,1146714.98,1166067.61,1125244.69,1083442.37,1175142.91,1132472.62,1090714.48,1125241.31,1200587.32,1203329.63,1111930.38,1185186.02,1090127.19,1176202.94,1141400.28,1149433.26,1039697.38,1106017.99,1140213.69,1044521.89,1146582.01,1160908.77
97432,922039.02,975290.48,951105.58,911727.33,824316.28,957702.03,816450.29,979863.35,911128.41,935864.26,1020160.55,884973.74,900228.99,920965.64,983787.85,964748.2,948641.85,1003466.66,1035070.88,899750.65,966874.48,968653.16,931523.52,972647.33
98432,834580.73,759387.12,710372.11,797963.97,836617.89,791111.14,782767.32,804789.59,790143.72,803602.16,795802.42,787459.11,855433.96,882844.81,825316.91,804312.55,738952.07,830856.61,832664.65,856008.15,801674.22,819428.93,757974.19,799736.27
99432,514040.91,557889.16,541350.24,517659.95,520659.68,503098.67,510128.04,510852.84,544451.74,504391.46,488792.72,514008.7,495967.11,532295.75,581430.74,530882.02,507774.91,491061.66,563876.81,529898.36,521987.62,543309.55,516524.27,535046.42
100431,1482758.94,1520690.57,1400212.21,1541362.76,1524383.98,1380703.4,1500182.35,1420905.04,1472986.67,1303663.29,1379376.35,1565200.59,1514500.13,1507040.12,1556020.92,1445355.86,1345645.75,1405537.06,1486040.81,1483187.53,1233137.34,1532263.33,1435894.14,1579274.98
101431,1790466.81,1771768.95,1933945.53,1792432.53,1817558.32,1725359.62,1835594.74,1753071.59,1735886.19,1833685.65,1820392.52,1836022.23,1709358.53,1731998.02,1677104.84,1697428.9,1732095.33,1597619.29,1954883.67,1677066.92,1779511.25,1743120.24,1891115.61,1648502.82
102431,1344573.19,1192236.06,1303025.35,1225983.78,1366165.07,1444708.71,1429489.46,1353635.04,1371267.14,1381491.03,1431920.97,1334500.37,1263520.4,1305543.23,1150108.58,1440710.42,1331122.13,1434188.87,1365381.6,1536955.08,1411883.64,1416337.46,1398535.51,1448191.34
103432,2028936.54,1763350.87,1731141.78,1867276.43,1719829.94,1819251.73,1870327.7,1948718.45,1883381.2,1832081.2,1980449.76,1978288.05,1980129.44,1864575.76,1790019.42,1849470.25,1691975.37,1901968.18,1884264.15,1854234.24,1870065.52,1736113.57,1974243.86,1882951.35
104432,1682556.58,1682108.46,1581365.01,1644621.59,1704976.7,1732278.23,1686300.61,1495890.78,1823048.16,1711129.03,1754389.53,1764422.61,1554147.53,1638125.88,1822704.33,1781286.34,1670347.18,1710563.24,1665276.69,1607602.69,1637592.56,1708403.85,1820585.71,1672218.76
105431,1602846.31,1695804.48,1679158.05,1693215.91,1654442.11,1637011.18,1594939.63,1590763.58,1729556.86,1666302.89,1731086.45,1683917.86,1708560.3,1603866.57,1675677.08,1780623.21,1714553.92,1757010.03,1636595.79,1758043.98,1726342.8,1687017.59,1562956.15,1711520.85
106432,1542553.86,1438952.07,1520682.44,1431896.39,1539173.59,1558237.92,1553573.43,1534022.8,1451820.64,1442903.02,1481918.65,1593523.94,1538942.83,1497085.94,1463064.03,1532644.02,1570367.12,1392052.46,1561179.09,1527305.45,1533773.53,1451377.44,1474791.89,1532439.61
107431,1501406.94,1575290.47,1441795.78,1422082.47,1458821.05,1615184.05,1421600.21,1440705.07,1631816.54,1612263.38,1537908.43,1503495.28,1383067.09,1446300.57,1446746.24,1568501.05,1471828.65,1426052.75,1435036.23,1428904.67,1515425.48,1557261.53,1492679.37,1460202.72
108432,1141757.89,1238856.89,1148053.55,1261398.08,1215720.02,1184668.35,1144642.58,1127252.13,1126431.58,1136100.24,1166748.26,1101022.7,1215595.79,1110482.31,1155019.55,1109184.16,1200383.87,1105277.18,1172614.08,1124388.54,1139026.36,1135452.87,1178769.19,1210309.77
109431,2173301.51,2445336.06,2419896.61,2468268.42,2164698.72,2285578.48,2112905.45,2286686.7,2504552.93,2220566.59,2059441.16,2447539.03,2124624.1,2480241.69,2377471.28,2025655.07,2224865.49,2216114.61,2344980.64,2296377.16,2482234.48,2310750.13,2165013.79,2161624.9
110432,2582357.05,2588792.43,2982497.22,2622886.67,2487599.69,2618335.19,2573477.49,2886306.16,2478225.86,2522279.81,2741973.5,2755499.18,2760554.85,2776022.57,2673352.32,2511796.98,2729826.95,2709112.87,2606973.04,2666316.41,2532307.14,2613243.09,2678583.03,2660527.38
111431,2641988.03,2516856.01,2679386.76,2804108.58,2446814.15,2550250.03,2768822.77,2609566.45,2872129.32,2584121.81,2590012.53,2636372.51,2461904.08,2621540.08,2902580.44,2451637.04,2557627.82,2593533.94,2637202.02,2515217.79,2496718.15,2666125.83,2744556.1,2730803.77
112432,2175401.79,2205536.19,2102588.82,2279225.3,2295134.72,2145724.66,2459143.08,2369047.47,2371058.19,2201177.67,2234254.18,2082784.83,2187522.89,2341128.74,2208490.57,2243315.77,2415776.44,2356770.96,2417809.41,2302939.72,2269632.37,2347700.9,2332322.38,2486163.05
113433,1197164.88,1101686.05,1084539.74,1039427.62,1188238.02,1116777.51,1185774.15,1174249.47,1103514.22,1066729.58,1054804.07,1181059.91,1116103.38,1238792.49,1188889.85,1146677.39,1130334.08,1190922.96,1099207.14,1131276.22,1138792.31,1050386.97,1091492.56,1099476.63
114431,1653817.44,1927273.74,1822907.42,1806556.86,1874900.26,1768508.11,1837283.81,1832044.63,1841919.62,1727138.78,1793050.24,1784730.39,1850069.61,1872012.95,1925394.42,1808443.39,1721084.85,1771146.45,1809170.78,1745055.85,1939016.07,1828341.84,1793259.22,1854542.93
115431,2203230.38,2112298.88,2177690.23,2274550.34,2239887.56,2246519.42,2109039.64,2066419.79,2180389.45,2281345.23,2245466.06,2126532.04,2187558.65,2128023.62,2252565.55,2127350.36,1985194.31,2069754.66,2014844.91,2036197.75,2190166.04,2235955.81,2411691.23,2278757.15
116432,2564318.49,2626945.23,2614053.48,2479443.87,2602895.72,2762118.62,2727775.27,2542262.58,2442566.77,2625430.4,2629525.2,2444720.45,2493722.04,2625103.93,2592429.21,2503162.02,2449956.84,2642249.41,2696483.84,2634728.76,2650887.81,2650135.45,2525641.37,2584339.7
117431,2050670.35,2147214.07,2154717.44,2204709.53,1965795.81,1859442.45,2133917.49,2151038.86,2063179.3,2188926.32,1946442.07,1983713.21,2093656.49,2073852.22,2317415.81,2019803.07,2106874.43,2095832.68,2073227.83,1963825.41,2119454.63,2026494.13,2122240.54,2039176.99
118433,1675332.58,1679333.48,1829789.23,1819716.12,1725292.79,1585912.32,1773833.46,1679490.26,1835760.36,1756577.64,1854454.36,1775137.34,1715129.46,1735844.16,1655563.82,1789945.43,1805551.68,1623836.13,1867702.77,1588675.73,1660528.69,1852348.18,1751566.21,1888083.11
119431,1754798.09,1549183.78,1623354.42,1671969.28,1622139.4,1581534.8,1667167.41,1660213.21,1576347.53,1615587.51,1708301.77,1666817.71,1724727.48,1661544.37,1629962.62,1659544.81,1535974.24,1764678.5,1601492.34,1607584.14,1608491.31,1691897.56,1673432.51,1773245.25
120431,1692925.7,1512389.5,1521408.52,1609149.24,1786518.9,1632039.95,1674156.84,1550373.2,1729921.45,1711579.29,1704694.53,1583666.14,1700717.1,1660324.48,1646999.97,1552326.69,1547784.18,1641204.41,1517926.35,1789558.91,1527753.81,1594426.97,1657952.1,1679660.83
121431,1010021.28,1119106.45,1026128.34,955209.96,1069515.81,978015.52,1057510.75,1073204.34,1018591.97,1011112.32,1071396.51,1035921.94,1028698.26,974846.57,1043334.09,1025401.03,1012578.66,997213.86,1104902.31,1022182.36,1012325.21,963422.02,1051092.86,999197.89
122431,1370395.22,1294156.0,1442153.4,1425558.35,1397174.01,1385571.92,1411230.54,1401959.24,1385092.69,1411967.98,1299385.45,1318224.15,1368230.06,1318158.45,1309999.24,1411012.94,1252343.0,1345787.74,1337141.07,1326775.39,1241736.06,1389193.85,1440590.95,1489074.22
123431,1113898.92,970301.37,1047297.26,1006570.47,1041148.74,1070194.63,1127369.35,1051303.68,1125044.64,1143863.6,1125769.24,1137659.23,1106914.65,1088334.99,1142461.09,900905.03,1019487.46,994967.46,1106763.86,1085177.7,1055051.33,1128766.04,1059494.85,1212616.76
124431,880380.22,886393.56,947878.2,907245.68,916145.48,845533.44,841593.33,872244.74,979821.73,938061.29,881174.57,834273.78,955452.25,873331.81,956345.9,963830.47,956926.29,1009600.5,964659.26,890669.38,886541.19,902575.73,958919.16,920906.85
125431,2224286.34,2390468.57,2237667.74,2269385.6,2007537.35,2047176.81,2274340.58,2147269.38,2132496.92,2475799.13,2133811.26,2210831.16,2238514.32,2245734.64,2202272.8,2272371.59,2199880.82,2229525.1,2223750.21,2290096.05,2371519.25,2178377.79,2283006.05,2148232.91
126431,2122585.96,1983909.35,2000352.92,2077727.89,1832699.08,1872709.06,2033597.17,1802265.04,1790687.69,1951721.97,2091205.35,1814981.89,1897321.3,1750141.61,1853308.32,1838944.35,1915836.84,1816095.75,2150261.84,1966105.18,1930484.88,1876499.02,1953287.27,2003022.15
127432,1548404.7,1583183.26,1696582.79,1577743.18,1550135.71,1736792.64,1514579.34,1611210.24,1626907.25,1693163.69,1662686.68,1601476.63,1706864.36,1578715.47,1648707.49,1671742.65,1608979.29,1739455.17,1609913.91,1691742.36,1663435.04,1835394.04,1586099.78,1470253.43
128432,1497256.14,1404137.96,1447957.71,1389393.78,1494480.6,1424579.18,1404356.43,1281061.98,1330413.62,1574861.2,1404774.1,1348212.68,1398759.07,1420537.04,1418455.53,1427812.27,1369748.99,1392309.2,1452731.58,1306937.18,1496449.12,1308387.55,1436953.24,1329699.4
129432,1633653.71,1607975.75,1611672.78,1777319.49,1922307.03,1666639.4,1855351.92,1788621.1,1771936.17,1716435.29,1836904.97,1649554.07,1829653.27,1690380.3,1609547.85,1762408.13,1682439.94,1641173.4,1618405.47,1726821.24,1858411.19,1781951.97,1752450.78,1752314.16
130432,2345061.4,2480955.28,2808812.98,2510628.88,2459218.58,2524293.16,2529493.0,2429210.1,2483418.53,2443219.26,2612280.88,2505304.34,2542302.7,2740695.07,2576313.98,2523319.49,2505726.7,2553247.65,2308481.54,2474813.24,2469034.44,2559288.72,2649731.65,2428552.44
131431,2345198.74,2196968.63,2125470.7,2065194.57,2254208.99,2314799.59,2270243.42,2118015.21,2313760.38,2303707.74,2359487.09,2216532.77,2235454.02,2119432.82,2167054.19,2284567.7,2136097.84,2374211.1,2150005.21,2106327.82,2450336.51,2170964.7,2231687.76,2279618.01
132431,2606764.69,2660641.25,2557467.54,2537505.2,2625829.98,2757784.85,2660134.32,2457105.49,2517990.38,2296539.62,2496918.64,2324502.46,2459334.2,2502858.13,2487938.67,2493629.71,2413036.41,2493475.52,2664921.21,2292703.6,2544531.46,2304773.34,2573391.01,2266211.32
133431,1121633.69,1256919.36,1187786.24,1427266.89,1328554.28,1268959.61,1272338.37,1340172.82,1355881.32,1286712.86,1273684.64,1350840.23,1251949.69,1306185.13,1186772.52,1285368.99,1359454.53,1209017.94,1251423.38,1372681.64,1315317.27,1160488.88,1260401.43,1376875.15
134432,1293366.73,1364662.6,1404779.33,1390813.92,1211858.39,1428476.99,1439859.8,1343733.98,1270883.33,1391447.93,1365151.91,1404916.07,1392519.81,1341234.54,1482384.51,1554958.12,1345774.13,1369517.55,1382744.37,1408258.45,1322372.9,1294445.06,1470103.88,1311881.14
135431,2633248.56,2486268.13,2522307.95,2324418.63,2367301.43,2329329.81,2589067.01,2770796.71,2679977.74,2523220.77,2678420.51,2456609.1,2387589.13,2628647.58,2377193.69,2466013.78,2553583.99,2570281.34,2780399.04,2509094.93,2568644.09,2572531.64,2522882.1,2546157.63
136432,2898123.21,2563552.13,2605596.28,2653611.72,3034849.42,2851925.88,2493812.02,2645770.4,2719137.59,2787235.16,2644385.44,2707651.06,2780875.93,2524954.2,2875811.1,2662788.08,2897133.08,2943363.35,2680140.24,2909715.68,2746712.25,2676227.72,2932596.47,2733211.72
137431,2556494.0,2492110.66,2452418.38,2698908.09,2810001.75,2414982.61,2583113.45,2701459.12,2576463.66,2330668.18,2464480.4,2498747.37,2396873.71,2429507.44,2657752.17,2530035.09,2517310.54,2459534.32,2410878.01,2491839.28,2551566.5,2515775.4,2303001.66,2533161.65
138431,1708022.96,1702140.62,1839896.43,1669612.55,1682780.57,1594729.0,1730999.81,1889360.34,1703452.68,1644036.23,1719764.56,1936050.59,1796127.2,1767747.87,1666109.55,1798839.55,1811387.09,1800127.62,1730186.2,1656337.64,1676242.43,1714476.32,1781471.73,1860042.52
139431,1203392.19,1201802.28,1159713.48,1267429.63,1210688.57,1309887.61,1177042.47,1305005.44,1265765.33,1293917.47,1191801.86,1241986.95,1300721.35,1116369.53,1311131.54,1126997.31,1197031.39,1240519.25,1174775.12,1265133.65,1276855.62,1248848.27,1228984.99,1160436.45
140431,2464111.62,2456910.37,2261038.64,2422184.38,2245915.96,2169428.05,2455846.15,2516611.04,2306788.31,2499376.41,2352701.53,2411870.8,2355781.48,2308819.04,2339274.04,2357158.57,2210602.91,2201294.42,2396692.13,2401531.61,2096404.34,2193227.21,2338975.99,2474708.06
141431,2577744.32,2675177.6,2798662.75,2769013.58,2772036.73,2625071.88,2843746.54,2631429.18,2690095.81,2802063.97,2687718.69,2824820.14,2625230.98,2654365.3,2757761.17,2898060.26,2643436.93,2787245.79,2433826.59,2744336.57,2761144.63,2726857.13,2630707.27,2624807.38
142431,2619322.56,2717914.94,2816294.59,2845373.76,2847793.18,2904263.25,2690322.9,2963906.79,2779179.46,2824749.54,2775424.38,2602166.3,2863867.22,2809739.8,2849781.0,2932818.63,2635891.7,2852740.31,2452072.2,2644837.66,2801494.26,2849200.13,2455334.36,2873597.87
143431,1530800.25,1693280.55,1701411.16,1743411.34,1658644.74,1623809.89,1533475.49,1469369.81,1586330.32,1433444.66,1570826.74,1659430.96,1526086.06,1547281.7,1685892.6,1583765.98,1663050.88,1663145.26,1712756.3,1537757.87,1595025.16,1479767.33,1695013.98,1647211.81
144432,1702521.27,1532296.74,1739436.97,1760378.09,1651735.63,1717599.68,1661738.69,1805514.33,1736155.8,1732637.15,1614715.02,1601726.6,1653956.56,1763931.59,1685342.2,1546977.17,1685874.05,1582756.56,1530379.9,1740050.99,1675494.61,1610176.47,1564780.08,1591135.83
145431,2525456.9,2303996.06,2331606.23,2418652.71,2382430.88,2346862.95,1989300.59,2441390.29,2323135.15,2396240.61,2260358.5,2197016.68,2052468.98,2266246.32,2130604.14,2068620.18,2316503.72,2192630.53,2370322.32,2275754.51,2381720.11,2223821.93,2348330.39,2317146.49
146431,2705795.96,2528233.71,2678144.2,2565986.96,2698280.26,2640585.97,2514257.9,2433609.77,2667432.85,2908219.79,2657682.9,2533169.57,2558240.62,2869736.5,2851086.34,2393201.61,2498164.51,2366903.02,2509412.87,2686582.84,2648323.78,2586204.69,2661123.34,2549763.5
147432,2764874.31,2813067.88,2713219.01,2667239.06,2868740.36,2581530.16,2628394.12,2597831.33,2653158.32,2597692.02,2751467.41,2868252.99,2421348.27,2858452.1,2637551.88,2783114.43,2662121.45,2779184.86,2785253.63,2980077.26,2639322.75,2777321.12,2785289.13,2785841.25
148431,1752605.78,1838676.04,1868661.21,1812696.49,1652349.24,1698838.58,1634058.67,1667113.32,1757356.35,1738167.52,1731434.24,1681527.45,1617993.62,1971526.97,1609375.47,1820186.22,1640658.52,1639725.92,1827776.07,1960691.1,1739541.46,1717269.23,1773216.49,1833297.57
149431,1315616.82,1484644.99,1388067.3,1481531.89,1352911.6,1402986.66,1332432.19,1541309.78,1441312.67,1432874.09,1356218.14,1427006.48,1472017.41,1481791.3,1528974.22,1417227.45,1401413.44,1515196.82,1327843.98,1433481.83,1525391.79,1468358.31,1464702.34,1354500.04
150431,2285172.69,2105357.87,2237845.65,2156622.9,2436506.4,2360150.99,2214655.09,2155989.31,2324317.21,2253209.98,2213474.71,2049805.71,2302090.74,2170659.46,2298702.46,2253883.94,2212051.13,2345671.86,2283377.73,2284631.23,2169675.46,2074302.5,2216492.36,2373477.66
151431,2623866.18,2726995.42,2774450.18,2516425.67,2668802.12,2540000.86,2696888.27,2632451.28,2665739.55,2862624.41,2600737.95,2478592.5,2676104.72,2803117.71,2553069.35,2739868.55,2687747.89,2573746.57,2491105.4,2795094.71,2813816.43,2698732.56,2660041.74,2713914.26
152431,2671386.64,2360197.16,2400656.34,2812356.29,2554190.43,2496018.99,2450013.05,2585068.53,2404122.38,2570275.2,2449485.12,2530856.61,2430548.46,2752447.48,2361414.94,2426956.2,2514727.81,2643004.47,2674601.48,2645355.01,2653753.76,2568772.71,2623326.89,2908546.38
153431,1763345.74,1983581.38,1839699.72,1964256.76,1971797.81,1903484.95,1940306.45,1798275.06,1735242.35,1959727.35,1947531.57,1964629.05,1687365.54,1990690.09,1939752.83,1871085.83,1994293.46,1975215.09,1823257.96,2083882.4,2107684.43,1879773.74,1950878.04,1912340.21
154432,1704331.17,1541394.6,1576522.72,1614733.1,1529452.22,1464189.83,1548062.6,1674743.2,1486400.85,1540842.75,1673489.11,1445338.45,1614099.6,1510745.2,1460782.82,1616505.23,1565490.8,1641987.52,1553002.39,1599254.21,1685064.66,1524431.2,1485427.07,1516388.68
155432,2250695.04,2348222.45,2321296.9,2284740.93,2440494.04,2392916.58,2415275.49,2324771.26,2426892.0,2435183.15,2324767.35,2349533.71,2508337.38,2298832.39,2506771.76,2436899.82,2310688.11,2311208.59,2445664.26,2506908.25,2440131.34,2522094.6,2404794.84,2392932.46
156431,2510147.98,2764336.52,2422167.4,2210670.7,2328198.84,2437469.42,2577118.08,2522313.71,2542668.72,2262185.04,2657938.5,2673886.7,2298384.62,2510194.59,2740666.33,2630804.55,2500098.28,2704907.06,2487500.18,2591513.79,2511591.53,2412837.1,2674250.88,2561377.31
157431,2610634.73,2663629.81,2882215.32,2607981.59,2452645.78,2668417.98,2546389.42,2748878.66,2665668.56,2602445.58,2514488.8,2561071.87,2550315.42,2579090.82,2485984.39,2692354.05,2558583.7,2514535.13,2489081.21,2494209.18,2463397.96,2826786.95,2801685.0,2526606.71
158431,1948320.55,1996154.76,1928242.85,2030734.86,2085266.19,1970633.9,1930036.28,2051462.76,1903373.18,2039676.2,1973218.62,1887826.94,1952805.85,2205103.72,1829666.39,2016327.35,1957178.58,1801801.13,1876617.47,1978870.05,1971870.69,1833073.5,1928919.33,1759460.31
159431,1292636.94,1258528.68,1180815.29,1108788.21,1167447.09,1289351.84,1341398.61,1228457.14,1198298.47,1253447.29,1102618.44,1243355.61,1208911.54,1243301.43,1146079.26,1289287.99,1201301.03,1206866.48,1216237.67,1278765.29,1257815.49,1205574.08,1207159.75,1226286.08
160432,1730814.39,1952577.78,1876945.08,1886073.73,1778457.44,1914742.95,1907986.92,1816622.77,1901384.5,2058412.85,1984773.7,1866003.14,2204892.89,2055624.94,1907454.5,2082220.62,1867238.13,2084912.41,1974336.75,2012717.7,1895883.43,1858770.75,2037976.99,1935646.94
161431,2376667.47,2523758.2,2334800.97,2355375.43,2423545.89,2274590.37,2193944.1,2520577.17,2354416.33,2468620.1,2273552.88,2395476.34,2388762.19,2205438.36,2395647.57,2211817.67,2284264.74,2452697.52,2403385.41,2474005.32,2148238.01,2332996.72,2251970.7,2247918.93
162431,1911144.41,1998001.45,2031126.12,2001200.3,1859952.59,1912681.66,1936492.66,1924707.02,1844863.17,1932334.69,1687378.35,1961127.68,1808897.24,1664298.77,1919845.64,1948525.78,1958550.58,1890983.66,1944094.93,1880504.71,2007809.78,1855022.66,1804811.43,2030435.49
163432,1608229.58,1496305.92,1501943.96,1565154.13,1473274.14,1654061.21,1641040.09,1657926.47,1732972.38,1628755.81,1626766.14,1555996.31,1490750.03,1709364.89,1544784.3,1681124.53,1561608.53,1568697.64,1591006.92,1356703.41,1665639.79,1596858.67,1721488.51,1583194.15
164432,1423409.85,1534898.55,1497067.44,1562045.49,1504566.91,1507247.02,1562637.17,1563154.33,1486342.5,1469030.85,1471651.0,1596625.22,1359203.94,1583848.49,1608894.0,1650863.12,1484028.08,1666079.37,1398999.54,1540784.31,1572120.88,1533099.49,1541477.54,1605334.84
165432,1985024.26,2192864.18,2423328.96,2251657.54,2460569.94,2226561.96,2344704.16,2112857.95,2321773.2,2091302.89,2210710.67,2243815.03,2510523.88,2207360.63,2159874.33,2318409.6,2334058.85,2174079.94,2074100.23,2210751.87,2219246.53,2169989.27,2077408.11,2201352.17
166432,2027098.8,2084661.71,2276420.94,2035692.34,2064770.68,2127426.83,1827929.96,2177242.58,1953951.23,2123317.87,1998628.43,2050129.47,1972427.05,2186660.37,1961136.79,1967262.06,2055744.46,2003796.28,2081669.95,2246748.54,2048815.92,2042787.08,2099002.85,2013138.84
167432,1984253.4,2020379.45,1990864.07,1903073.94,2182176.15,2197614.7,2095265.57,1920003.78,2017472.51,2127449.89,2138862.52,2194416.36,1934552.85,2049371.01,2223625.1,2160167.95,2130420.15,1896335.33,2103321.75,2041096.53,1961390.0,2122520.11,2010371.74,2061779.37
168431,1665948.73,1757595.52,1730624.05,1680255.92,1686306.05,1746036.82,1718763.07,1551586.64,1655982.2,1666611.1,1734540.02,1665777.09,1672684.28,1477734.32,1647802.32,1715874.71,1690434.41,1702128.56,1695714.1,1533160.08,1747145.5,1606962.7,1572903.01,1658602.33
