0,10460.15,9749.76,9487.79,10219.37,9811.61,9494.27,11400.93,9817.93,9980.58,10263.73,10798.03,10761.03,10216.36,9136.63,10558.91,10648.3,9114.05,9975.54,11229.77,9480.63,9493.21,10525.63,9837.76,10614.74
378,1477479.47,1445238.59,1378558.95,1516000.18,1503275.58,1250385.8,1293514.43,1398896.22,1451452.55,1491222.66,1412632.05,1504582.16,1432430.01,1490041.39,1460877.52,1311610.97,1537115.96,1413180.84,1457230.3,1496969.3,1348252.99,1459615.72,1479740.39,1384728.98
1378,2217510.82,2103812.94,1934932.95,1834383.51,2010813.48,2136917.91,2121218.18,2080320.66,1941380.13,2138982.65,2292514.77,1959555.77,2034039.61,2121373.21,1884747.01,1974680.45,1995195.91,1971901.12,2177764.79,2084613.21,2184495.71,1946974.1,2252657.05,2088314.66
2379,1934784.77,1986100.95,2032657.18,1946167.3,2031659.79,2115248.12,2007132.21,2089256.06,2079597.08,2164055.38,2001872.03,1988531.63,1944513.58,2097758.23,2007035.15,2045824.18,2058525.86,2037791.66,1942979.63,2039991.2,1814148.52,2197946.33,2112547.36,1922544.29
3378,2000729.88,2025134.45,2110995.36,2152801.36,2262194.0,2071687.56,2109052.14,2226266.41,2086964.39,1878032.72,2004018.43,2193860.5,2166293.68,1936467.46,1917635.9,2116748.54,2159540.97,1942543.86,2120298.66,2209091.88,2197418.23,2149654.09,2213500.12,1897294.48
4378,2073394.12,2094304.54,2215470.59,2103671.36,2143648.01,2111620.99,2061713.13,2170065.97,2144111.52,2314258.02,2120911.83,1901542.87,2073734.39,2220791.86,2087732.21,1983026.81,2057685.89,2029621.72,1937112.76,1975903.93,2151412.92,2022053.69,2141427.59,2138553.31
5379,2026027.36,2081836.06,2147685.1,2237452.95,1950906.61,2224646.05,2029661.67,1989841.69,1877183.23,1978734.33,2030458.3,2041522.5,2024724.99,2034006.74,2160295.47,1978488.01,2036021.14,2009270.47,2030921.68,2042763.55,1892169.41,2107858.87,1953743.99,2000320.12
6378,2114878.6,2107095.73,2139555.97,2040845.14,2245174.11,1996786.47,1884832.94,2049511.73,2037546.04,2085359.63,1981807.74,1977999.2,2098902.22,2069393.97,2199586.98,2047163.53,2008351.51,1967911.3,2095223.67,2220663.13,2109679.01,2091455.59,2140692.09,2192671.0
7378,1927827.64,2094583.91,2145487.7,2112390.42,2104855.88,2131232.4,2050273.47,1991625.56,2110743.34,2033805.56,2014654.26,2045813.5,2027475.72,1927986.85,2053447.62,2057115.21,2099664.97,1976807.63,2009959.35,2118210.37,2132748.31,1952561.21,2094855.88,2277832.93
8378,1799495.43,1667034.58,1627058.43,1782991.47,1843486.02,1711605.48,1839925.65,1806034.22,1757626.62,1840394.45,1775358.49,1743943.48,1777968.38,1769887.82,1729050.37,1685743.78,1578382.21,1803809.59,1792551.24,1749315.22,1685815.96,1803934.05,1699497.31,1744499.23
9379,1286955.87,1369835.61,1453079.98,1365073.87,1261332.08,1375507.3,1400814.48,1380709.99,1230727.99,1332345.95,1437502.11,1338229.42,1289037.55,1444639.51,1392822.04,1286150.16,1423386.59,1331293.72,1281282.95,1282023.59,1269476.26,1386518.03,1328432.37,1272179.15
10378,1244495.38,1210895.99,1098742.15,1200666.44,1076452.1,1159732.6,1196035.78,1212597.32,1135866.4,1216542.21,1230449.88,1135109.6,1152853.39,1131675.91,1164461.61,1061282.4,1147328.36,1097607.43,1140192.29,1150728.3,1183037.88,1117492.26,1053257.77,1109855.81
11379,1517623.2,1393650.84,1485837.61,1493723.59,1572207.87,1557850.62,1563946.61,1374635.21,1506789.63,1572190.5,1500903.77,1533768.6,1491814.59,1448247.02,1374681.43,1480928.41,1605930.37,1303452.08,1550038.95,1471192.25,1442061.63,1552611.01,1403654.35,1434602.52
12378,963483.16,1150774.26,1073886.99,1048432.76,1192671.5,1148812.04,1101597.36,991624.64,1056546.55,1215300.25,1088500.02,1043784.75,1107773.35,1045312.62,1083247.25,1113760.52,1066784.19,1120624.95,1106770.45,1106866.82,1041445.64,1076678.94,1259169.49,1052307.01
13379,1011408.78,1021839.23,1054437.88,977434.76,1021705.35,993597.06,868114.33,1045978.18,1028207.85,1095562.94,1002131.83,956349.93,1038117.0,1034770.2,951956.58,1057389.23,1136642.11,971048.14,1039966.77,941822.23,1036613.4,1001817.59,1056725.43,992900.85
14378,860011.85,900928.12,785494.32,912162.25,854111.26,900104.8,987928.61,848939.67,943468.16,955982.36,889554.83,894789.03,854240.27,962218.33,925366.66,850190.56,918407.89,951587.0,874756.44,940645.75,839841.68,883319.96,850548.83,933435.88
15378,963238.96,876512.9,992285.75,965283.81,907154.37,952535.49,989530.22,974031.3,1011332.27,998086.56,970763.22,941601.99,983092.2,982759.0,991439.16,912014.92,965234.57,1024746.0,917198.65,917852.57,905570.02,945674.2,981395.19,1006542.65
16378,1334394.7,1420951.61,1365609.32,1274315.13,1405427.97,1318571.11,1286936.63,1261291.08,1310771.61,1389836.02,1311889.98,1201346.41,1324153.36,1333535.19,1222599.02,1342086.48,1162123.29,1331119.16,1250123.66,1155878.4,1266744.1,1199103.0,1316094.01,1395666.76
17378,994390.0,986224.27,825116.71,947417.96,910064.26,868616.4,984590.64,892219.15,844855.09,941548.59,833730.48,914633.85,899705.22,922627.63,868263.49,873508.41,880788.02,828507.39,975047.93,969128.93,901031.39,862873.12,986901.48,908047.0
18379,882149.66,931546.88,899225.07,897022.25,835180.99,833549.94,954595.74,960037.7,907631.38,868302.42,804409.83,840203.69,844566.14,933846.29,961740.21,954838.49,851158.41,860604.89,915922.94,909468.76,864074.46,875158.24,946356.32,938437.2
19378,878202.55,885306.84,808611.03,851743.88,918272.17,875790.5,832753.48,766810.0,929756.8,879419.4,882472.43,821629.79,785836.25,912031.84,826028.8,867446.02,814720.83,885929.16,799756.45,880350.94,891176.55,726631.02,873949.14,904585.55
20378,892843.6,985763.26,1019469.45,967589.08,973348.01,922130.57,1112443.8,1035129.33,966288.73,1053483.7,1004978.03,1014946.05,997314.77,1011868.02,1053485.42,989280.58,980954.27,969654.39,938650.65,1003815.2,999997.54,1005329.93,924750.71,1010640.61
21378,1306209.97,1508551.06,1350652.19,1287612.11,1299869.32,1253316.41,1366248.97,1315799.67,1335896.01,1338338.24,1273860.32,1349434.66,1277833.71,1264893.79,1181977.05,1286553.22,1226418.55,1326302.76,1189307.05,1295000.41,1302549.61,1294686.03,1326815.73,1372163.77
22378,994212.05,1138329.35,1191363.09,1174783.53,1168845.14,1147821.48,1059335.97,1125070.75,1184345.33,1177780.02,1011893.64,1034095.15,1097533.51,1049380.4,1154397.41,1169374.38,1151429.67,1155148.55,1208043.1,1138620.49,1171742.29,1167561.79,1079306.44,1084392.82
23378,1186706.97,1301342.05,1387936.95,1241349.52,1273680.98,1248232.37,1267710.69,1296959.39,1248966.52,1281034.16,1247943.29,1128102.84,1246306.94,1427096.51,1258754.06,1318609.34,1188112.22,1268428.27,1299233.79,1223292.43,1341207.85,1163088.24,1139479.52,1268273.52
24378,1088013.36,1143574.62,1226332.38,1159454.38,1193475.29,1209873.07,1201969.9,1114117.65,1124203.51,1142023.2,1247891.11,1090842.23,1147377.05,1185141.09,1293491.39,1118488.2,1187951.17,1101140.75,1083988.53,1111640.07,1157864.13,1196388.9,1132273.46,1127676.45
25378,1144075.92,1097336.25,1153300.43,1177762.93,1057002.63,1125833.3,1195461.61,1094727.11,1178569.85,1164043.67,1065503.8,1171464.45,1156422.85,1144193.91,1108273.83,1156982.9,1135668.79,1074750.06,1050339.19,1187361.83,1077485.25,1027559.71,1152468.07,1128458.57
26378,998060.83,990433.57,974318.19,1003954.29,973270.92,1025746.99,916364.97,940743.7,974853.26,955518.04,1050487.27,952610.33,1013936.3,920221.79,942729.31,980556.84,975454.39,977714.12,1040789.05,991330.53,972128.06,933594.03,1067438.01,1003768.57
27378,842636.27,880083.64,831539.25,810993.79,867393.34,826389.37,832752.23,840717.12,835302.52,874482.76,851540.63,788753.11,811289.12,844217.56,845355.32,812430.93,768608.1,845644.77,876932.18,809779.45,901826.47,843749.69,804627.32,795626.19
28378,794412.92,727116.09,758670.09,803171.91,675437.84,724228.85,802772.02,723591.01,760537.67,820979.41,712342.21,702018.91,721816.27,814120.55,755193.1,776053.01,735740.61,753781.68,723554.54,763898.58,822707.62,707269.15,743607.66,746193.55
29378,829641.66,862428.1,791505.74,845858.77,858893.01,818974.16,849308.96,811243.12,815371.74,899063.04,818038.14,852577.95,814831.25,725867.35,809951.11,789584.86,861597.27,754111.58,814063.54,768425.15,838447.82,805154.92,845501.82,828717.49
30378,518660.26,508055.41,559986.87,533704.98,468414.38,526188.7,494273.94,513054.23,497441.46,502395.45,523723.86,537196.42,540196.7,514352.99,495879.51,498014.94,525792.37,502164.82,508854.78,494916.1,507319.28,523265.46,469886.61,519685.05
31379,1119777.57,1118390.67,1100572.51,1048056.05,1112756.51,1166253.22,1120996.37,1164055.61,1127831.33,1057253.27,1049685.06,1154879.01,1169266.93,1076788.55,1158579.26,1116936.78,1078501.24,1237454.99,1180028.79,1088960.65,1084726.35,1178173.15,1109097.01,1130709.6
32379,1124552.05,1037370.55,1028459.85,1117466.65,1122245.44,1008872.68,1118583.4,1153644.17,1187200.02,1063831.89,1182539.04,1205943.99,1119105.62,1091618.79,1137272.55,995153.71,1037438.1,1149297.96,1048390.86,1127399.4,1162720.84,1058656.22,1160129.94,1075742.64
33379,1478201.14,1388180.83,1390307.12,1414852.09,1524278.76,1517930.05,1601791.35,1475885.14,1431424.59,1450228.87,1439194.23,1395196.1,1478278.67,1571273.76,1306310.36,1514792.45,1347387.51,1459108.46,1360728.08,1578954.4,1368881.61,1344592.23,1447507.3,1454419.05
34378,1158431.85,1186120.62,1214023.86,1111818.91,1151654.4,1149772.82,1162269.72,1180963.22,1180595.94,1120173.91,1053741.19,1087487.14,1190111.24,1227308.98,1104548.64,1020942.16,1180123.93,1205068.28,1100288.31,1119123.43,1194258.68,1136737.74,1201188.78,1247825.45
35378,1157907.84,1136763.08,1126044.22,1041372.53,1181661.38,1165184.45,1146718.64,1210725.91,1101273.81,1174489.76,1143204.69,1153867.52,1108237.35,1088278.08,1114561.48,1067648.38,1133181.39,1165317.93,1075539.74,1144421.37,1085271.4,1259793.9,1106114.5,1162109.61
36378,1027877.39,891345.46,970647.63,996343.86,1061959.74,914114.97,973682.84,1065016.97,995192.4,972558.7,980219.05,928180.53,991172.82,1024211.54,897141.43,888335.65,906219.29,1029599.51,935126.32,1043183.12,1007760.01,952628.82,1048207.63,1061024.34
37378,1098732.66,1130194.87,1086098.06,1127423.01,1071604.47,1040479.22,1087630.24,1053002.21,1106181.64,1107280.55,1181811.2,1176309.7,1111274.88,1124844.36,1123137.81,1055018.5,1167059.13,1117553.82,1177975.26,1064537.88,1080786.73,1097936.6,1053485.19,1027652.94
38378,1054697.36,1022173.43,961767.77,1057922.2,952412.61,1021597.21,995459.48,946844.24,887254.41,971075.31,903743.14,1018048.96,863870.32,932408.87,963826.89,1015721.5,933220.94,919301.98,979237.86,926040.61,962590.73,937119.9,977598.37,912785.81
39378,1069989.75,991378.25,1066441.42,1093751.39,1013291.99,1068515.62,1000740.58,1021307.31,1041472.34,1039591.8,1050744.79,1061073.98,1041788.8,1062609.79,1072870.98,1051655.01,1092053.03,979692.29,989939.89,1025649.5,1026884.59,1033607.73,986556.29,1088938.58
40378,1284940.49,1296637.08,1441476.27,1404844.72,1298859.99,1238946.52,1421212.49,1334049.52,1434420.02,1391777.93,1245119.3,1299996.73,1392199.09,1376852.53,1239694.9,1377400.01,1296302.12,1373591.06,1202655.74,1231902.2,1411867.65,1427125.14,1240074.02,1282807.85
41378,1071315.4,1034608.44,1042011.6,1144115.65,1116200.83,1058703.75,1148480.67,1186515.47,1112589.98,1043343.61,1170495.14,1059878.76,1041986.88,1115402.55,1089661.12,1014351.82,1035053.55,1082580.16,1016413.4,1104380.64,1153561.62,1169103.8,1111644.87,1093244.07
42378,1362088.15,1558677.23,1526091.51,1513556.08,1558573.67,1382886.7,1321359.86,1509669.38,1373673.69,1608085.54,1413307.69,1322148.48,1342430.1,1441701.55,1313155.68,1375929.75,1456111.3,1360532.25,1454430.95,1435226.5,1307430.94,1365796.75,1494037.16,1590520.5
43378,1487286.77,1637946.17,1636838.27,1443247.78,1562348.18,1472910.74,1507522.83,1572736.79,1584074.02,1529044.62,1551276.15,1574324.32,1507479.15,1674740.68,1584439.15,1475884.44,1450554.7,1626935.11,1459454.0,1495806.26,1450816.65,1573612.5,1480565.45,1550445.75
44378,1327149.23,1416132.15,1505191.25,1429721.31,1423671.9,1458079.72,1501517.61,1245990.81,1518039.02,1522764.48,1424614.13,1262052.7,1461894.2,1406677.61,1276153.96,1418283.05,1457695.83,1428986.9,1510234.68,1489871.66,1469799.69,1426194.85,1473601.79,1281160.41
45379,1671632.11,1421707.5,1556503.71,1557993.92,1685675.72,1544976.67,1478225.94,1690373.52,1664024.94,1547534.24,1565964.99,1466172.17,1537574.69,1484686.4,1488658.3,1573996.32,1682734.29,1497027.23,1493557.48,1444078.91,1481532.49,1566181.52,1461181.46,1562478.89
46378,1627680.82,1564910.6,1714317.05,1641439.88,1663992.35,1533180.14,1572349.21,1747744.29,1708269.47,1631381.55,1678388.38,1559421.99,1587268.72,1530700.35,1618699.78,1532916.52,1523673.74,1552476.0,1589564.47,1737055.57,1764600.26,1662568.51,1513838.08,1486353.49
47378,1567354.34,1727180.58,1551869.6,1664555.75,1637098.63,1627957.45,1584829.85,1607370.2,1572718.3,1668965.08,1679531.8,1449355.13,1589640.01,1614461.55,1735827.95,1521941.74,1613641.77,1420821.67,1606159.2,1578474.86,1522187.77,1704109.55,1515192.65,1436980.55
48378,1910158.52,1746987.47,1811848.47,1796483.37,1763010.99,1638591.04,1798314.63,1797884.28,1712111.09,1829591.63,1763885.37,1709190.82,1733219.49,1799839.21,1744732.63,1749972.25,1771856.75,1825123.9,1853757.38,1743457.22,1941783.14,1821894.87,1619394.69,1789871.61
49378,1447056.35,1396505.59,1547476.32,1360939.05,1349567.56,1328474.91,1403218.09,1547436.31,1492499.7,1486697.23,1368492.45,1348407.74,1405260.37,1487000.3,1349494.21,1400285.39,1368396.03,1536013.79,1532419.63,1548210.58,1506382.87,1442789.66,1460755.28,1441921.73
50378,1516597.14,1564466.61,1564966.69,1588542.58,1602421.84,1729393.18,1556739.37,1674606.31,1631109.08,1651366.27,1770123.98,1581341.69,1527882.22,1676496.84,1533760.52,1588356.73,1609932.99,1732721.52,1587684.82,1652048.01,1467706.44,1684401.68,1638291.79,1796674.52
51379,787297.39,925331.15,936794.2,907593.75,935495.65,913811.11,926469.82,971862.74,962447.57,940244.84,878155.74,983872.35,976031.87,882167.47,992558.1,882527.73,864598.87,930081.63,845634.09,880760.84,873877.61,931638.38,950186.31,882084.74
52378,1521973.78,1446658.77,1492924.85,1690216.38,1602214.93,1659725.91,1600846.09,1650796.36,1491841.65,1503986.17,1486181.89,1537519.35,1571517.99,1592539.91,1467187.87,1600701.67,1344833.7,1514038.47,1695649.4,1647132.84,1530243.09,1503836.88,1448573.57,1537446.67
53379,1777841.18,1947196.49,1833504.92,1975652.54,1938339.85,1887828.02,1825884.52,1864994.75,1955486.16,1888790.79,2022130.73,1887305.1,1979548.92,1861111.18,1921914.93,2025654.58,1718315.18,1849269.96,1886722.61,1890325.03,1804944.02,1745847.75,2065248.86,1996664.84
54378,1670725.39,1697170.68,1693273.65,1534490.6,1563718.55,1638323.54,1648683.63,1765343.28,1633850.38,1537394.26,1552610.31,1495997.82,1474840.09,1573392.37,1609104.31,1530807.59,1573904.66,1531208.29,1606165.0,1578766.34,1587610.07,1487683.23,1492567.54,1573587.92
55378,1731431.21,1626671.2,1558697.34,1482603.22,1493389.67,1629501.65,1640053.67,1655487.73,1725140.24,1768796.04,1669439.18,1671521.78,1835255.89,1458922.53,1592544.61,1640776.74,1556818.32,1638457.84,1619480.7,1603110.07,1609352.84,1654738.08,1647584.3,1444615.92
56378,1330500.19,1416574.73,1295056.12,1364260.76,1355495.93,1395913.67,1290517.46,1191773.19,1459549.62,1415054.58,1348618.48,1430502.34,1334844.94,1421866.31,1298944.69,1279431.46,1377307.87,1302477.33,1378770.43,1490747.62,1419433.88,1358923.7,1383457.38,1273727.11
57378,1771827.45,1574657.98,1781328.49,1568726.04,1690851.44,1683191.49,1583581.61,1515264.27,1648660.68,1539249.56,1650615.35,1719839.39,1708680.99,1624923.46,1798800.08,1517840.52,1661522.42,1713768.97,1555298.37,1470177.14,1530428.77,1453392.8,1727763.36,1584034.24
58378,1676152.92,1576706.0,1510376.53,1725078.56,1694811.13,1823031.38,1684324.85,1618484.48,1646866.66,1659798.04,1621774.76,1545749.91,1631440.26,1609832.18,1674371.65,1745638.65,1660823.23,1709284.1,1578846.61,1564097.33,1594571.89,1777493.3,1643479.24,1508689.54
59379,1675604.74,1551239.17,1625682.39,1393301.44,1614331.88,1413859.76,1642788.67,1523551.44,1458786.8,1607580.2,1483071.37,1538558.54,1507625.35,1603720.62,1533644.17,1628822.44,1491168.54,1552359.43,1561775.17,1517051.73,1476426.08,1483128.82,1677478.47,1591854.02
60378,1408575.41,1482186.02,1319057.15,1354249.43,1445101.89,1378678.35,1469842.44,1466437.24,1461240.81,1522481.76,1433102.24,1396585.35,1415483.96,1380542.98,1445637.95,1616381.67,1437831.99,1367031.47,1403260.3,1368438.74,1392160.27,1401638.71,1449255.66,1413622.47
61378,1265784.47,1283051.02,1294346.18,1336807.84,1359937.45,1303719.48,1298813.42,1327400.1,1396899.59,1280323.25,1161052.23,1312680.87,1323725.81,1151736.82,1396603.43,1204183.69,1362705.84,1300355.7,1368156.26,1387322.25,1270728.14,1466441.2,1405128.65,1279147.3
62378,1452976.53,1271906.72,1491096.78,1429276.63,1325273.47,1458758.63,1519483.28,1427363.7,1511356.53,1477193.39,1435214.52,1586173.96,1544067.47,1433587.61,1515196.5,1556595.88,1381680.5,1414248.98,1594818.08,1428653.76,1601600.69,1340683.67,1493018.76,1526370.05
63378,1669429.09,1547364.55,1836349.18,1693219.31,1662819.99,1576220.5,1670193.51,1701075.39,1625420.8,1756944.93,1638344.41,1718541.62,1574637.88,1629580.47,1689724.5,1620174.24,1836464.94,1704119.48,1749046.36,1637942.35,1603354.16,1587678.89,1630244.71,1788047.38
64379,1513555.79,1408462.34,1557154.76,1454671.34,1248369.76,1386055.03,1428897.06,1557393.59,1432210.89,1273975.98,1481499.61,1369837.4,1424994.44,1168774.57,1426311.07,1450681.93,1442469.91,1491650.37,1372575.13,1452518.07,1350668.48,1285996.98,1334159.06,1360739.42
65379,1200142.39,1112874.29,1221358.83,1033171.03,1085447.25,1241087.99,1053275.95,1152475.85,1058225.31,1060845.3,1078634.03,1096188.65,1192291.65,1028992.16,1066439.42,1119945.29,1076525.03,1086985.8,1029269.26,1048239.09,1079793.39,1097414.51,1150987.0,1156439.23
66379,2101228.07,1890146.06,2054618.92,1873558.06,1833026.22,1928039.59,2121001.34,1934018.07,1801254.39,2063990.69,2101373.23,1951212.93,2115353.04,2213539.48,1908032.16,2079477.49,1992763.31,1872766.97,2009048.84,2096178.86,2096582.13,1887808.21,2069288.53,2015368.0
67378,1332968.8,1340641.02,1364744.99,1292922.21,1276342.21,1280217.03,1277384.46,1363773.32,1261272.21,1353390.92,1276937.75,1389584.74,1294507.29,1379833.0,1331875.75,1322084.17,1278467.19,1366558.03,1316298.92,1407488.43,1360221.57,1322485.75,1360244.0,1341860.78
68378,2105060.19,2149768.83,2097375.31,2142196.11,2164999.2,2049890.81,2218944.12,2083947.87,2136997.9,2190515.03,2375125.0,2201335.12,2041214.85,2066150.42,2163182.4,2116440.69,2255587.72,2276778.86,2135699.18,2272944.89,2100518.86,2231164.4,2162770.89,2285119.92
69378,1815106.91,1906806.37,1998239.71,2130933.77,1952565.5,1815130.44,2084688.05,1920832.84,1925457.24,1909396.04,2035942.58,1846793.37,1991414.34,1911160.49,1792637.21,1944468.73,1774118.8,1886845.04,1916217.66,1782890.99,1905782.22,1968033.25,1692542.27,1910220.36
70379,2262070.58,2306160.32,2210436.03,2377202.89,2436902.81,2504305.97,2317271.59,2449536.09,2160935.49,2331283.53,2170363.29,2290815.82,2263277.65,2210259.02,2258554.95,2372972.58,2049006.18,2254171.31,2278731.35,2221630.27,2170149.14,2356145.73,2194731.13,2139947.85
71379,2060436.31,1685625.1,1850874.56,1828923.07,1830379.97,1919316.44,1963803.78,1870114.63,1908666.29,1902292.96,1986471.01,1820573.89,1985992.23,1799567.85,2028383.46,1889911.15,1864725.32,1727704.74,1808559.42,2023512.83,1963693.71,1949437.43,1840521.87,1808601.54
72378,1375403.69,1291994.69,1507031.67,1402207.42,1398241.38,1429355.19,1249525.8,1511835.19,1490157.89,1516300.22,1561621.71,1545872.23,1496364.78,1541319.48,1476441.32,1506344.5,1544881.22,1481872.44,1419629.11,1402663.09,1571540.72,1415682.1,1442805.99,1475823.37
73378,1759542.23,1717108.68,1887988.69,1752579.0,1762016.36,1780619.23,1677458.26,1789604.44,1744010.7,1519636.09,1639244.65,1670343.23,1813777.79,1696616.88,1687856.17,1710409.53,1783480.02,1707296.01,1697182.53,1698291.89,1675653.39,1702739.68,1708454.61,1618399.44
74378,2144319.37,2291674.06,2378858.64,2328305.71,2241056.64,2531119.04,2088022.17,2218564.9,2074709.0,2408145.56,2087417.79,2119017.5,2308150.26,2117478.39,2269367.51,2221853.88,2069880.85,2179625.06,2172837.49,2313596.89,2226055.47,1993370.66,2328691.28,2092534.41
75378,2264947.22,2506326.27,2444112.13,2411662.01,2433339.03,2128976.31,2542334.59,2359275.05,2274953.92,2443624.1,2433047.28,2246118.73,2321067.12,2304500.57,2406071.6,2278687.39,2137247.65,2229524.6,2341506.92,2222869.11,2461217.12,2242423.7,2218191.13,2431633.88
76378,2181512.27,1817265.97,2010844.77,2106642.23,2027596.38,2018134.4,2147188.68,1864999.01,2010251.88,1971970.15,2179642.78,1991304.95,1988499.67,1967525.08,2074975.7,2134734.54,2058972.57,2085105.98,1917495.82,2080867.4,1925533.93,1972283.66,2084201.62,2026372.68
77379,614238.35,607689.05,686477.54,623922.0,576750.65,625481.88,587813.36,578968.49,582523.12,579712.87,652976.93,601889.5,614185.72,644350.17,577854.86,550940.92,572226.02,622515.41,628094.48,607713.28,631082.63,588209.93,648353.12,615684.86
78378,1157666.77,1135847.03,1061542.83,1256106.74,1213363.09,1214694.69,1239836.78,1254128.17,1075372.85,1226575.28,1099520.28,1158865.03,1169065.2,1183265.53,1155422.9,1182468.73,1108109.74,1216944.32,1113226.75,1204399.23,1181385.81,1092081.18,1128884.11,1249733.82
79379,2305247.55,2063908.08,2137758.56,1788221.78,2032783.3,2236484.28,1956391.28,2085152.9,2196469.16,2228642.37,2161325.58,2040463.25,2169632.62,2291035.88,2411904.19,2024542.79,2013328.75,2203357.87,2219833.85,2077489.93,2238759.58,2155062.5,2220859.47,1986473.39
80378,2263859.93,2415349.84,2275810.35,2389157.9,2326385.69,2045824.06,2308230.57,2196779.87,2095267.99,2190935.99,2442027.34,2385475.0,2275934.21,2230811.9,2214471.96,2103529.71,2411931.32,2038261.25,2366686.28,2260127.44,2246863.5,2454364.5,2317248.2,2235787.71
81378,2188765.57,1991908.53,2160031.55,1957990.54,2209645.0,2176710.09,2101706.37,1911862.68,2054938.17,2183027.17,1984669.13,2162174.13,2039555.16,2163070.01,1925040.16,2148806.35,2399515.56,2055611.3,2157183.01,1935572.04,2142151.63,1834403.86,2163376.08,1865239.97
82378,1395416.49,1324633.18,1412260.47,1209541.81,1247357.75,1314161.34,1358785.36,1245276.41,1251682.67,1337277.47,1415004.73,1317178.24,1325975.93,1392782.68,1357466.58,1403135.23,1312002.78,1258848.79,1340835.32,1249689.98,1255066.21,1282663.02,1347918.02,1251564.2
83379,1925508.89,2001777.96,1829021.37,1900914.55,1838021.56,1877391.62,1979728.37,1993825.24,1744610.86,1754005.35,1766990.31,1871990.53,1820048.38,1888301.27,2025928.27,1891370.17,1906591.4,1718358.25,1821903.58,1771543.79,1888732.59,1857711.52,1931511.71,1931778.35
84378,2072558.6,2146006.81,2081253.16,1983050.08,2135971.36,1934636.82,2110690.47,1976464.7,2084249.9,1969741.09,1900335.16,2391249.79,2165723.43,2031044.5,2034771.29,2084589.46,1970716.62,2174430.33,2111538.56,2318332.86,1994484.58,1996881.67,1994650.84,2001018.89
85378,2403404.09,2097740.77,2201426.18,2375793.2,2117158.83,2222705.02,2336589.16,2054408.13,2259058.27,2391749.47,2193216.14,2317450.6,2188438.72,2203323.9,2260757.59,2214966.61,2041756.14,2288066.69,2236873.69,2143061.4,2509828.11,2189308.82,2307699.76,2212204.56
86378,2238497.05,1778091.56,2072898.25,2200372.09,2114996.76,2147213.8,2376360.98,2242292.54,2133627.09,2134847.21,2118530.4,2077262.86,2095694.79,2073596.27,2260474.42,2180102.46,2224929.36,2175811.77,2188321.6,1973842.28,2285962.6,2213717.92,2063650.29,2130355.0
87378,1314010.77,1331671.02,1243140.0,1286097.36,1352506.78,1349586.74,1403611.4,1286733.12,1361500.12,1406361.22,1423955.47,1334181.08,1283373.3,1294346.19,1332688.71,1367536.33,1316237.04,1247864.96,1304940.2,1312183.66,1278270.14,1303777.69,1366899.69,1275352.16
88378,1795766.33,1968551.58,1611794.13,1687808.99,1644437.33,1628464.22,1659824.86,1730618.72,1625091.38,1739914.37,1574792.81,1726831.96,1778477.05,1752197.18,1700601.72,1693438.37,1645731.66,1691705.34,1697140.73,1621890.7,1840553.72,1768077.73,1770747.76,1785102.76
89378,2248068.56,2144670.62,2126113.9,2168664.1,1909540.26,2160488.96,2167501.64,2036213.74,2189354.13,2234576.61,2075521.07,2312346.68,2268583.98,2133252.49,2060201.47,2072747.3,2259982.78,2137563.21,2160928.95,2122554.01,2043056.87,1923336.82,2055006.25,1991840.63
90378,2099615.05,2217109.1,2099199.36,2252870.06,2171016.54,2209678.19,2135825.86,2278284.27,2107658.52,2295525.1,2237508.68,2222221.33,2126085.13,1975902.84,2182147.2,2233426.15,2180116.38,2017923.97,2149491.59,2238213.37,2133209.16,2306514.39,2074961.19,2003050.05
91378,1946035.78,2009803.54,2124525.05,2015231.38,2035282.55,2108264.57,1885875.15,2091006.77,1786820.9,2202289.32,1892687.37,1831622.82,2056141.88,2017687.61,2032458.12,1970384.24,2001497.76,2205602.72,2043323.5,2066146.02,2098960.23,2029681.15,1923951.36,2003985.64
92378,1510532.5,1445302.27,1416196.66,1309495.53,1429254.63,1375686.48,1419362.36,1336602.22,1353564.43,1486512.73,1332317.41,1363617.31,1434674.79,1314127.2,1371538.81,1481107.11,1365545.49,1428270.07,1383607.19,1437688.19,1351482.47,1484386.17,1420272.04,1446544.4
93378,1805405.06,1776303.52,1886869.51,1711870.44,1832372.11,1868380.34,1749727.54,1841886.43,1787490.87,1785047.7,1891564.09,1825852.81,1684314.72,1879573.93,1812853.52,1913774.36,1702016.54,1705752.58,1819093.05,1906734.39,1874718.36,1856728.96,1786229.48,1728287.26
94378,2120564.97,1808373.75,2016677.67,1979855.63,2176447.21,2032484.55,2164066.35,2092354.34,2064907.09,2384523.63,2188470.52,1959992.2,2127030.14,2206075.91,2348401.15,2192863.2,2154619.26,2193994.54,2195431.71,2020788.11,2131887.65,2142161.28,2145213.24,2240171.4
95378,2124114.71,2237138.26,2223809.88,2210891.24,2365246.03,2480894.52,2403104.7,2087843.43,2312486.71,2228322.04,2191037.14,2356087.84,2194649.06,2447641.92,2433070.29,2147576.23,2142962.66,2355345.95,2301585.42,2374087.57,2247866.02,2291025.6,2178251.03,2268789.28
96378,2030972.84,2064413.09,2183623.04,2096516.45,2235764.42,2207934.56,2247309.53,2196914.4,2069668.81,2155143.05,2160036.04,2062398.01,2217727.86,2002236.04,2235572.26,2073187.78,2118274.98,1987307.94,2143086.39,2154124.55,2111656.23,2093717.6,2144097.68,2205059.45
97378,1688489.45,1714395.94,1763603.62,1522989.63,1734447.98,1768896.76,1774191.64,1472608.57,1676889.08,1658530.51,1640364.55,1548676.18,1612433.32,1621488.67,1617159.16,1707013.41,1764534.62,1664157.91,1585041.65,1790359.01,1657015.36,1697437.29,1628726.95,1779029.81
98378,1566289.22,1583624.03,1548741.91,1658474.45,1429930.42,1468267.19,1649730.91,1634398.4,1572927.58,1599309.25,1542095.42,1458564.02,1479914.36,1492553.03,1557973.01,1547786.02,1463642.26,1487233.0,1540858.95,1722824.12,1473709.77,1662389.51,1647995.27,1521699.22
99379,2412032.23,2299620.47,2182884.39,2193104.91,2246691.18,2154494.63,2199678.05,2257623.61,2091936.07,2377269.39,2235522.37,2252281.28,2316795.69,2069479.66,2277587.87,2407888.9,2208005.11,2165765.54,2359170.95,2084155.86,2287449.6,2172256.38,2131821.05,2072151.96
100378,2307222.43,2025010.21,2189577.67,2372977.83,2260861.97,2147068.09,2148910.79,1980988.57,2363902.18,2346279.77,2347924.55,2388015.1,2285633.99,2251865.93,2205415.72,2400982.12,2246307.29,2336879.12,2299430.23,2205173.46,2169818.88,2177454.17,2276890.82,2267823.56
101378,2429918.19,2244352.61,2181879.66,2356810.26,2253102.28,2429261.98,2457142.74,2240891.69,2211298.11,2406393.35,2493963.65,2355240.53,2335564.2,2499748.24,2432971.75,2334806.31,2263494.37,2459594.48,2393291.36,2320944.19,2389340.47,2137962.89,2339938.48,2277403.57
102378,1426835.12,1554340.55,1592515.61,1541400.44,1621843.11,1550567.01,1483083.0,1563522.07,1464849.47,1671943.27,1666130.71,1548529.59,1542770.35,1618867.84,1672387.69,1507662.92,1660998.08,1494846.16,1693560.81,1748098.78,1520745.32,1608917.76,1435450.44,1585714.31
103378,1369813.38,1322877.04,1251852.11,1230486.75,1300555.01,1303595.12,1143393.32,1312283.48,1311968.68,1306873.58,1295173.81,1337559.71,1433159.66,1206870.51,1286005.97,1221541.58,1272904.39,1275219.74,1215371.75,1289063.07,1228806.29,1282656.17,1153077.48,1251214.64
104378,1993196.47,2000741.08,1953202.45,1997609.58,1932921.82,1894206.46,2117292.86,2046695.1,2128578.56,1964625.75,2038068.45,2038758.42,1969979.83,2032418.37,1906502.89,1863677.65,1917836.47,2088386.43,1939714.94,2033345.34,1805135.02,2042573.71,2019039.52,2128562.95
105379,2279025.72,2161946.5,2458743.58,2376193.48,2155376.69,2191421.21,2473872.18,2331684.73,2287438.95,2277371.4,2249342.14,2189538.63,2296752.04,2113426.63,2314029.58,2166563.36,2049037.72,2320223.77,2078269.55,2131147.41,2202513.99,2437509.49,2349993.86,2465623.75
106378,2017572.47,2299690.08,2158692.9,2069293.16,2225571.53,2109502.23,2252799.25,2170390.72,2086829.91,2290563.07,2201340.88,2135132.4,2179147.9,2223202.46,2237707.67,2211088.51,2177078.7,2301917.29,2361066.59,2256488.66,2107020.94,1981668.74,2284913.6,2307580.69
107379,1692448.53,1687460.57,1668788.29,1682871.17,1763337.33,1516101.93,1795759.8,1625603.74,1707607.12,1607340.01,1636830.58,1652460.53,1614148.24,1761617.47,1575183.05,1646858.85,1797189.1,1820557.59,1766428.61,1583585.57,1719358.33,1685313.12,1729092.12,1729955.32
108379,1418882.26,1481576.99,1355165.16,1316118.23,1547199.06,1572813.72,1415071.51,1499569.04,1472940.95,1478485.92,1465800.61,1536764.84,1492976.59,1583756.3,1444895.67,1496357.74,1418005.16,1526298.41,1469027.05,1435270.62,1428107.76,1474673.75,1347277.79,1424154.12
109379,2273246.85,2013065.63,2144464.5,2175544.74,2251796.93,2143010.2,2011724.21,2319567.35,2140364.66,2201088.34,2358833.32,2233259.63,2169325.13,2138299.74,1966320.58,2152886.48,2005911.79,2289467.25,2084581.81,2248468.25,2182042.51,2144832.28,2301001.7,2056894.22
110378,2243776.33,2197152.13,2281861.67,2291266.65,2041659.17,2374191.46,2237153.24,2221319.11,2311849.87,2136730.64,2275820.34,2354464.42,2170506.48,2142874.46,2337753.48,2219598.91,2402864.59,2246542.82,2251043.66,2029407.41,2007421.36,2366505.61,2302091.86,2428714.93
111379,2117826.62,2154169.26,2329815.13,2034262.87,2043734.78,2098251.52,2195626.99,2340791.66,2274910.64,2147452.05,2287280.99,2282543.92,2228523.53,2116543.45,2235868.22,2226225.68,2130156.13,2068463.66,2131119.34,2223762.8,2245565.96,2225834.92,2142180.01,2156889.98
112378,1187035.92,1216040.34,1271989.84,1139917.12,1171203.87,1173650.74,1105492.26,1134181.9,1216661.25,1255177.31,1189984.59,1128427.97,1146568.12,1234327.42,1274494.67,1251119.89,1244372.26,1062404.38,1193967.34,1147770.86,1179847.36,1175537.09,1114098.07,1160663.42
113378,1596046.97,1484136.9,1683081.63,1501619.33,1651171.37,1466565.48,1608602.16,1533109.04,1513994.6,1620068.83,1629019.31,1666689.91,1687207.74,1410260.4,1621325.88,1495584.17,1650825.91,1523674.89,1628690.25,1591580.1,1563285.71,1592720.96,1697830.65,1487764.27
114378,2347726.36,2302687.97,2351864.41,2297682.82,2319947.31,2173153.78,2159295.03,2178884.54,2199076.43,2101282.63,2342112.7,2196441.93,2157044.81,2311378.11,2426876.33,2263002.61,2229644.07,2197602.62,2205606.75,2131846.36,2259114.06,2126405.31,2073285.24,2353243.52
115378,2221110.03,2141280.85,2366253.69,2037734.11,2291316.89,1936933.04,2113818.34,2050350.21,2252825.95,2115093.53,2267421.27,2109907.96,2146933.82,2055341.21,2525720.06,2194649.7,2251933.24,2215776.86,2086795.95,2216157.11,2289833.06,2358745.32,2137977.92,2193518.97
116378,2129379.7,2127114.41,2037242.0,2038109.34,2015184.49,2115001.98,2107711.57,2118150.35,2194518.7,2056503.3,2017148.72,1937693.49,2093529.96,2106775.91,2056604.47,2277364.14,1924710.52,1969822.44,2024022.24,2057160.39,2004161.23,2134848.79,2100567.74,2063029.68
117379,1447806.97,1486775.54,1507669.23,1374474.79,1486841.78,1586625.83,1499579.59,1499374.83,1615803.84,1538078.83,1419419.7,1413662.59,1424280.02,1589264.46,1394298.37,1474547.57,1552384.93,1579784.11,1543371.78,1341084.77,1534039.8,1571207.07,1477597.78,1444339.29
118378,1314473.22,1497136.65,1467287.62,1568905.09,1428247.87,1498549.83,1348621.99,1451972.48,1409994.14,1434836.77,1341407.17,1506782.14,1592168.22,1534156.25,1386828.15,1407284.3,1392976.22,1420715.76,1350607.94,1392715.11,1508966.81,1421563.0,1343543.05,1541030.07
119378,2227344.65,2515945.33,2301249.52,2507040.12,2421037.51,2340604.98,2450880.49,2344221.79,2260933.9,2263463.06,2484696.76,2196180.05,2323060.63,2413501.34,2157412.41,2449709.59,2377814.81,2434840.36,2141661.88,2440925.97,2279466.94,2251624.24,2493862.1,2398935.83
120378,2240110.39,2103769.45,2110394.65,2153816.0,2173544.98,2222950.87,2209533.21,2205485.07,2065978.62,2263551.4,2416728.37,2274275.8,2173375.8,2044537.93,2244842.44,2247012.45,2126626.41,2273682.95,2124396.75,2010215.0,2060716.18,2478691.8,2241333.85,2226468.44
121378,2365816.4,2164085.11,2269182.32,2302414.17,2362338.74,2097518.67,2268873.99,2326857.83,2221886.01,2240880.4,2258450.8,2132676.62,2302293.2,2079090.95,2159468.59,2147937.55,2338779.15,2235819.65,2328641.35,2222809.85,2216644.87,2119905.74,1971432.15,2141685.23
122379,1792163.81,1699920.2,1706221.95,1721448.98,1772339.97,1655417.9,1731015.21,1721276.2,1627740.51,1887728.68,1603526.45,1843422.97,1628316.88,1797966.84,1670843.67,1704444.26,1724994.34,1822355.06,1711833.33,1580432.14,1668204.52,1606079.26,1712182.07,1543366.28
123378,1330701.19,1375587.42,1285159.16,1297710.29,1363466.6,1376983.13,1391687.71,1208924.91,1427800.37,1308122.61,1398288.01,1317059.08,1288704.61,1377213.66,1396032.79,1380577.13,1358869.77,1439335.64,1389251.86,1416507.08,1360759.77,1372469.04,1363790.07,1320300.39
124378,2180669.73,2091365.45,1945578.09,2047575.44,2263886.57,2011765.85,2143363.06,2345229.81,2132833.32,2268119.77,2205527.29,2146468.83,2228159.43,2269097.8,2244131.89,1995274.89,2282115.14,2005078.65,2101471.88,2129778.92,2205415.44,2057991.94,1901978.07,2100364.0
125378,2214647.34,2209191.45,2167594.96,2213171.62,2158753.93,2192515.54,2212492.93,2379234.7,2107244.94,2151720.6,2348406.7,2241371.88,2160589.05,2102709.79,2079170.12,2234335.17,2454007.49,2254130.8,2299210.33,2347036.52,2302974.97,2296648.13,2343689.73,2172759.02
126378,2299468.32,2449527.04,2294741.43,2189888.62,2348484.47,2365392.3,2474967.66,2452680.92,2203805.54,2286768.26,2330252.76,2277656.75,2147952.05,2390589.51,2246308.33,2433025.02,2371160.54,2279301.8,2291285.81,2478229.81,2399499.98,2313833.04,2112063.91,2240824.1
127378,1227288.71,1178455.32,1306426.37,1146503.47,1198938.77,1176783.32,1142476.3,1258764.22,1141974.44,1270471.13,1180729.41,1204239.03,1276437.19,1184697.35,1213194.99,1223965.48,1154469.13,1123764.45,1216695.4,1148363.14,1173845.92,1198456.39,1228586.8,1144921.31
128379,1713865.7,1742459.85,1697483.32,1678502.17,1627905.83,1770172.3,1631151.16,1478624.16,1485212.02,1591829.31,1748208.26,1719720.32,1745580.05,1784116.55,1462532.61,1617675.3,1673567.54,1735486.52,1551884.19,1706791.16,1755972.1,1728095.63,1675724.69,1785714.49
129378,2220140.28,2134938.92,2277461.09,2069984.45,2307147.46,2267506.63,2223783.22,2314581.32,2344827.23,2390651.41,2311863.94,2159425.15,2340114.19,2182708.4,2360665.26,2115754.7,2142412.76,2121331.71,2432128.52,2094841.47,2314331.05,2166712.03,2234451.22,2162204.25
130378,2109001.1,2103650.41,2085452.14,2233892.18,2413135.53,2264996.3,2037227.69,2208615.13,2262441.6,2121039.18,2308046.12,2307551.9,2103944.54,2086837.16,2105817.51,2238811.51,2138486.09,2307747.56,2146120.75,2192267.16,2220923.61,2409695.53,2175219.52,2268393.76
131378,2282044.4,2449172.67,2413269.01,2206851.0,2423028.89,2360166.77,2320012.31,2236219.15,2185266.59,2177896.67,2158673.4,2502940.74,2175395.3,2377802.14,2149982.34,2610641.79,2491321.22,2387836.09,2651735.33,2398500.53,2393932.43,2219909.13,2228253.09,2170156.68
132378,1410626.68,1339464.81,1340787.92,1358505.47,1466343.59,1543040.47,1417492.96,1357791.68,1380105.91,1330369.67,1435538.27,1531314.14,1422570.6,1441791.47,1359612.69,1286363.42,1340069.46,1506690.11,1354953.41,1341290.74,1488830.71,1374900.67,1360743.21,1360154.36
133378,1379667.37,1469577.29,1554481.76,1469344.08,1571863.98,1366265.83,1437782.63,1475665.2,1521119.01,1411420.19,1552091.54,1483951.39,1420658.12,1498329.91,1456798.02,1393609.5,1384584.8,1516391.86,1413508.16,1485141.49,1569458.09,1468697.82,1488731.84,1625282.77
134378,2243698.04,2286105.12,2377563.76,2234463.61,2302602.92,2320513.45,2187001.57,2222024.7,1966875.36,2133741.25,2208096.68,2099566.02,2027703.63,2146752.56,2232491.33,1934594.29,2337435.7,2186927.97,2184237.81,2287615.24,2074855.9,2446201.75,2270517.39,2428556.93
135379,2175032.01,2231621.13,2370886.43,2288805.05,2025930.15,2276596.72,2193215.36,2111324.35,1981359.9,1997080.19,2176800.25,2156319.55,2235063.83,2234008.0,2227776.31,2122801.88,2166885.13,2248129.08,2232145.32,2290025.85,2184612.08,2112619.25,2186746.66,2188473.27
136378,2533513.25,2220546.48,2386912.43,2398875.03,2622512.85,2328221.19,2494291.67,2375489.48,2248204.36,2385994.01,2061475.8,2543466.53,2438868.41,2438512.03,2349456.71,2523242.98,2327275.67,2132279.37,2326079.16,2132986.22,2355293.2,2588895.84,2123569.98,2240081.0
137379,1617506.76,1553001.72,1513744.92,1433002.27,1500098.86,1452943.48,1496583.41,1617610.62,1449691.06,1678922.76,1536745.2,1513212.83,1570449.85,1384969.68,1519556.4,1544412.72,1490274.3,1547096.42,1443350.62,1518680.08,1537908.66,1579994.36,1434887.91,1530326.39
138378,1396190.63,1366386.84,1480623.6,1403158.31,1413311.04,1472666.82,1488913.09,1454438.96,1397446.22,1272757.07,1522937.99,1359425.79,1416321.42,1575150.96,1434632.04,1502258.23,1365055.7,1447766.12,1466098.03,1289119.51,1268106.17,1332522.14,1474412.31,1289158.5
139378,2111020.2,2151023.89,2102179.5,2106567.76,2044986.12,2073258.36,2050384.62,1885810.13,2035299.56,2036696.0,2045942.89,2151900.15,2240216.42,2113363.96,2149919.43,2049819.24,2120409.74,2210459.94,2204620.66,2197446.36,2125322.65,2100271.05,2070755.1,2240087.22
140378,2184874.4,2119819.96,2072795.74,2269038.22,2132849.67,2217736.09,1965002.43,2101849.61,2232569.51,1970492.6,2232704.83,2044677.48,2164000.29,2182874.71,2245737.64,2071467.36,2310480.18,2260688.29,2040845.11,2302777.74,2216905.33,2142850.71,2261095.01,2244748.19
141378,2213770.21,2003414.11,2303582.14,2363386.53,2086451.75,2053885.03,2249970.14,2090850.83,2288967.43,2146998.43,2264698.23,2170782.08,2335640.96,2169378.81,2248026.62,2193623.96,2107961.52,2113096.31,2147783.04,2337940.94,2213085.92,2070956.25,2358875.33,2197018.6
142378,1556355.06,1552627.53,1640260.92,1677640.83,1599832.96,1515267.54,1747056.99,1739425.78,1721201.26,1550503.18,1556640.58,1716538.3,1647311.1,1774883.64,1582003.82,1527971.26,1720143.57,1659572.81,1597114.93,1668569.38,1558892.35,1583128.3,1682754.32,1624121.62
143379,1312349.05,1416195.37,1391781.68,1362424.0,1412765.7,1442673.41,1369111.48,1366945.72,1367777.08,1335616.65,1293383.98,1344722.68,1375679.24,1436639.33,1326460.63,1374528.12,1418471.31,1347390.78,1328323.1,1371443.76,1427981.45,1402356.14,1393321.87,1397309.02
144378,2264358.59,2163033.79,2007366.17,2114227.01,2084363.03,2195707.85,2165104.98,2190160.47,2161399.37,2142657.03,2114100.65,2154487.1,2065480.25,2178736.37,2004722.62,2162000.8,2366250.4,2081819.35,1945442.19,1954378.45,2313297.5,1984362.47,2027126.04,2105321.96
145378,891410.83,994165.29,933763.02,909534.69,918711.68,925394.68,886826.37,901894.39,953703.69,891547.87,904106.76,875461.52,862671.45,867995.86,896008.01,909666.12,861715.0,896741.35,914127.55,850289.56,879851.4,869187.3,860536.92,894329.45
146378,1549643.54,1444500.58,1596843.64,1515058.91,1532049.2,1505458.73,1480971.37,1509924.49,1486244.86,1444514.52,1481148.09,1528728.77,1486286.24,1565017.9,1520936.62,1658269.76,1409789.78,1488155.75,1493026.4,1559644.81,1388550.04,1360234.91,1444128.1,1428311.42
147378,1631242.82,1718555.04,1693680.13,1551501.8,1614110.65,1687529.73,1519789.29,1737246.14,1734447.08,1803673.14,1751360.45,1724322.97,1683186.06,1780249.54,1516253.01,1743910.96,1633672.8,1685352.04,1493379.22,1719433.1,1774754.11,1641965.63,1592868.59,1665213.44
148378,1502665.16,1538334.83,1460482.62,1456391.69,1476268.4,1623521.54,1539124.98,1538776.61,1492139.08,1432856.98,1393729.21,1533078.49,1423123.1,1391632.18,1620149.54,1431540.84,1412543.03,1461042.77,1583712.43,1494799.52,1532254.59,1468084.14,1471321.09,1468654.11
149378,1831765.6,2095024.75,2069420.83,2118724.01,1997842.16,2091176.26,2154101.2,1999531.09,2201492.72,2043235.67,1964713.66,2115361.65,2046826.15,1915457.53,2016480.56,1941531.78,2056100.64,1962672.56,1988113.22,2156627.99,2002401.73,2003691.58,2122436.55,2214315.86
150378,1201553.56,1106006.18,1284217.91,1162267.88,1115310.27,1172407.95,1160745.01,1204550.4,1139438.88,1210042.72,1133330.45,1089358.76,1145884.76,1082417.28,1148193.99,1169694.08,1198190.0,1254432.54,1248248.06,1264820.27,1192938.23,1184098.93,1211870.72,1110895.63
151378,1263750.23,1319315.9,1367731.45,1394904.96,1238050.24,1343485.39,1363468.79,1521712.15,1332780.63,1307130.51,1370727.17,1393657.96,1337414.67,1283718.22,1293060.6,1333749.72,1323535.94,1427420.94,1393657.2,1320517.2,1337463.88,1385624.97,1275100.49,1438241.69
152378,1534648.4,1453087.8,1428827.36,1443220.14,1545247.12,1541718.35,1437442.46,1331777.42,1461474.39,1385484.51,1467233.64,1406732.08,1556901.22,1496259.39,1412822.83,1519070.64,1513595.18,1372892.5,1482562.74,1468904.46,1524627.84,1432594.42,1396179.32,1528579.34
153379,1548650.1,1492406.88,1526714.2,1412165.53,1638999.34,1547527.58,1575070.45,1566579.54,1464785.23,1503195.59,1517424.85,1548879.58,1512358.88,1625721.26,1608989.32,1541627.92,1442586.08,1502841.15,1481361.32,1576234.41,1622905.77,1519366.72,1491251.64,1597451.63
154378,2080664.74,2205464.65,2086211.37,1996293.03,2063335.63,2087923.74,1970677.97,2235972.67,2129344.08,2106562.99,2278205.06,2240449.15,1900083.63,2139479.85,2145366.35,2270438.17,2103202.68,2074887.44,2150986.57,1941526.55,2072686.02,2044815.78,1945039.7,2175666.94
155378,2226492.92,2201306.38,2381760.44,2178339.63,2180333.8,2312150.01,2283738.79,2382169.16,2121154.57,2310745.95,2138365.55,2192138.0,2449163.38,2289598.06,2393241.87,2236977.54,2318942.21,2288660.28,2474417.45,2178080.45,2158033.18,2447978.69,2112122.63,2137320.43
156378,2351726.48,2277990.51,2448909.45,2256560.03,2112353.84,2353369.21,2586351.03,2343833.81,2269911.29,2230167.37,2261624.73,2235967.88,2262032.37,2128640.38,2234280.11,2494061.61,2227341.89,2264981.79,2507873.51,2293812.26,2129246.57,2374327.83,2244751.37,2235829.33
157378,1647633.3,1762923.38,1669685.59,1777782.14,1486991.61,1791278.39,1739300.22,1563992.61,1654555.28,1658072.62,1687676.94,1728000.66,1774492.9,1637505.73,1689511.57,1621126.53,1568215.05,1814165.12,1670157.04,1664364.84,1698427.44,1592306.71,1793206.3,1775993.44
158378,1481049.68,1546184.42,1720099.56,1535229.19,1683617.85,1643192.3,1429905.2,1526978.9,1570092.54,1564886.69,1658825.46,1612076.35,1460192.97,1540501.41,1569566.01,1651416.26,1583825.82,1502295.35,1516749.23,1624801.98,1636623.79,1548155.04,1613370.98,1533744.44
159378,1814098.12,1855000.24,1762003.24,1799729.41,1911830.29,2056203.99,1774926.25,1922493.38,1933892.95,1880800.41,1926683.13,1836546.78,1808816.12,1939398.43,1840010.59,1840961.02,1976225.38,1983962.82,2050660.65,1765597.21,1827425.15,1833898.29,1835060.25,1810507.56
160379,2129988.03,2007729.66,2477059.68,2154838.04,2250341.76,2237343.61,2201012.62,1943011.69,2322182.59,2251882.72,2168245.57,2116796.31,2123734.62,2176135.62,2234594.21,2281848.52,2171530.95,2047453.43,2305142.68,2311819.66,2169627.38,2129154.21,2240608.88,2459983.57
161378,2187448.56,2122743.49,2127186.14,2160342.36,2140298.82,2230986.47,2180517.16,2192534.66,2018155.54,2051067.52,1967857.41,2256854.15,2066313.25,2177709.19,2336637.19,2294100.22,2009148.18,2090179.32,2047832.35,2221953.56,2134277.05,2190245.37,1988184.14,2102358.17
162378,1775564.81,1807576.87,1717570.39,1671078.97,1802376.58,1978843.36,1834181.36,1869900.58,1770282.67,1987473.4,1769533.57,1918729.28,1754871.2,1853659.28,1727035.29,1846602.4,1821280.54,1867289.32,1826390.61,1677538.54,1716172.94,1865563.39,1861875.23,1832122.64
163378,1424409.42,1359183.84,1476242.09,1389797.16,1538313.07,1352564.75,1305875.29,1541044.58,1396235.37,1374699.87,1449822.15,1481712.76,1520681.91,1473560.25,1457872.33,1273132.29,1439994.5,1475092.19,1501977.64,1511288.98,1472520.49,1451511.61,1390794.25,1541877.05
164378,1807489.09,1681453.57,1943469.83,1642991.18,1765247.09,1801035.92,1820084.53,1727848.45,1715008.99,1748831.22,1861777.27,1789933.95,1637035.72,1711506.74,1835018.13,1786448.1,1951793.17,1728879.71,1672687.61,1842500.42,1844565.1,1851031.74,1745738.61,1718730.92
165378,2282196.33,2320699.55,2257939.99,2365380.16,2274748.35,1944213.11,2159767.93,2292006.49,2170068.95,2332948.7,2186666.15,2183730.86,2337292.24,2350581.53,2240113.72,2170691.02,2288595.26,2339504.24,2245856.74,2346242.42,2211521.64,2242798.91,2212292.66,2175074.37
166379,2259859.41,2417117.45,2394729.86,2116688.75,2272712.12,2338969.68,2225777.59,2312257.3,2307816.59,2341207.0,2294775.94,2195107.01,2538470.81,2200816.97,2252678.75,2365865.55,2194226.72,2263088.87,2451428.23,2275620.64,2362478.07,2330842.17,2137183.44,2212640.55
167378,1926856.53,2035144.92,1927129.23,1889619.66,1832265.82,1953265.6,1869732.72,2012203.87,1895162.21,2059146.99,1901366.08,2101928.94,1918058.24,2050670.73,1984761.65,1973786.8,1926332.52,2125717.61,1933225.79,2160245.14,1814811.19,1903768.2,1961437.42,1863127.04
168378,2201654.29,2192523.6,2036862.98,2128812.24,2082456.35,2204968.12,2078866.85,2058168.29,1992840.88,2214284.89,2117022.18,2098169.22,2054752.42,2213326.42,2184211.01,2105076.68,1954400.03,2112050.26,2151655.86,2193023.97,2126847.71,1916484.26,2063486.01,2151624.1
169379,1639656.6,1656680.02,1588027.2,1629656.4,1598260.59,1581378.11,1651572.33,1620140.73,1781591.61,1676563.02,1653568.61,1684015.43,1613378.97,1736190.88,1662150.76,1753561.55,1604757.59,1631513.42,1733081.89,1630355.33,1690220.49,1441939.85,1717716.86,1619634.49
170379,2134039.6,2105523.37,2094404.8,2033045.51,1945596.37,1982807.48,2077886.26,2257925.85,2061518.11,2139486.79,2054129.04,2107589.07,2151169.54,2264361.18,2151355.38,1971939.67,2057069.29,1916186.26,1914092.5,2158336.66,2165577.93,2013411.13,2062004.16,2090748.92
171378,2137256.81,2218636.25,2205222.15,2030046.35,2274668.06,2301075.55,2365308.32,2166207.1,2185939.64,2379746.66,2318000.32,2085101.11,2234117.82,2132412.8,2171628.98,2147092.09,2141566.01,2034381.91,2328738.58,2218075.44,2284106.99,2092802.57,2300166.0,2170311.95
172378,1846142.75,1935380.83,1944653.74,1732273.64,2038500.0,1859293.07,2087454.97,1961795.17,2136985.89,1870317.22,1992870.14,1859105.22,1741930.08,1916439.68,1992861.83,1776684.5,1965296.24,1952015.78,1947965.58,1884153.26,1980855.07,1874280.31,1888864.32,1817378.21
173378,1580380.38,1481913.65,1614743.97,1376391.09,1460237.06,1580660.53,1441346.96,1618361.71,1554675.0,1572911.46,1537957.89,1486048.1,1620619.06,1493454.63,1355629.47,1396478.81,1476478.8,1463513.32,1601540.52,1410963.28,1410596.82,1495505.91,1402999.77,1549537.75
174378,1719914.11,1684395.05,1604119.96,1619892.66,1609753.38,1845691.57,1742221.91,1867836.84,1747653.22,1716151.37,1777663.18,1720764.19,1776075.89,1746684.5,1769196.0,1803885.24,1649921.01,1762867.36,1676754.26,1673820.6,1656445.57,1794862.9,1678060.95,1579867.6
175378,2240188.97,2224477.26,2235898.82,1997818.61,2304712.95,2193926.85,2152906.05,2240008.34,1962745.02,1948998.87,2243131.76,2136371.19,2204695.01,2164057.93,2397246.54,2120684.68,2252930.41,2013582.16,2156746.91,2308239.98,2391384.83,2143112.97,2020807.77,2169530.13
176379,2240169.9,2234380.6,1993865.85,2118000.52,2155214.5,1963003.03,2086037.33,2110453.23,2259492.82,2135677.16,2011145.48,1969055.62,2253779.94,2234504.77,2208048.07,2119623.62,2012632.33,2169035.13,2152604.84,2013522.38,2271534.76,2256478.63,2094306.42,2085579.24
177378,1837875.94,1921698.89,1766801.42,2044880.14,1868385.66,1794463.24,1772579.14,1930612.02,1845846.02,1877977.88,1846647.35,2001443.8,1824438.54,1892519.1,2025043.2,1910576.22,1913156.52,2088293.58,1871736.02,2023065.46,1917349.95,1848128.23,1835158.45,1856318.63
178378,1388254.5,1480191.99,1381310.51,1411956.67,1480969.96,1405583.32,1505975.28,1421555.92,1451786.12,1443607.77,1473031.6,1452075.76,1386792.01,1388417.51,1418757.45,1353911.63,1388895.46,1482070.37,1568046.17,1446646.73,1420242.86,1498055.03,1613707.69,1515016.65
179378,2006263.42,2457550.66,2379061.68,2231971.96,2181436.62,1935557.76,2217872.77,2112595.73,2305480.38,2324655.6,1960333.77,2172130.96,1985870.86,2136515.71,2211601.52,2174366.05,2210363.88,2208973.37,2134573.88,2242551.09,1838015.87,2269681.1,2232638.73,2198298.16
180378,2091715.56,1917750.53,1984436.6,1936657.57,2002362.82,2119184.7,2256600.57,2072700.04,2127083.86,1898524.34,2118070.9,2186391.75,1996852.83,1972750.58,1905966.34,1826952.66,1921263.59,2070696.62,2104213.23,2000745.1,2213920.86,2048412.82,2110015.11,2185567.21
181378,1122493.14,1159974.41,1096414.1,1094370.84,1152149.57,1224255.98,1123094.88,1125802.78,1113799.75,1173498.71,1148645.98,1118285.28,1010430.84,1091450.24,1167488.42,1122813.12,1127491.43,1265389.94,1127034.43,1129835.79,1087051.18,1224333.81,1127887.73,1138839.26
182378,782377.12,823002.49,813080.15,860624.47,838252.32,894267.29,823605.23,872047.47,849350.78,877318.88,832765.75,826058.41,841665.99,781663.15,773650.22,867857.02,877143.91,816235.2,887470.66,858955.43,883106.83,906184.84,852817.65,883241.62
183378,1231306.88,1254155.58,1214595.62,1142064.5,1168635.08,1092566.5,1191633.54,1198143.5,1164779.45,1124832.03,1066875.73,1209430.81,1110505.47,1160287.19,1166743.48,1186587.83,1266892.39,1235642.05,1237052.0,1080848.37,1256423.29,1160902.92,1242649.36,1259352.39
184378,135157.51,147492.02,137522.52,150129.59,131551.89,141700.6,131675.24,144486.6,129702.56,137688.18,132647.51,133066.64,138178.87,130099.67,140514.69,128678.93,136724.21,142173.08,130986.84,142517.6,138592.88,128297.71,139722.01,137502.01
185378,1718099.81,1544963.82,1539997.42,1619425.95,1651620.4,1643301.66,1685620.7,1582654.51,1656266.97,1504680.03,1503001.9,1648859.99,1551336.04,1547522.12,1589347.19,1704349.22,1696760.85,1438009.32,1591968.29,1719303.4,1508190.14,1659870.7,1577330.14,1575364.2
186379,777568.73,756031.44,764417.68,740701.22,676648.22,673707.97,764662.28,730632.05,730147.59,774371.48,721861.23,757043.55,731472.09,758564.94,706941.42,754823.94,738794.33,724348.32,762331.84,797052.91,775675.03,743178.16,757914.79,735246.64
187378,424270.17,389490.16,401401.23,420857.71,363105.52,399782.05,398268.09,420306.66,405918.03,433247.09,381532.74,397903.48,396847.82,386628.5,379950.74,406570.12,426525.2,419859.1,428543.03,403418.99,385818.14,387330.68,428548.98,441017.96
188379,715185.01,639733.16,623170.12,661819.96,642577.95,608365.34,591477.27,656518.47,559934.4,674109.54,639242.31,657079.18,592666.62,610759.21,670380.05,643324.08,650768.79,653882.38,587008.28,660895.96,583749.25,631658.37,629927.84,597948.96
189378,581526.54,574167.65,571822.49,542090.14,589733.6,538798.22,545468.81,523780.2,564415.27,530284.65,535695.43,574205.83,583512.7,585154.74,510428.87,529413.09,581181.7,593044.6,553526.89,612550.67,542307.22,545725.57,569210.17,538126.12
190379,335733.35,331450.96,349280.92,335737.41,334432.67,298075.04,312215.85,304023.65,353231.68,332032.18,310656.01,298883.84,323097.03,346038.06,350253.03,331576.02,355083.93,345807.39,342154.93,332216.98,305459.39,350824.16,314981.98,326279.48
