0,1417788.28,1277492.76,1211876.31,1132146.38,1284464.95,1294417.18,1331635.58,1231584.6,1374276.5,1352449.89,1396593.6,1287156.41,1204971.04,1271961.71,1366724.09,1179973.63,1362052.89,1287439.05,1281263.45,1402402.65,1299668.33,1337932.27,1288395.53,1404849.91
486,2577675.24,2411898.63,2380878.99,2397623.03,2511434.42,2336533.94,2464427.57,2662922.96,2391716.32,2391091.79,2474716.29,2559410.47,2515494.52,2375137.19,2637078.19,2332604.39,2371087.87,2319340.3,2641356.81,2596152.29,2575421.91,2586449.45,2567059.04,2677625.03
1486,2283027.07,2537831.09,2361238.38,2362142.23,2396984.75,2528240.64,2621626.57,2151045.28,2373837.57,2468183.14,2403097.86,2465272.44,2642693.39,2554350.07,2406554.03,2589440.34,2473527.24,2564348.85,2469872.77,2354042.45,2478509.96,2436834.18,2526771.54,2276218.87
2487,2420134.5,2492225.89,2449155.98,2527192.86,2370029.81,2396166.83,2502315.72,2434282.75,2571710.41,2408507.25,2647099.83,2290049.7,2730690.92,2522855.53,2134216.81,2505726.91,2587902.56,2608469.01,2628726.99,2423965.61,2552763.42,2287452.97,2363962.69,2441876.44
3486,3056950.63,2986062.65,2978808.24,3021929.26,2668901.87,2866996.85,2787304.44,2878317.29,2625524.99,2700206.83,2960441.17,2970314.81,2925952.81,2668678.85,2692762.7,2793180.21,2691558.82,2798692.38,2730678.56,2785359.83,2800600.21,2856487.96,2836711.57,2826349.82
4487,2004974.17,2185847.49,1984886.13,2057376.07,2242065.42,2082940.77,1932828.88,2088207.3,1869361.21,1819285.41,1952528.29,2293528.28,2035055.34,2014041.42,1889053.24,2163829.4,2033942.98,1941498.54,2064111.22,2086915.26,2141197.87,1909588.88,1981119.62,1986205.83
5486,2028619.48,2043800.04,2183113.84,1970451.17,2017978.8,2288433.27,2149739.83,1971064.14,1952517.5,1865335.03,1832181.36,2119875.77,1946316.62,2067973.83,2139721.32,1838381.66,2084745.04,2048035.08,1890051.21,2036755.64,2051886.99,1996715.46,2023230.17,2166788.57
6486,2211367.19,2333261.15,2112249.62,2365110.47,2041901.81,2114356.96,2123120.21,2223065.0,2059304.47,2117889.13,1963083.42,2028910.1,2118561.49,2164104.45,2169658.66,2186145.14,2185030.74,2354251.43,2041501.96,2142195.26,2098495.45,2197258.15,2355190.12,1830532.61
7486,2098151.94,2255124.75,2137318.93,2368374.47,2141212.72,2349043.94,2375454.11,2038508.42,2383116.59,2313017.05,2048118.14,2312974.06,2034695.65,2045936.47,2309950.82,2106393.13,2263747.22,2114618.11,2200209.07,2335004.61,2226905.25,2237896.87,2293779.69,2340956.39
8486,2310975.18,2404516.43,2280693.01,2391210.88,2303450.0,2329070.79,2258525.3,2465947.64,2309956.16,2136845.37,2290658.05,2202211.5,2683665.15,2570821.41,2273556.85,2150266.12,2404484.39,2385882.69,2223212.85,2340342.66,2514480.58,2746693.95,2266147.09,2233684.15
9486,2567287.01,2692635.7,2680520.02,2750755.75,2482396.62,2851077.07,2636145.91,2627610.59,2553203.69,2627313.57,2873311.25,2789813.08,2616245.02,2655672.51,2843764.45,2753060.92,2953360.62,2656277.11,2267487.13,2744975.13,3014214.24,2824394.33,2831713.61,2662236.42
10486,2473526.46,2765263.91,2568061.42,2595319.54,2856046.85,2639405.77,2578366.21,2622292.98,2770514.86,2557697.24,2859830.77,2680398.92,2794151.3,2542763.01,2454875.41,2518668.65,2680976.62,2557589.38,2656150.33,2497908.68,2718184.75,2626270.54,2690733.74,2601736.04
11487,2497622.92,2632300.12,2673284.14,2512352.06,2607835.95,2587633.66,2585407.77,2853323.87,2622232.65,2592297.34,2765327.41,2666675.22,2717067.75,2298825.93,2579959.1,2527513.2,2641009.28,2534562.39,2663792.04,2506015.88,2993271.67,2535355.02,2762097.58,2766971.06
12486,2810242.82,2731056.18,2597149.9,2534090.38,2764855.98,2693976.65,2799378.5,2626470.26,2682366.93,2600754.95,2972165.4,2839282.46,2608240.86,2615179.65,2476867.71,2529816.51,2867299.03,2793302.22,2732392.16,2896002.72,2567587.67,2742664.4,2362586.45,2691659.39
13486,2291043.21,2201542.8,2292981.79,2359368.05,2225944.83,2553990.52,2357206.7,2361311.15,2233986.32,2529923.1,2559005.25,2246464.01,2320167.13,2594042.47,2459820.23,2394283.64,2402295.94,2275011.33,2249979.17,2533238.67,2456883.9,2314360.79,2315887.29,2507109.16
14487,1263712.0,1110142.92,1277358.92,1334908.35,1106064.17,1145033.46,1185721.94,1245100.34,1103291.35,1229684.56,1192600.16,1143672.49,1315678.85,1164899.11,1144183.09,1209401.3,1222928.99,1096284.95,1148319.53,1120191.56,1189268.55,1155128.94,1271020.46,1081900.82
15486,1651678.13,1491878.87,1413776.44,1422902.41,1513785.95,1577052.15,1301967.52,1404887.24,1400801.49,1431584.84,1328573.83,1377990.92,1463757.26,1467900.1,1326715.69,1413189.41,1467835.26,1295832.38,1483550.44,1581826.71,1444138.76,1457824.81,1507711.34,1365382.25
16486,2475459.67,2604592.54,2680123.43,2729878.51,2380654.14,2708408.68,2235565.67,2698801.38,2491688.94,2664172.17,2570021.13,2450899.42,2666504.78,2453198.41,2521542.13,2599695.76,2373983.76,2697693.47,2678174.58,2878273.71,2598891.43,2548922.09,2558758.67,2722581.89
17486,2492098.57,2400703.57,2258089.58,2512737.92,2509122.44,2725507.25,2516466.92,2639500.02,2389984.64,2413864.17,2476591.5,2531900.57,2419431.01,2415635.79,2549040.0,2591131.19,2476120.53,2409506.14,2508412.39,2443632.46,2597855.59,2542774.86,2689404.61,2357109.62
18486,2725095.6,2706055.41,2581471.1,2609386.78,2633537.22,2781453.8,2712117.9,2792810.16,2512888.68,2551581.87,2640730.86,2634694.7,2652880.75,2936365.06,2768934.02,2560691.04,2540610.15,2769294.13,2857892.11,2529902.38,2573464.47,2586969.95,2383456.05,2554778.48
19486,1170955.35,1327133.82,1298321.36,1156903.04,1124707.75,1217743.07,1227119.53,1265565.16,1250871.86,1148119.2,1270602.75,1229019.96,1212555.11,1235001.08,1116210.79,1214640.57,1169531.96,1334498.15,1178145.4,1244079.82,1134948.48,1161879.81,1247257.14,1293789.64
20486,638860.49,615352.5,584282.2,597739.11,629593.24,676641.68,608184.77,631478.86,593450.39,644584.66,668845.16,641099.44,607555.37,667504.31,590685.98,602086.34,680405.81,647708.83,636673.83,604222.15,634623.77,612278.35,603846.5,562735.44
21486,1987460.85,1842202.98,1967459.58,1878573.2,1939881.64,2194231.38,2192560.67,1949961.37,1913285.98,1564371.25,1980927.83,2064725.7,1895488.21,1951055.03,1797298.86,1958316.61,1930108.65,2135037.8,2067153.34,1801177.04,2099256.22,1912296.6,1944521.47,2063515.58
22486,2811244.13,2600548.13,2438373.13,2608326.02,2312075.25,2966282.14,2526198.34,2495137.22,2778187.27,2406278.88,2638005.2,2673347.08,2666708.57,2513514.85,2497011.69,2749089.13,2658288.38,2539805.29,2390857.76,2531741.32,2466626.13,2489570.68,2419760.41,2293097.43
23486,2599753.86,2661577.82,2789970.1,2601669.92,2664999.03,2793132.41,2449377.87,2791105.71,2553787.9,2877415.07,2607407.91,2705711.87,2719522.03,2836826.24,2734078.3,2489475.87,2534234.77,2493220.68,2748994.07,2669421.7,2747710.28,2566393.33,2800766.88,2766135.07
24486,1246110.21,1334748.98,1136174.61,1219880.95,1405637.55,1235045.22,1141839.89,1209338.22,1265611.92,1226224.48,1307271.44,1355292.92,1358709.71,1239683.01,1327278.71,1281271.05,1351962.02,1257030.8,1336517.95,1179897.09,1225731.22,1149284.28,1162605.2,1218961.31
25486,2062741.18,2100383.16,1864721.2,2101003.76,1911730.64,2010597.37,2109466.11,1868712.82,2004683.68,2013266.87,1916745.45,2091888.44,2017266.47,2015692.01,2056182.18,2183364.32,2132263.76,2096758.62,2201542.34,1964078.73,1799059.73,1914113.43,1964207.94,1975949.88
26487,2816750.05,2907284.47,2651701.42,2971241.62,2494214.73,2721536.05,2562829.63,2740283.4,2728799.47,2756292.08,2722952.35,2879310.6,2529221.9,2696722.82,2529831.71,2708158.49,2625001.24,2721588.7,2605170.64,2774830.58,2567245.68,2677742.34,2563425.46,2813826.98
27489,2485263.81,2709660.97,2493260.7,2663471.99,2563946.8,2714020.76,2648071.47,2773085.89,2740502.68,2537554.19,2613829.99,2663407.43,2526352.68,2635134.9,2830701.31,2676103.53,2709724.09,2476022.78,2706299.23,2719210.46,2697527.79,2674023.86,2398633.55,2601072.32
28486,3112077.77,2667903.32,2867422.88,2936519.74,2564336.12,3021401.73,2570033.79,2595654.65,2742851.83,2629677.88,2790415.82,2782490.48,2779719.24,3056985.25,2359494.28,2609024.17,2738103.25,2806054.59,2744043.0,2548917.23,2577198.2,2873870.76,2843221.68,2776427.26
29487,1310749.58,1294934.06,1298099.61,1273293.9,1249342.01,1180192.85,1231603.7,1221544.17,1366604.38,1210194.32,1259469.44,1229945.42,1177025.13,1215233.0,1243542.41,1232929.86,1261083.39,1342933.35,1271750.47,1305498.22,1274903.44,1389146.96,1371780.2,1216051.96
30486,1159768.33,1173594.11,1179591.26,1167799.36,1210438.63,1092449.66,1193591.92,1220639.4,1202241.62,1219841.82,1124917.02,1128954.6,1113360.87,1195870.85,1273616.43,1200794.99,1216557.04,1196836.86,1104795.08,1253004.14,1223573.74,1235928.17,1227154.11,1277603.99
31486,2805338.14,2552551.26,2608305.46,2477664.03,2531057.95,2463382.68,2541271.94,2599039.45,2560592.92,2680170.88,2518473.24,2628231.52,2657958.69,2556365.8,2554606.45,2723006.02,2591457.22,2682691.76,2613566.86,2582359.03,2743153.45,2403444.09,2744319.83,2699624.87
32487,3068589.6,3003179.74,2608194.47,2657118.44,2585776.61,2627651.04,2640335.61,2483677.14,2694649.19,2653103.48,2513041.67,2762721.62,2732153.52,2695572.96,2876783.17,2811479.12,2682168.41,2658743.47,2354547.26,2533734.44,2640029.21,2682729.43,2730276.12,2775376.08
33486,2485135.25,2663416.08,2693845.4,2665543.83,2643168.43,2758936.0,2434493.97,2276035.94,2310865.59,2596450.42,2719791.42,2754652.19,2455983.1,2512785.89,2570490.08,2545016.11,2323370.56,2830253.13,2390631.23,2595250.18,2526854.14,2547570.84,2291866.23,2436773.75
34487,1272278.82,1292322.38,1284248.2,1351764.3,1308493.48,1286225.87,1215362.91,1229961.55,1179353.17,1321787.07,1369283.05,1335795.89,1331502.63,1317203.66,1283800.56,1237868.31,1300341.69,1363454.35,1258606.33,1243525.08,1318355.29,1293864.43,1208881.26,1209421.45
35487,1330932.1,1338942.24,1395601.23,1246679.58,1375091.05,1273620.85,1368660.84,1283475.26,1290027.7,1365326.03,1405673.92,1246591.94,1356507.64,1287663.88,1271775.84,1282080.8,1272730.03,1243451.45,1264559.44,1379722.41,1416657.44,1350300.07,1273528.28,1285906.57
36486,2734683.45,2486325.47,2644748.19,2599190.05,2787268.78,2647378.29,2639832.8,2652010.21,2716357.94,2669119.24,2504453.88,2453244.42,2637347.82,2650713.5,2605086.75,2570795.49,2683857.96,2840030.26,2746508.52,2763083.93,2917866.05,2753335.5,2543161.55,2639171.0
37486,2496833.73,2635131.44,2591828.17,2622930.64,2421823.23,2494894.25,2436002.21,2489589.1,2583022.62,2311885.74,2571179.73,2450029.86,2655663.61,2648787.07,2385406.19,2365390.28,2525291.65,2622762.77,2593533.57,2648887.74,2645289.24,2562033.92,2600604.6,2720528.39
38486,2783990.71,2896841.12,2806120.49,2871294.8,2933056.11,2944113.19,2825755.2,2968141.39,2934393.44,2778073.6,2986566.37,2940017.0,2992247.09,3139847.88,2851403.2,2992851.63,2703710.75,2668763.08,2704118.7,2766552.97,3102341.11,2606082.73,2835616.52,2846694.34
39486,1405319.53,1384352.4,1558731.31,1608759.95,1527805.11,1403623.08,1575215.12,1468807.64,1523746.23,1424699.86,1298170.08,1489525.98,1551700.71,1508803.38,1329933.18,1537072.24,1378818.52,1427971.2,1481999.57,1539611.2,1450854.8,1408403.17,1506999.95,1468337.84
40487,1304554.81,1410020.82,1361728.96,1342101.69,1405555.24,1310540.91,1488661.39,1372987.15,1478606.66,1319776.28,1438673.29,1351415.74,1427258.11,1486036.42,1416746.01,1444405.42,1304421.59,1385294.04,1298893.24,1350737.37,1338143.71,1389338.91,1464733.31,1290636.0
41486,2338362.04,2272238.85,2496607.54,2529481.8,2460658.0,2311456.04,2569834.27,2453111.84,2355047.94,2515033.93,2294838.85,2546673.73,2405606.17,2407820.47,2507748.21,2573298.32,2605637.44,2460958.83,2408672.1,2197870.71,2492682.73,2272193.9,2426025.05,2455832.6
42486,2752026.35,2441010.24,2588726.12,2728767.26,2793796.87,2442463.14,2423349.39,2598221.7,2759683.95,2804529.73,2845141.75,2684681.96,2500680.25,2410806.18,2701822.89,2613652.5,2593146.87,2673711.8,2775880.73,2652392.88,2804613.24,2721151.23,2599476.01,2723597.19
43486,3073435.0,2840406.26,2868325.03,2732433.31,2812058.3,2652390.62,2602670.56,2503737.33,2640346.73,2973749.94,2869948.78,2728108.28,2931021.66,2852883.43,2797185.63,2804766.9,2867515.75,2435622.82,2884517.39,2724555.85,2823883.98,2669198.55,2649073.49,2709749.57
44486,1746945.83,1550525.93,1642018.38,1719592.05,1696505.43,1608680.14,1767340.83,1628069.61,1743768.15,1743961.67,1705954.39,1760182.96,1530799.49,1609811.53,1606749.42,1725924.83,1606743.68,1542441.56,1732671.49,1609853.47,1803282.71,1601558.57,1575025.39,1667986.68
45487,468595.48,436421.48,459803.79,403868.85,414620.76,434040.15,412653.2,432188.87,435367.15,416687.61,439623.49,430458.74,445415.13,380394.59,430582.7,408109.82,449243.43,411174.2,433416.03,400238.5,452406.77,443205.41,407767.17,447611.67
46486,1161639.36,1114735.98,1116326.57,994097.63,1069115.4,1081853.27,1088389.61,1073521.62,1105911.84,1076431.21,1066842.68,1174073.29,1079955.09,1116824.29,1031942.69,1168894.05,1186749.68,1091916.02,1047592.64,1087453.98,1126563.4,1091524.58,994106.79,1058510.81
47487,2589719.65,2438435.2,2638663.69,2778686.76,2675199.33,2636919.01,2363484.14,2677207.08,2636531.9,2522051.29,2459784.7,2467979.12,2522930.65,2584891.37,2633737.05,2543240.72,2556519.71,2609983.71,2488447.36,2553690.45,2488290.6,2351617.82,2406746.31,2831933.03
48486,2527073.56,2470449.92,2585324.63,2404949.28,2417708.26,2674438.48,2414810.39,2485232.0,2526004.58,2646766.19,2574053.97,2227356.25,2558345.77,2451617.99,2348424.15,2712408.79,2653887.6,2557908.36,2777180.42,2668167.48,2645948.37,2427692.34,2682536.3,2582250.65
49486,1541451.6,1637125.64,1518807.64,1630983.18,1635103.34,1593610.36,1827404.15,1580960.08,1592448.28,1573840.55,1662880.99,1653643.8,1673477.78,1716837.17,1548086.19,1507431.06,1667294.65,1540553.23,1572948.98,1506421.4,1570031.82,1668430.83,1654384.79,1415016.68
50487,1594276.3,1386436.87,1586929.78,1450028.96,1564191.33,1454524.33,1602418.62,1567559.78,1481425.64,1615867.86,1612690.77,1435790.11,1403604.56,1669104.35,1446118.96,1453301.59,1569214.26,1630941.16,1526919.29,1561288.08,1442121.36,1419004.89,1556002.83,1588381.97
51487,2332056.75,2283152.18,2450601.9,2492050.79,2469624.76,2502489.51,2499333.62,2414473.68,2350644.2,2227913.28,2273622.7,2387683.28,2504825.41,2413162.52,2286837.69,2564284.28,2403118.71,2231504.07,2154455.71,2304897.22,2364045.23,2310253.98,2348323.65,2352644.14
52486,2592413.75,2629649.15,2697182.88,2584632.57,2510906.77,2548873.23,2655343.21,2697443.77,2678276.83,2552195.73,2378436.85,2379022.91,2708803.87,2704789.34,2536513.24,2525767.0,2645367.96,2594033.73,2768038.16,2504037.82,2647294.89,2587169.89,2576953.47,2866593.12
53486,2672603.21,2415640.18,2576659.24,2409777.53,2284761.3,2535626.25,2449484.17,2552830.44,2375742.11,2390250.77,2534705.34,2285947.51,2523828.86,2376028.92,2317232.89,2446471.01,2551400.1,2298851.32,2286352.7,2292475.08,2489855.22,2502167.07,2523153.94,2415279.15
54487,1342949.72,1380101.34,1496141.05,1530049.1,1404457.97,1407590.76,1496348.61,1599375.85,1457968.46,1506526.77,1374815.08,1640701.56,1446315.58,1672646.46,1591981.65,1447511.42,1485770.69,1387330.06,1595096.94,1498807.24,1491148.26,1520364.11,1509607.14,1459356.65
55486,1235078.81,1330169.02,1295818.47,1253663.48,1236666.66,1067246.29,1269595.61,1250502.64,1311349.39,1332606.39,1313573.7,1116314.14,1270223.62,1234831.34,1143498.68,1166028.01,1257791.4,1188608.01,1245452.06,1275545.25,1257478.51,1199081.83,1338948.97,1251822.72
56487,2285693.82,2423955.25,2354753.51,2341755.0,2459115.91,2734764.43,2346531.66,2342394.08,2559406.89,2531249.13,2469021.12,2407641.32,2433473.77,2454912.11,2396112.75,2229382.16,2603824.2,2379944.45,2441646.37,2227323.91,2487995.78,2502308.72,2404631.16,2521381.57
57487,2279845.65,2276629.81,2423177.37,2455030.22,2491827.17,2666544.67,2422483.6,2478910.31,2472873.76,2609997.59,2533354.9,2428939.72,2411526.41,2355840.75,2131333.16,2594888.02,2410455.64,2403825.28,2377323.46,2456309.59,2407359.45,2455400.36,2416136.6,2568669.82
58486,2431990.96,2578295.81,2629982.82,2372098.24,2691339.28,2544963.02,2513284.59,2370824.72,2629962.86,2529323.14,2525571.27,2594852.74,2527911.75,2611825.45,2521920.53,2661248.76,2441533.24,2448269.29,2668999.57,2547617.7,2699278.57,2406597.08,2740103.93,2565717.74
59487,1854149.95,1799287.44,1755080.39,1808379.63,1656444.99,1729286.19,1675037.95,1830686.17,1719695.3,1670079.62,1794626.43,1778903.52,1743337.52,1744977.1,1530856.61,1932887.91,1739669.27,1760935.15,1794307.82,1796451.9,1722641.47,1765770.21,1711515.01,1701473.47
60486,1616225.9,1669581.06,1623922.36,1542935.37,1631376.13,1648952.05,1448008.7,1537490.03,1764676.72,1561269.89,1576110.41,1432742.01,1494802.31,1555280.97,1523300.14,1658686.28,1489124.05,1668917.92,1583855.96,1594222.99,1654157.17,1699968.06,1542283.76,1665714.75
61486,2508306.18,2661837.68,2615727.53,2737696.08,2574210.74,2552305.89,2622223.87,2623076.3,2735523.94,2607194.01,2650925.08,2438057.52,2656093.26,2217188.82,2446191.67,2722193.63,2464394.11,2385874.37,2640567.3,2467893.77,2568584.57,2577127.73,2592788.79,2693554.33
62486,2598387.39,2523413.33,2524532.49,2712291.84,2407706.3,2551493.2,2570535.84,2240978.75,2633509.38,2786611.32,2378556.76,2544527.53,2385071.31,2356331.59,2696111.75,2466671.79,2487293.91,2269600.02,2229772.45,2561718.33,2406604.13,2550448.62,2542082.6,2641910.81
63486,2438613.22,2272753.88,2521109.35,2448802.43,2485092.26,2630392.97,2315993.69,2429379.25,2326101.25,2536573.68,2523267.24,2461012.85,2873295.13,2582284.01,2659664.86,2323730.96,2458893.49,2798936.16,2542064.96,2435196.53,2305400.4,2585838.24,2612642.77,2588254.7
64486,1597876.02,1572991.63,1574786.08,1741029.96,1635609.25,1648878.85,1785256.89,1719099.34,1835880.54,1828858.15,1741287.41,1604454.3,1700051.81,1641462.73,1624154.56,1731050.88,1707799.0,1786909.25,1734909.75,1684874.59,1741220.13,1734066.76,1619632.79,1781073.94
65486,1019050.93,1050875.37,1085615.77,979582.22,1013933.42,1033808.61,997724.43,1017890.15,1039567.83,1147600.6,1041637.71,1100731.47,929055.95,984315.56,1018924.03,1024655.63,1009750.39,979218.91,1143191.11,1051052.47,1070160.96,1080211.05,999008.11,1019177.16
66487,2349212.84,2373859.86,2236226.41,2239985.11,2215008.43,2178923.47,2240966.04,2354117.74,2582017.17,2308040.99,2288317.17,2282380.38,2331003.97,2476329.28,2398333.97,2404634.28,2422125.06,2431530.44,2662568.69,2499880.69,2399396.93,2452863.16,2436656.28,2264578.33
67486,2416922.84,2576285.27,2321810.78,2397814.53,2200427.82,2482375.74,2207773.67,2371050.14,2527835.01,2457718.65,2192518.99,2353848.62,2334247.39,2263377.74,2228891.91,2351574.63,2312306.5,2363126.48,2462015.28,2277751.13,2252903.6,2347973.3,2515550.99,2163568.54
68486,2419615.63,2703497.1,2381001.84,2621216.75,2522514.73,2605016.07,2436993.22,2515958.93,2384042.3,2455765.21,2435312.58,2381391.31,2376463.17,2610525.88,2488844.25,2550050.88,2364998.13,2315315.19,2407315.51,2422767.0,2570408.12,2532724.32,2522181.28,2410682.89
69487,1648801.6,1547303.03,1663046.54,1643282.33,1606868.97,1576129.28,1686458.73,1641045.87,1843999.39,1605318.78,1726060.72,1703856.86,1583398.57,1612319.48,1570875.61,1501973.84,1800019.94,1579201.32,1630964.65,1643893.78,1582710.82,1523805.28,1590981.54,1567151.34
70486,1068740.77,1039839.89,1050092.18,1048482.09,1108209.78,1182642.1,1012204.89,1077383.55,1118138.34,1082888.0,1159824.67,1020027.18,1109802.87,1047835.19,1012353.03,1089547.93,1118723.36,1124727.08,1118690.38,1013376.73,1051963.96,1157081.31,1082822.28,1039673.03
71486,2419474.66,2449817.32,2601384.37,2333805.8,2468997.57,2419358.57,2543998.37,2621934.74,2486072.7,2560234.3,2414524.96,2417400.79,2576047.25,2562407.03,2400308.27,2312619.2,2318750.57,2693271.72,2255122.35,2635966.11,2593590.11,2370380.86,2248363.16,2613370.29
72486,2565723.03,2565308.69,2592045.43,2548379.5,2686454.84,2656552.6,2655244.79,2568632.21,2709196.44,2650268.29,2539816.79,2718641.23,2668737.69,2599209.61,2667847.76,2618985.98,2725591.67,2443954.05,2605913.94,2457328.52,2480376.28,2552938.71,2689549.2,2513092.72
73487,2463488.76,2277081.84,2554871.93,2689194.26,2478872.28,2408022.26,2669099.96,2735160.98,2573154.54,2458738.12,2661809.78,2462940.28,2524686.42,2245792.05,2514337.28,2632656.11,2626221.1,2315412.13,2681208.42,2319052.47,2183845.99,2558106.25,2513952.79,2754035.47
74486,1896733.13,1896298.98,2010839.3,1784892.74,1795949.69,2083175.85,1974658.62,1967351.17,1837523.48,1898847.12,1848135.15,1902673.84,1801070.27,1852328.91,1819013.65,1876237.26,1959302.16,1905535.6,1852983.4,1911745.83,2066176.2,1856383.15,1802752.87,2052680.95
75486,1202599.06,1197723.31,1334793.96,1162605.84,1331401.77,1305104.35,1210852.5,1178504.87,1154030.64,1251266.93,1258498.18,1143855.04,1226200.51,1228151.28,1248081.99,1324442.55,1161448.69,1211399.85,1231991.32,1123747.92,1150013.46,1139833.88,1173834.91,1319327.5
76486,2028421.0,2284854.02,2038359.19,2023784.22,1893605.62,2092378.65,1920057.15,1836994.95,2036020.91,2134025.65,2094605.62,1910011.31,2074492.81,2284475.54,2113014.77,2226127.21,2231022.15,2303093.71,2098622.47,2129333.44,2200088.37,1983112.81,1978429.79,1959767.76
77486,2358423.48,2519295.84,2561015.64,2655721.38,2559022.98,2291405.37,2630961.66,2610673.61,2373832.28,2462312.55,2337516.61,2553649.01,2837963.11,2560801.25,2469877.72,2595963.88,2456935.46,2537150.58,2541652.15,2330188.32,2673586.89,2448601.12,2414131.02,2421879.64
78486,2442682.83,2735569.07,2774556.56,2373532.29,2639390.16,2380731.3,2389757.89,2528841.55,2638461.81,2570560.1,2484730.68,2524342.02,2749895.83,2692555.2,2729189.97,2551834.09,2602963.77,2360454.44,2442234.64,2480437.13,2625374.05,2707727.02,2516733.38,2428696.72
79486,1640753.5,1580595.52,1710490.09,1550039.26,1532064.96,1633955.25,1454475.05,1646936.73,1587654.0,1633392.66,1534710.13,1503163.83,1528538.64,1437516.71,1514394.93,1514010.76,1410862.41,1587681.59,1524343.1,1539580.39,1500224.07,1556855.63,1617507.12,1626485.29
80486,328517.42,320484.14,310744.74,306753.8,313357.82,297302.37,293158.28,314110.36,297996.68,300555.5,295027.1,284321.07,313045.47,297153.21,318728.7,305841.58,310204.3,308228.68,320228.89,309297.84,327986.69,301407.5,326055.57,289172.71
81486,1407297.05,1366195.99,1480898.58,1450060.58,1462445.57,1394759.01,1292083.36,1260684.32,1308112.97,1349022.73,1484336.15,1353726.13,1303899.67,1450357.9,1398937.71,1447350.79,1319196.89,1392785.51,1393811.21,1350332.82,1394223.58,1326990.46,1356035.88,1329329.98
82486,2503668.71,2589645.26,2463387.75,2607123.85,2613037.82,2426860.35,2698834.35,2514884.27,2481800.48,2794855.19,2476176.68,2530994.79,2532470.48,2661341.62,2371736.52,2819396.95,2726757.57,2440738.82,2637788.79,2543985.97,2558852.03,2618304.66,2480415.66,2712857.37
83486,2368146.99,2329570.85,2226820.91,2373450.4,2442821.23,2392134.33,2457817.13,2262281.99,2356395.71,2770106.99,2359335.45,2417500.51,2278532.44,2128071.78,2212783.68,2495348.66,2298447.6,2563472.15,2327333.4,2449118.92,2610466.37,2426777.33,2410674.5,2431633.2
84486,1411278.38,1467018.95,1450063.74,1396969.35,1318288.4,1314621.69,1426184.91,1481590.01,1418756.64,1485366.3,1419797.6,1524541.26,1428019.53,1357582.51,1444489.13,1450311.95,1357593.19,1532123.97,1366286.05,1428347.42,1333401.86,1328629.91,1389315.07,1370804.11
85486,1576101.73,1392116.94,1383404.8,1440297.13,1390755.9,1380258.94,1469883.98,1338898.85,1477423.17,1482201.11,1452696.12,1364635.42,1433325.71,1521482.03,1434305.01,1509469.93,1404582.17,1331776.72,1431873.93,1433036.76,1510520.0,1461448.65,1444482.66,1385849.47
86486,1973158.03,1756432.2,1974412.64,2042696.31,2030770.41,1755740.97,1832428.95,1872719.33,1890273.76,1842997.96,1849853.69,1791978.57,1649460.95,1792213.28,1987671.95,1910435.64,1836916.33,1954475.88,1834174.51,1908071.77,2090410.02,1866467.27,1848443.71,1850988.23
87487,2087097.31,2308095.9,2440014.19,2322856.43,2252667.93,2320433.65,2345422.56,2407987.78,2232030.06,2277728.79,2464213.58,2270209.41,2182291.3,2240566.67,2283801.82,2604822.02,2461259.19,2307995.96,2476836.27,2396006.05,2517448.24,2253255.82,2271291.25,2379424.85
88486,1280888.41,1445918.43,1348341.73,1354222.16,1518686.51,1390185.59,1333762.17,1486443.39,1522994.61,1263047.88,1308155.67,1428460.0,1268472.97,1335927.99,1436440.34,1317739.91,1322139.63,1489746.85,1402817.74,1438964.61,1377623.63,1383302.87,1462931.33,1435947.77
89487,1786682.69,1892565.09,1739776.84,1763994.83,1779901.19,1877307.87,1680644.22,1851822.53,1827183.21,1688585.11,1613114.82,1841161.49,1883187.34,1651520.96,1663293.85,1824247.97,1807935.77,1643427.96,1806674.24,1877394.96,1963742.49,1780835.36,1667961.13,1795002.74
90486,1299125.63,1407603.47,1289270.54,1357656.3,1239673.24,1258739.76,1252018.9,1310354.71,1320637.6,1294273.03,1317154.24,1267184.66,1388264.12,1242512.87,1394453.6,1385589.29,1224780.66,1311571.07,1322858.36,1268049.66,1210250.74,1298741.96,1291876.69,1445147.57
91486,2685592.62,2552615.06,2709900.01,2258140.58,2574262.94,2766804.47,2481040.06,2636890.02,2381046.2,2268535.29,2637530.58,2677567.27,2508283.67,2644767.42,2473706.94,2415752.95,2469277.27,2374890.03,2588963.51,2685153.96,2728179.74,2286332.38,2353193.23,2434744.39
92487,2533401.15,2458926.58,2548781.02,2447939.85,2303510.43,2236164.01,2618645.68,2571420.81,2583430.7,2384272.32,2454229.92,2396191.1,2555384.54,2498335.24,2740784.32,2309720.44,2312273.36,2511681.33,2620642.8,2640359.85,2555903.21,2572467.51,2448930.75,2780893.28
93487,2376940.98,2258213.55,2441522.3,2406045.96,2481054.87,2422698.93,2423598.72,2323486.42,2345402.49,2247037.34,2412000.15,2399995.7,2132648.71,2278244.51,2532781.89,2137700.53,2294815.98,2458003.42,2348655.11,2438558.28,2367131.78,2467690.17,2559015.49,2424055.45
94487,1403573.55,1421321.75,1434426.92,1477437.97,1367388.14,1380272.74,1311710.72,1379266.88,1331260.65,1363747.11,1347170.82,1513500.98,1544848.11,1466812.69,1493807.76,1489014.91,1493518.91,1400653.9,1472384.42,1381661.96,1490457.72,1404041.79,1485541.63,1514157.36
95486,1568810.5,1456416.47,1411354.75,1422413.21,1523879.47,1548758.48,1446704.33,1353255.59,1395267.8,1486891.13,1496530.41,1515241.11,1553040.68,1462556.99,1641308.91,1551499.01,1535614.16,1441283.42,1458969.07,1522082.1,1451369.94,1509636.59,1447086.23,1605780.36
96486,2091729.93,2130655.7,2157507.6,2070033.08,1971420.34,1870048.95,2066691.22,1982506.7,1994464.02,2128334.6,1874865.19,2036108.0,2209912.02,1939206.15,2044661.58,1969913.15,1949925.27,1995249.85,2115926.48,2010021.66,2169500.96,2000714.5,2013232.37,2143745.03
97487,2445490.52,2753962.86,2615023.74,2505657.61,2695510.1,2593435.32,2727580.34,2571655.66,2801353.12,2560010.25,2391098.6,2787568.44,2391098.34,2633622.51,2408396.44,2457797.91,2424332.76,2666238.54,2420019.92,2646184.55,2776522.57,2440881.5,2516505.24,2661392.24
98487,2047283.87,2073120.48,1910995.36,2114485.7,1995027.77,1991469.43,2022810.03,2066491.87,1966079.02,1978052.87,1987128.21,2202006.79,2167139.41,2089215.13,2157866.8,2016301.31,2018477.14,1985725.4,2004656.04,1863603.85,2089009.02,1945912.61,2102578.6,2046954.94
99486,1435513.7,1361078.16,1421618.51,1391244.18,1362781.61,1347856.85,1355548.35,1310339.64,1177075.51,1265686.72,1389632.32,1267124.83,1289341.39,1415620.58,1324529.73,1200612.79,1262225.37,1378605.82,1369417.27,1257656.88,1349333.23,1337384.58,1317452.72,1344331.15
100486,1157613.51,1243795.09,1082113.75,1137956.15,1264446.22,1137323.63,1240403.98,1188691.2,1146991.97,1226689.63,1205934.21,1175394.7,1119734.68,1094167.58,1154089.88,1324626.92,1235908.38,1203518.99,1234080.75,1211328.93,1160090.34,1264373.73,1306218.53,1107100.12
101486,2129818.58,2286712.25,2118495.29,2160014.12,2063502.31,2218451.87,2174768.66,2229880.82,2221222.1,2041390.34,2079942.61,2241490.43,2005667.28,1867206.84,2068163.35,2278512.33,2095674.43,2086565.13,2563911.62,2171999.56,2064383.97,2115077.07,2156987.35,2119350.95
102486,2909985.06,2554229.04,2662174.8,2824630.89,2500967.41,2524817.89,2536549.88,2737482.49,2554818.24,2625839.57,2851403.18,2627088.19,2487827.2,2772832.08,2592211.49,2615449.47,2835677.12,2898973.95,2659384.92,2603791.84,2589755.7,2745370.05,2881060.76,2898698.89
103486,2052367.87,2128353.04,2101001.68,2075189.95,2157681.38,2175826.76,1965596.51,2223991.66,2348934.63,2229517.28,2116162.12,2117984.42,2112451.26,2363344.52,2065868.96,2014321.51,2185602.4,2222587.1,2229446.59,2467875.09,2176419.75,2168412.14,1976754.97,2114468.67
104486,1817259.33,1858719.56,1734406.18,1737768.55,1787084.69,1829565.02,1867180.61,1943863.5,1660440.94,1728626.26,1647522.61,1755705.02,1754661.99,1808768.04,1848681.69,1922502.41,1632504.23,1733738.13,1648276.82,1804401.27,1787802.31,1681277.34,1799119.59,1723191.42
105486,1111579.64,1013676.41,1021133.32,1034644.07,1084447.05,1035267.92,1051380.26,1076291.38,1025381.67,989030.59,995271.05,1074032.24,1058057.79,1056439.5,1015319.62,1147361.49,1120245.86,1114896.19,997263.02,966530.27,1022131.98,1123715.26,1071256.87,1085835.33
106486,2113906.38,2205473.31,2032740.8,2105632.34,1927399.14,2083920.47,2043877.77,2142637.78,2190255.2,2339732.6,1983336.12,2203620.9,2158897.68,2043321.86,1952960.23,2171373.73,2069691.69,2018071.81,2065598.19,2155296.09,2070124.22,2351329.23,2225418.68,2130684.58
107486,2778433.63,2590643.63,2694802.41,2667490.35,2352513.27,2637489.19,2676708.81,2238802.74,2482248.31,2626788.64,2513871.69,2548837.16,2564166.86,2478591.51,2520087.15,2359213.71,2316660.17,2540296.02,2433834.78,2470175.6,2695017.78,2312290.8,2702581.66,2653258.29
108486,1944244.82,1881211.35,1967068.27,1927699.5,1801613.71,2023776.67,1891873.37,1918686.15,1961590.22,1962767.24,1745799.14,1972220.85,1852179.06,1958601.12,2003842.02,1727010.63,2078189.64,1767470.91,2004441.16,2014562.91,1898758.87,1940670.11,2039018.86,1875347.59
109486,1471643.34,1727372.94,1577525.9,1521984.59,1497489.59,1564235.96,1615704.08,1413614.29,1680979.06,1584302.83,1464754.71,1677311.52,1589031.11,1563217.47,1617433.46,1518415.53,1589450.8,1570324.32,1465466.21,1664711.99,1679276.37,1654225.76,1660155.83,1542634.11
110486,1164774.97,1183152.55,1247313.18,1249123.91,1150230.09,1168768.9,1273667.07,1215947.08,1233327.95,1211183.66,1085142.01,1056602.72,1290408.77,1181576.49,1193984.41,1163614.22,1050976.55,1174295.08,1210579.93,1125652.38,1137914.11,1145067.39,1233918.51,1191806.48
111487,1967011.66,1941351.35,2029953.72,2042839.98,2094235.03,2115186.96,2233208.02,1983490.0,1976599.44,2028635.83,2080289.24,2201302.96,1972817.96,2067651.69,1884608.66,2068677.11,2132590.31,2119410.23,2134120.12,2155869.94,1995129.83,2151246.96,2067534.18,1990266.02
112486,1715472.41,1692653.55,1690820.55,1555859.15,1613939.08,1457941.35,1548821.82,1565521.89,1677512.42,1699689.94,1574896.68,1771367.12,1601395.04,1530860.25,1521222.92,1737967.31,1574628.15,1673045.39,1658094.88,1537778.0,1575953.87,1513167.73,1597898.12,1507736.32
113486,1593037.45,1645469.86,1662515.01,1706675.79,1770123.01,1613057.18,1550485.11,1708621.04,1642019.07,1496571.39,1721990.24,1570931.74,1588356.88,1734189.27,1656226.21,1709689.18,1713079.32,1692372.71,1672114.43,1589123.8,1692305.51,1643191.11,1579223.34,1732304.09
114486,1208665.45,1339310.55,1332614.94,1336388.16,1329746.62,1275021.76,1248691.58,1263056.88,1226081.02,1253022.64,1326977.13,1315017.83,1210795.45,1261869.28,1371773.64,1212275.02,1298740.04,1247369.75,1272510.83,1397673.36,1236696.45,1340621.89,1304562.92,1239871.8
115487,1214559.76,1267448.93,1194090.12,1158836.56,1063769.01,1067078.36,1118395.29,1121881.76,1196253.33,1161960.52,1103786.43,1207399.53,1092065.4,1120577.04,1134108.11,1083661.96,1119162.98,1197767.54,1100758.3,1025028.34,1190076.48,1082159.72,1280023.33,1156401.06
116486,2790542.75,2473442.13,2425474.81,2608220.43,2721108.69,2590431.9,2601352.43,2524645.95,2683930.39,2807523.62,2766384.74,2666210.52,2650092.82,2890998.56,2471427.39,2524935.55,2557232.19,2679299.17,2596184.41,2785841.82,2563611.16,2687518.05,2500266.25,2706592.17
117486,2337483.24,2481386.87,2337000.76,2445230.4,2579005.68,2424985.18,2504703.23,2440034.39,2426450.75,2371738.22,2670256.57,2242148.36,2607937.19,2576483.8,2386626.51,2476586.32,2227949.13,2429280.25,2286512.63,2382546.53,2463811.63,2466665.7,2518860.25,2557386.39
118486,1742447.6,1776578.38,1816752.43,1690042.54,1743082.55,1774940.07,1831876.81,1725852.59,1762642.03,1572906.83,1677737.96,1889639.57,1676082.19,1672990.24,1906325.34,1745376.16,1719109.93,1841388.15,1712177.81,1603735.93,1792626.58,1770154.37,1753598.7,1682776.01
119486,1714395.21,1728137.88,1410556.48,1634040.45,1530244.68,1677919.66,1751748.86,1649607.01,1839024.36,1526467.51,1711200.59,1737893.06,1512462.61,1553032.54,1689585.27,1673299.92,1619302.66,1570392.02,1539845.0,1608485.83,1561580.03,1729330.87,1616139.79,1632040.72
120486,1159765.33,1117972.03,1057618.46,1052859.16,1114623.08,1046087.52,1089421.17,1052122.93,1095909.5,1026403.44,1098187.3,1103498.5,1147473.65,1080320.64,1077329.96,1114662.2,1143524.37,1143372.24,1165128.22,1099629.29,1092319.37,1184291.22,1089402.74,1066516.08
121486,2051367.0,1796639.68,2107727.17,2114079.22,2139461.36,2008129.3,1909568.31,1958939.04,2111073.07,2140163.67,2007657.08,1929925.71,1998529.88,2036700.11,2077844.04,2020080.27,2028129.97,2161712.61,1977189.6,1782226.71,1892971.93,1961379.41,2211056.76,2057002.8
122486,1118504.9,1166895.48,1277279.84,1338446.81,1225065.16,1377097.23,1255454.46,1274326.11,1408638.63,1294922.14,1360808.22,1308119.3,1309149.92,1274160.03,1317096.6,1348451.72,1326724.7,1401758.71,1323136.47,1243523.09,1416573.7,1152059.95,1372120.2,1386238.14
123486,1244555.22,1481274.97,1525669.37,1612806.03,1571886.77,1499633.42,1564237.75,1398164.87,1470730.28,1496151.82,1424006.4,1459941.42,1447467.09,1336653.48,1494930.27,1525812.65,1492976.47,1454970.46,1499615.33,1353253.11,1594348.4,1417252.43,1435011.33,1399498.25
124486,1243453.22,1171476.69,1321714.64,1245253.98,1340383.2,1359846.48,1246037.36,1264620.54,1276225.62,1299362.44,1288237.87,1241072.53,1301861.21,1323655.84,1276970.16,1264929.71,1198334.36,1327320.02,1278434.68,1359100.42,1314190.47,1229426.38,1277845.1,1394759.88
125487,1013799.78,908049.63,1014880.06,1023637.49,969913.26,987075.63,865050.08,959549.19,980663.46,1013338.87,955990.85,947743.21,970930.54,889230.81,946385.04,926343.23,1021574.61,1006485.06,959362.68,955352.96,952889.16,956526.72,973604.1,898803.12
126486,1114907.8,1066505.04,1034207.79,1192801.39,1207461.93,1149589.65,1215290.92,1128332.41,1127722.88,1025904.25,1076683.43,1131055.06,1007904.87,1088485.8,1191182.32,1180821.73,1174243.03,1114235.5,1122341.45,1230613.4,1184731.94,1191333.47,1284142.7,1166331.58
127486,947603.01,961493.33,982562.65,990209.26,1028233.26,934180.95,955305.21,858721.97,1038936.16,1000285.01,1037461.55,995007.56,1014695.0,1022986.19,974924.39,990171.74,927794.27,989963.23,1000105.51,964460.97,963646.74,1018967.05,1010526.3,1009482.71
128486,878635.03,855943.9,888357.44,853645.49,843817.66,942306.15,863194.64,779975.82,893476.7,936072.57,845769.18,874046.6,882873.57,838337.36,796749.24,939293.17,839915.75,811456.3,871930.02,821435.41,893288.31,882263.18,800477.74,986863.0
129486,899476.96,915398.95,889934.06,812049.75,862039.34,875335.04,885414.55,895542.34,840210.71,980089.83,901728.96,813533.1,925123.64,835684.0,832481.61,905339.48,904813.09,811814.95,882519.33,925768.44,924619.04,880010.62,733687.24,845837.72
130486,1201975.33,1095112.58,1087238.52,1049340.87,1065171.96,988904.79,1172461.31,1092956.65,1096075.81,1102769.24,1076582.0,1127200.65,1171648.18,1041419.35,1107209.37,1219391.46,1048446.97,1093189.29,1158334.33,1072324.97,1141769.37,1003254.1,1076141.74,1188708.23
131486,1018389.6,1024997.18,970656.78,970057.44,1105686.56,988704.59,990204.46,1010902.54,1052330.6,1018124.06,1077012.96,958832.18,1040849.16,980765.17,1058157.78,938709.85,934173.94,988225.75,980171.91,957870.3,1019356.65,1096809.09,1009750.49,1069029.1
132487,861179.6,904026.89,920879.3,911912.95,961685.69,925887.0,975895.67,906862.41,934512.09,954517.37,1030382.1,928149.75,861501.18,883701.06,856569.85,941466.96,951518.11,804361.56,1034235.89,831627.5,812199.2,973117.39,942882.19,983844.36
133486,558798.56,607670.04,549884.5,542648.64,569809.94,582439.02,551284.88,552437.47,556998.29,614979.14,590896.78,555691.19,563515.08,611667.74,590228.06,573202.25,549869.18,550127.99,567615.59,519118.91,546683.51,505492.01,556235.87,596357.04
134486,847370.23,785173.64,744302.99,792087.33,743263.54,694500.86,782667.53,743238.11,785649.15,782209.97,821164.24,805872.95,788660.63,781207.79,719924.16,728969.09,776138.95,726905.07,771142.35,757614.63,742972.32,893173.12,803274.59,743400.23
135486,834662.67,883957.86,842944.75,860841.1,840763.39,750764.25,792568.9,795747.6,830567.22,873313.78,789311.54,854157.49,857042.94,901802.4,762589.15,914853.96,852256.92,844873.07,875121.31,839902.34,886060.17,839386.98,816779.62,880608.83
136486,711986.49,616783.87,716150.74,647638.32,680938.14,643340.64,691758.7,667930.38,633067.24,662272.2,698578.17,663710.82,624154.31,659465.03,644554.65,610962.91,699879.11,710017.17,672420.0,673753.81,638795.28,611115.88,685782.38,635301.68
137486,462328.48,506564.49,486539.88,524119.51,448269.41,478677.37,513605.18,468491.36,456898.49,506199.7,480325.32,486258.01,481545.3,483323.83,496403.7,455354.25,483155.1,494171.62,488489.74,498885.99,461430.71,477913.57,485820.21,492418.41
138486,1206878.42,1086834.57,1127406.27,1118892.92,1253912.98,1130562.9,1037572.31,1128080.32,1157207.78,1120165.82,965544.05,1072681.15,1091227.9,1126494.02,1147547.43,1140126.89,1164344.43,1031448.26,1018745.44,1155763.3,1116117.28,1067441.84,1137693.51,1164436.2
139486,1108913.25,1274498.46,1181403.95,1113188.47,1153518.15,1134086.75,1224748.94,1212410.5,1198797.44,1127985.4,1120872.07,1125398.43,1293424.83,1172007.68,1092001.28,1110277.85,1037853.38,1157247.45,1098934.61,1094594.13,1128342.22,1145078.57,1169198.95,1185235.35
140487,369640.84,358642.35,334126.36,347257.86,355853.45,370378.38,378379.73,350796.37,361253.61,354346.02,388645.5,328952.41,360047.22,377626.83,358931.98,334065.15,368612.88,324075.15,355628.21,358191.1,348225.97,325878.21,366785.87,348390.37
141486,1993010.16,2091548.07,2128079.94,2030919.05,1848022.41,1851771.13,2054557.18,2106772.16,2060150.02,1965997.44,2156987.84,2070979.12,2112166.88,1987400.9,2075721.4,1978557.4,2234162.76,1897967.69,1988991.22,1949634.89,2082959.19,1969572.28,1984039.77,2101446.32
142487,2265077.22,2364749.93,2446999.26,2687903.99,2564199.63,2579942.15,2386343.36,2531270.14,2334191.58,2426950.54,2496505.8,2440059.88,2497411.58,2337939.34,2342142.38,2492883.39,2404188.76,2469214.0,2465245.09,2656480.83,2631068.46,2447098.44,2773837.56,2403047.25
143487,2814771.89,2780409.38,2544738.82,2729204.06,2812553.23,2675363.77,2632940.89,2458917.7,2887383.89,2696508.96,2847720.37,2453221.65,2812748.87,2516557.11,2710060.37,2588838.84,2851955.51,2918044.92,2703130.95,2685762.85,2719237.2,2738041.91,2794033.61,2544773.89
144487,2378272.54,2250628.73,2284059.57,2399081.68,2304376.68,2157497.93,2351238.07,2391108.12,2097418.22,2188743.69,2439880.04,2239635.59,2284036.26,2416495.08,2224424.39,2092916.95,2232023.12,2249751.72,2315272.5,2174665.13,2044661.78,2423312.53,2104511.01,1980722.99
145486,1002840.13,1127255.38,1064672.68,1000398.63,1012978.98,1110492.98,964958.26,1039082.98,1111031.3,981365.39,1041563.42,1067770.14,1061339.91,1114440.64,1063899.39,1002280.63,1057017.25,1008777.19,1112399.1,1098888.59,1056167.47,1155674.92,1070769.49,1142657.16
146487,2125820.97,1931486.34,2164746.17,2045659.92,2176081.46,2169259.53,2012027.06,2013992.75,1878512.0,2180278.21,2204214.52,2041484.01,2023315.97,2162464.22,2006430.24,1875512.9,2176270.17,1900677.01,1985459.79,2249260.2,2206673.84,2120265.04,2164292.72,2187823.81
147486,1838160.6,2019546.62,2028060.23,1891871.06,2017020.82,2078565.75,1868817.3,1882261.64,1997711.86,1997431.44,2065225.99,1859044.51,1954881.15,1911189.29,2144373.18,2184906.01,2008642.71,1902266.37,1845068.23,2064555.41,2035226.51,1971733.87,1924878.32,1869284.13
148486,1213587.66,1190562.84,1388638.03,1244148.33,1102858.67,1096923.14,1253220.79,1133043.32,1204911.95,1274112.96,1318434.58,1140030.47,1240648.43,1297476.23,1240670.68,1128229.11,1124148.97,1195352.02,1272879.01,1231011.24,1269179.44,1147409.38,1357150.77,1196447.6
149487,997090.95,1112534.87,946376.32,1136731.71,1111412.78,1057019.18,1186758.62,1073419.58,1152771.28,1013163.8,1095832.61,1051480.76,1171539.87,1048970.26,1046843.26,1056865.21,1073885.62,1066123.93,1016638.38,1003804.65,970588.42,1089312.28,1102827.57,1026519.64
150486,971801.23,1004601.91,979119.49,998122.37,928866.95,1032270.81,1051657.28,1038566.88,912151.47,961586.0,1006505.59,925095.81,953355.7,951951.74,1036069.15,999391.18,1040664.97,985641.53,891690.74,966292.93,996706.44,893620.21,971299.63,850074.86
151486,2655495.84,2371254.67,2725641.8,2547035.74,2687102.51,2928520.67,2402451.26,2703387.12,2691783.3,2482110.46,2618674.85,2772439.71,2388221.8,2547034.41,2800071.84,2603277.08,2751325.04,2285174.51,2558867.74,2413883.33,2787538.4,2410504.3,2528576.02,2380650.28
152486,2385992.86,2336155.27,2735236.98,2739569.39,2813483.26,2480945.14,2709423.56,2354221.97,2338017.8,2713053.34,2749347.45,2479159.52,2460217.88,2677373.4,2850332.1,2692547.31,2739368.01,2746286.69,2802073.68,2583726.27,2530858.98,2653415.29,2900128.28,2487888.96
153487,2410822.52,2472024.22,2131906.58,2356715.38,2579830.93,2319869.1,2283004.76,2190741.82,2242245.0,2446577.14,2124456.6,2522562.2,2321083.21,2030800.59,2150530.59,2332876.45,2300420.84,2307520.57,2410974.52,2518780.96,2259300.73,2507759.07,2304586.51,2363616.66
154486,2257954.07,2393413.75,2569872.2,2771744.9,2307244.37,2248095.81,2406699.29,2292804.14,2557991.86,2436779.95,2441747.99,2448642.68,2124797.81,2416374.27,2520460.42,2707362.96,2458272.42,2458677.87,2443079.93,2344610.43,2276217.63,2530822.14,2506938.42,2234540.25
155486,1187624.72,1071875.76,1124052.95,1111745.95,1191939.98,1082536.24,1073705.64,1092081.85,1102393.26,1056597.25,1059515.75,1146622.85,1059550.91,1060787.61,1133166.94,1200770.49,991356.74,1148137.64,1053364.38,1104368.21,1174591.54,1138756.74,1046757.9,1079843.0
156486,1369862.51,1373306.03,1402755.92,1480840.38,1283310.12,1516842.29,1365461.16,1460429.59,1252066.75,1341901.59,1329119.53,1378758.21,1483609.13,1379467.03,1408594.68,1429708.22,1428985.91,1261798.65,1404266.5,1250723.91,1392862.6,1413265.11,1305599.41,1506428.27
157486,2322443.58,2245065.78,2192108.96,2385696.02,2308523.65,2398425.31,2404020.23,2383702.97,2250424.72,2432094.19,2263639.07,2291012.19,2352233.99,2187143.08,2089669.73,2168312.27,2357573.01,2474733.56,2220378.01,2336228.64,2336588.32,2389547.95,2359789.88,2437136.59
158487,1198074.66,1164721.28,1065854.88,1066562.61,1177304.09,1192571.59,1111688.29,1049605.87,1077479.9,1224882.74,1199235.06,1176885.51,1111579.19,1117667.79,1262385.18,1197725.31,1116809.32,1176410.28,1140041.12,1082895.46,1057237.3,1157160.36,1147842.73,1106569.6
159487,1072207.74,1067288.79,1083521.91,1163658.03,1186472.78,1098043.27,1101716.61,1200567.14,1118284.49,1061662.98,1044076.65,1115201.01,1054426.67,1160774.47,1060882.35,1094277.23,1103140.45,1112610.35,1123476.28,1069056.78,1094334.08,1218367.14,1164568.61,1216607.84
160486,914966.75,985426.83,891874.26,880142.56,806869.58,843835.62,827542.02,918422.77,968633.56,853452.91,894539.89,902520.93,927389.21,900818.48,863675.1,876217.16,904618.74,900984.18,907520.6,900547.04,923697.12,886640.94,913799.22,848674.35
161486,1076859.46,1098396.17,1219012.57,1175165.21,1169272.02,1129095.12,1104170.79,1015555.63,1094710.93,1174050.4,1038364.87,998609.5,957221.98,1126275.98,996708.73,978547.07,994577.45,1070950.36,1115888.99,1119888.9,1079693.6,992011.46,1098919.94,1171713.08
162487,1605821.04,1631962.83,1627830.8,1627465.38,1746888.36,1622730.83,1570532.64,1578614.44,1522281.31,1602506.08,1560894.33,1542933.25,1680560.37,1645912.48,1695406.76,1619707.57,1628362.12,1700280.7,1687073.0,1662593.15,1544261.69,1556987.85,1774347.7,1646958.95
163486,1830677.42,1841045.81,1858948.66,1919840.45,1713721.4,1866584.37,1924163.09,1847497.23,1841352.12,1844106.39,1822751.23,1674862.94,1789661.15,1960680.68,1739570.06,1917602.37,1796283.61,1787285.59,1764585.28,1900125.44,1935162.44,1862766.15,1823100.83,1717262.61
164487,1430001.74,1336217.55,1377953.69,1298438.86,1363466.35,1360855.42,1380051.26,1402704.14,1264238.86,1342786.87,1471156.31,1331236.55,1349367.29,1355110.87,1356940.44,1267213.44,1336166.9,1390932.29,1382227.0,1429921.82,1475560.76,1342479.39,1453049.92,1499518.84
165486,720510.43,744386.66,686192.47,730005.01,673148.1,730136.54,709856.95,707070.03,714197.22,702566.85,761242.53,671790.33,648668.19,679160.75,675108.2,721308.68,665145.04,739540.71,715798.66,753618.53,741137.18,735228.56,721492.79,720587.97
166486,979079.85,1028574.17,993869.59,1127504.02,1013552.58,953663.01,1053816.28,1104014.44,1005039.21,954847.69,1112574.05,980197.42,986518.59,992996.17,990592.71,1064754.91,946611.82,921069.81,1110903.69,1011335.29,1043609.8,1018568.1,977280.64,1015724.07
167487,2070512.23,2316252.28,2468057.47,2227947.09,2332269.97,2190968.22,2385014.4,2218964.35,2106359.28,2081300.48,2177084.58,2070695.74,2201558.08,2346152.23,2124567.07,2301844.39,2359092.56,2231214.85,2164697.95,2048576.55,2112321.23,2274373.11,2392697.99,1963291.06
168486,1653822.44,1730061.77,1461543.97,1627923.85,1674780.72,1745315.79,1732028.52,1613249.54,1808984.25,1685971.93,1725617.46,1639434.62,1846110.6,1649117.12,1562123.07,1672527.07,1635827.68,1682079.01,1613520.71,1782009.01,1685032.18,1822339.29,1633168.26,1804709.57
169486,843478.96,810783.35,801908.51,812996.98,771756.79,772772.06,840773.86,861641.57,853932.37,859685.5,809245.23,820894.93,787704.57,820289.34,826127.45,859391.01,824054.61,802454.2,847745.72,853894.92,857058.7,812410.12,920267.7,812433.75
170487,752633.77,709178.78,704941.17,789340.66,820465.67,722901.14,729767.21,692427.72,752866.52,735304.54,775374.53,691723.67,733029.37,734271.25,689789.6,749475.07,746483.14,771978.06,782982.71,787046.05,781366.77,784548.69,818596.06,767168.26
171487,654587.23,727434.96,750051.79,738341.83,719360.42,709863.93,663759.31,751876.42,664542.27,690451.55,722393.07,673495.64,716331.08,652497.96,682497.71,754019.23,696047.03,759962.25,711967.71,644395.64,675453.98,678307.79,697954.34,716616.82
172486,882864.77,759766.43,745557.08,813866.8,728462.16,677829.71,803929.53,796450.27,794779.17,774566.63,763692.99,798367.0,820614.73,743694.82,736204.98,769908.42,784357.06,770966.66,780388.73,716571.37,757656.61,760630.83,748482.71,669330.11
173487,785084.35,833476.42,766568.74,785808.63,767719.27,760000.96,777955.56,758351.37,770870.53,761366.95,861585.13,821472.2,776453.79,826943.92,813899.64,777144.2,828063.25,804418.16,777645.05,767088.41,782829.67,777793.46,835867.28,739200.45
174486,363742.04,343445.55,321293.26,361866.89,357362.68,381442.28,349760.31,351736.66,357375.29,403178.04,329486.31,359977.04,356940.66,301620.06,361320.44,327163.87,354663.41,335138.13,333488.38,353560.93,358955.86,345363.68,339147.03,335709.36
175486,0.0,0.0,0.0,0.0,0.0,0.0,0.0,0.0,0.0,0.0,0.0,0.0,0.0,0.0,0.0,0.0,0.0,0.0,0.0,0.0,0.0,0.0,0.0,0.0
176486,383843.03,355561.3,380848.54,383287.48,353174.4,401059.96,361797.32,387239.61,376897.51,379524.6,425253.97,371171.31,378498.1,390465.15,409644.65,367855.56,342723.07,375278.14,377947.24,400429.01,358618.25,379923.53,386809.44,376076.46
177486,730364.77,652960.98,696939.48,706535.59,726227.86,639792.71,683243.34,639775.98,720225.41,691949.05,696370.8,695198.07,672515.22,728311.57,742363.38,746297.05,689019.84,643878.42,730799.05,691905.58,679262.95,711689.06,698283.5,667782.93
178486,555891.6,538559.32,590726.45,550747.19,586343.39,570030.85,556437.25,534771.81,602236.12,530835.01,577031.65,559205.66,570632.62,582689.43,581938.44,544865.08,511527.34,529682.92,601440.36,618430.25,550109.91,606462.61,589634.8,604111.13
179486,566878.59,585923.55,628744.65,652152.27,621809.48,536245.12,561242.87,559457.82,574551.64,620893.72,580967.29,595329.55,608599.16,596105.78,570845.95,561318.71,593398.45,585406.05,536646.84,632619.71,614638.73,570553.39,552879.12,597726.89
180486,512013.27,564756.61,502179.81,526388.1,526963.86,500915.93,511924.01,525174.46,561678.51,522008.16,539016.91,526635.57,493213.54,480617.66,501509.56,509994.78,572354.87,454560.94,503287.72,564627.38,511236.69,506149.92,489701.42,545488.84
181486,488297.55,532750.73,555880.14,514165.58,539147.5,498399.1,529321.71,541319.55,515704.56,524937.97,587551.58,523427.63,473071.47,569600.02,547323.39,494899.32,556039.51,503044.12,516141.67,535955.62,529225.6,534121.26,495789.5,519946.0
182486,496267.2,509800.26,444239.78,476639.07,477590.49,477719.84,495056.09,446327.94,477405.62,455903.89,453058.41,463396.8,448358.85,479541.46,461873.16,478543.17,519977.76,452056.92,433284.09,488253.87,553372.09,498175.14,423049.1,518924.75
183486,184751.52,187805.61,163579.97,160473.99,172895.63,171162.99,189043.58,180596.18,180155.06,176355.29,173005.44,180598.64,170482.7,171880.07,183599.06,181125.33,182456.68,181077.06,179994.52,164772.65,161200.98,185968.19,171601.96,180033.4
184487,0.0,0.0,0.0,0.0,0.0,0.0,0.0,0.0,0.0,0.0,0.0,0.0,0.0,0.0,0.0,0.0,0.0,0.0,0.0,0.0,0.0,0.0,0.0,0.0
185487,1475914.45,1326848.65,1229404.93,1461105.33,1403251.61,1500866.63,1392537.8,1266262.83,1219779.12,1239866.71,1419659.72,1467884.64,1294300.43,1337756.25,1264105.94,1428384.86,1451460.19,1324942.11,1434482.54,1415624.3,1380607.43,1459365.65,1312360.27,1546834.37
186486,2348044.33,2201147.0,2020560.29,2083032.18,2205343.57,2119519.22,2211136.38,2077383.95,1980210.87,2329750.68,2106708.03,2351929.05,2052469.74,2081502.06,2206792.32,2173944.3,2095386.39,2047559.62,2241587.75,2193522.86,1920053.89,2212574.47,2149366.21,2087733.42
187487,2165612.44,2194022.68,2263419.54,1958535.42,1899513.86,2138802.9,2076266.12,2106097.17,1913098.9,2282886.13,2367901.61,2225767.14,2082722.03,2127863.24,2136595.9,2298084.3,2231858.8,2012982.21,2215659.58,2120253.57,2201749.12,2000752.29,2154087.96,2263135.44
188486,2541603.74,2544617.98,2173370.86,2510996.82,2600586.01,2347799.9,2336977.57,2484158.58,2386720.89,2530352.7,2385467.88,2395106.79,2242267.31,2245812.55,2380459.56,2512520.71,2430683.98,2254816.02,2267364.61,2477549.07,2265816.71,2117769.36,2437877.17,2326675.85
189486,2014426.33,2023733.6,2059229.23,2325148.85,2188130.62,2180033.97,2050185.31,2207488.62,2259656.09,2277768.77,2322840.13,2017642.12,2127162.68,2322982.68,2129678.7,2089977.95,2130770.61,2169027.85,2273730.91,2164023.75,2156023.64,2213334.65,2284575.76,2003848.95
190486,1073718.69,1209903.47,1053815.9,1021303.62,1148750.98,1092474.33,1191623.74,984924.44,1130875.58,1069501.23,1089531.57,1071482.49,1039608.04,1039397.03,1071584.9,1047408.48,1126615.4,1089412.66,1166770.05,1123665.11,1163842.31,1123412.02,1169941.86,1044525.87
191486,1566167.67,1585711.6,1589662.61,1542265.05,1483723.1,1500608.5,1651662.32,1573072.23,1651286.91,1571575.32,1518328.59,1556447.59,1568600.7,1558191.27,1611611.19,1671509.37,1546057.13,1485960.35,1429415.59,1565949.28,1641874.08,1701668.83,1469406.32,1532659.82
192486,2421574.75,2624531.8,2451192.78,2394627.11,2543869.21,2650201.38,2583292.36,2589104.96,2443782.09,2462100.26,2308678.37,2269205.44,2392233.52,2526875.11,2507192.38,2336682.42,2508888.71,2391533.69,2358640.63,2558900.58,2430142.05,2347197.4,2370227.12,2471120.79
193486,2483264.89,2394196.95,2329517.23,2171119.14,2303047.81,2368391.14,2307149.48,2288767.96,2390574.64,2303541.32,2125245.43,2526427.92,2251151.45,2301675.45,2267854.34,2254514.64,2340511.79,2447378.91,2379406.25,2121418.91,2335505.32,2175570.19,2320942.17,2405352.18
194486,2324826.95,2601262.48,2512662.9,2667230.39,2489664.61,2315422.45,2556597.32,2615835.51,2645762.86,2534145.75,2264420.1,2537648.8,2554880.04,2419900.85,2419837.03,2636381.87,2611085.54,2481914.31,2499863.1,2327064.53,2357331.47,2365525.48,2607138.02,2438939.57
195487,1441853.32,1476701.91,1423836.83,1386567.89,1420523.07,1475828.55,1520884.68,1587896.03,1384084.26,1521392.29,1371116.94,1394000.18,1514006.22,1477952.55,1464023.08,1665625.03,1514627.07,1474733.97,1402287.34,1502859.23,1567016.22,1443919.64,1431306.87,1412083.71
196487,1391980.51,1317974.82,1334544.3,1357037.1,1261511.56,1286353.66,1242903.47,1293178.34,1475453.99,1264040.7,1349197.97,1324320.26,1181596.94,1339157.87,1247659.45,1389402.05,1319995.53,1339485.93,1355919.67,1270607.33,1341824.1,1336526.23,1278259.45,1166175.01
197486,2542719.67,2474583.08,2437811.3,2646552.96,2705556.22,2708430.1,2419333.33,2550467.73,2481974.81,2766583.1,2251198.99,2700466.38,2535769.4,2576319.76,2367432.94,2741821.11,2780656.27,2704592.27,2801176.59,2275187.34,2704414.31,2469664.27,2374776.33,2346744.57
198486,2058225.99,1991421.28,1881415.99,1875316.86,1859233.55,1926459.75,1907543.3,1887469.08,1949068.73,2072865.11,1971741.46,1837325.1,1974989.6,1950603.0,1770843.82,1870220.61,1992187.7,1857524.88,2078199.96,1856677.45,1919466.41,2089520.02,1928565.29,1969567.46
199486,1860450.7,2061221.77,1960232.35,1982923.06,2124301.84,2188905.87,2153730.98,2073943.96,1911233.43,2064354.74,2156560.23,2020931.57,2003729.87,2232044.43,2047471.52,1774670.74,2159366.52,2188415.85,2061411.92,2059473.79,2346466.34,2239137.72,2223665.14,2028536.02
200486,1017098.11,1113501.81,1058409.71,1036867.95,1099845.99,1010948.99,1112986.69,1043098.46,1066877.34,1179971.34,1078568.25,996095.84,1115852.63,1191740.17,1041809.22,1049719.71,991502.61,1033993.14,1083293.25,1105526.0,1147712.56,1117876.96,997621.34,1086697.76
201486,1534784.44,1597322.33,1545270.54,1632952.18,1386689.41,1604182.33,1434348.6,1651890.77,1546489.61,1502036.3,1539669.83,1504422.86,1559651.0,1572514.41,1538974.38,1447172.46,1587262.59,1591576.95,1529937.0,1483764.27,1585829.34,1538809.82,1418740.0,1538411.05
202486,2383765.24,2644530.46,2580192.26,2623404.49,2494899.36,2442562.84,2386951.83,2474254.38,2607753.89,2410294.24,2509476.18,2559252.7,2532461.98,2329246.02,2598047.42,2510749.13,2618978.11,2367453.99,2392776.45,2585814.92,2719268.44,2507138.11,2445882.53,2632153.54
203486,2609541.93,2417346.81,2456797.49,2368408.22,2569547.73,2573666.47,2640183.32,2573867.76,2726552.52,2658259.43,2526583.91,2501254.7,2583934.76,2618404.33,2487411.44,2371293.4,2523167.71,2745153.49,2567860.95,2373610.28,2618732.72,2483878.64,2682885.57,2706894.81
204486,2448253.26,2523665.29,2466943.95,2422716.35,2788699.65,2697183.69,2395818.84,2425761.49,2498442.33,2637337.38,2580789.02,2540510.98,2652912.07,2527698.86,2716016.43,2504959.27,2766749.93,2473612.07,2485847.92,2458892.98,2386515.58,2388640.96,2565924.34,2508194.16
205486,1157554.2,1160131.54,1027911.79,1158450.28,1141040.36,1133652.71,1049043.95,1115099.84,1103362.09,1155897.11,1177510.48,1176248.13,979485.84,1172785.66,1099187.95,1092127.91,979780.64,1172262.4,1091361.2,1152063.59,1127610.0,1068326.89,1091211.55,1086661.53
206486,1473892.5,1492101.95,1410553.82,1542418.15,1396266.96,1476226.18,1512633.12,1548349.83,1454684.37,1298343.09,1498368.43,1349664.87,1420598.81,1341332.02,1389239.12,1289353.66,1318277.43,1433967.75,1305254.86,1518956.56,1353302.57,1466285.5,1430217.0,1352696.55
207486,2534206.12,2566776.33,2307749.92,2387221.08,2562863.6,2381762.09,2695678.45,2629082.77,2544716.78,2558220.03,2668272.08,2602639.2,2562053.74,2418469.15,2723671.61,2739269.48,2465940.06,2400826.66,2518622.79,2685224.55,2553998.37,2667238.66,2720051.54,2606243.99
208487,2728391.78,2679478.26,2595296.83,2559525.84,2491228.29,2786751.53,2629429.21,2541344.52,2720029.59,2549623.58,2368164.24,2461798.45,2449255.83,2514409.51,2627875.77,2566758.88,2549472.76,2812428.78,2830730.74,2506429.69,2595114.54,2766091.69,2620482.42,2500728.15
209486,1418999.8,1541299.4,1339153.17,1530752.12,1479539.09,1495836.14,1348463.9,1478387.29,1402445.69,1451873.2,1449189.18,1518201.58,1453787.94,1332533.99,1438780.88,1437965.8,1418137.84,1465028.16,1464498.24,1550942.57,1547216.67,1405875.23,1484518.64,1466078.48
210486,666328.11,679578.62,803981.49,697320.0,767481.4,737055.1,708100.82,701929.95,790478.77,747752.05,792429.68,707803.76,652184.54,679838.28,703720.42,726845.26,694183.55,668483.44,719213.62,704037.52,715820.62,694706.68,705268.63,693532.52
211487,1607851.4,1497898.43,1529611.07,1455154.15,1475774.84,1541804.13,1486768.0,1431345.51,1437014.3,1589254.34,1492163.17,1600004.21,1607561.16,1640171.18,1656498.35,1649186.37,1746532.67,1521805.73,1655502.17,1484070.53,1545494.35,1651253.72,1562966.5,1606077.03
212486,2577099.23,2745531.44,2776748.61,2787261.81,2856866.28,2567767.17,2451996.78,2640789.77,2569138.04,2714960.84,2480733.52,2372964.5,2412130.0,2551073.37,2606287.96,2765578.97,2438798.17,2879341.59,2518985.56,2486433.67,2443675.03,2374941.71,2495642.85,2439112.42
213486,2307601.61,2324342.53,2328439.79,2349696.39,2499042.53,2452330.6,2590358.37,2644784.05,2430930.76,2779779.77,2514543.46,2274933.52,2412581.12,2456312.42,2490450.03,2352896.45,2455649.7,2482944.86,2700370.34,2350304.82,2411909.3,2618593.57,2334997.06,2479916.03
214486,2279452.62,2332215.13,2347021.22,2203258.42,2308703.88,2315410.24,2269336.53,2401825.92,2358747.12,2344256.87,2155177.55,2139636.47,2447415.83,2511633.73,2386792.51,2525978.44,2279628.45,2272651.74,2436923.41,2275720.81,2289753.22,2345376.01,2264313.82,2225358.38
215486,1960266.33,1947362.39,1807140.34,1708374.67,2050374.0,2032095.0,1789948.47,1889616.72,1979673.05,2046745.22,1912752.67,1789022.7,1978015.61,1905801.03,1816252.38,1690460.33,1876753.45,2014318.2,1857963.14,1930842.56,1786389.84,1966974.8,1733017.04,1818039.37
216486,866758.39,829884.79,835123.26,878519.3,953984.42,947905.78,807740.58,864605.33,927950.96,915994.31,901170.26,895312.92,807140.74,904489.48,924040.76,901276.79,916097.78,938905.47,905054.69,951589.45,910710.69,805069.75,947907.42,858549.25
217486,2676044.06,2556144.83,2530961.78,2515143.46,2544516.7,2705994.56,2485475.06,2477530.52,2659343.59,2567573.41,2548371.5,2277522.83,2754925.93,2423915.27,2589035.62,2542192.23,2627689.57,2464571.64,2689020.44,2363602.88,2717571.04,2639716.74,2378426.84,2649980.09
218486,2461059.05,2631488.36,2906092.66,2501019.61,2504525.5,2471186.78,2695286.04,2521282.58,2600096.84,2538671.66,2720042.45,2677570.81,2578689.31,2683110.6,2523219.15,2539185.96,2722483.19,2525269.83,2390762.79,2338321.53,2625759.07,2721220.46,2572522.58,2597268.81
219486,2418819.15,2654636.69,2589279.9,2626408.44,2359386.82,2602938.42,2403350.2,2533455.29,2581267.5,2520456.45,2491042.12,2522855.39,2607955.58,2450482.7,2551659.43,2432564.43,2600904.55,2427352.74,2503437.84,2439065.3,2421857.76,2526674.03,2690266.14,2425466.38
220486,1924741.71,1648230.65,1869559.92,1873587.17,1777588.02,1637027.1,1887603.5,1644889.78,1753624.08,1828786.26,1852661.14,1795279.5,1729462.08,1721365.89,1662556.43,1856248.91,1708908.71,1837024.79,1833763.59,1631787.39,1682379.33,1847326.59,1798331.41,1922258.29
221486,1211674.87,1273641.66,1290706.04,1328176.6,1233855.92,1106319.36,1265360.17,1167489.55,1212985.61,1125117.38,1166299.82,1291029.74,1204104.62,1208422.02,1273781.26,1374066.92,1297828.43,1218358.41,1267018.19,1233463.65,1351604.93,1117873.6,1211049.03,1218520.46
222486,2673208.66,2496323.38,2712153.7,2665754.91,2445666.3,2568573.64,2336751.12,2583035.44,2629270.32,2507538.71,2505905.78,2773247.13,2579623.89,2476229.65,2481698.94,2466356.35,2883190.89,2534183.99,2534660.22,2643243.98,2421225.9,2522409.6,2617805.86,2537614.81
223487,2297119.17,2435203.01,2365728.11,2619235.42,2397052.86,2583777.25,2498319.29,2633550.37,2447865.2,2554309.17,2329218.43,2475661.51,2497351.74,2545852.87,2527141.05,2398149.86,2441115.54,2627008.86,2482878.7,2426325.93,2434920.29,2307087.58,2249319.65,2433801.29
224487,1587627.99,1687351.87,1462356.7,1534617.78,1639228.97,1493897.1,1616819.81,1661289.18,1496617.21,1356312.68,1375959.89,1450935.31,1521506.05,1531322.97,1517193.72,1483827.36,1552919.48,1671480.75,1548751.06,1523969.14,1676239.07,1675129.06,1366963.14,1600542.47
225486,1553007.97,1364140.18,1332149.74,1367522.23,1341642.65,1320304.14,1468102.0,1303249.93,1434275.31,1509634.71,1396386.61,1345353.23,1427124.24,1393474.04,1535052.19,1412699.16,1409410.18,1423780.68,1460543.68,1315451.58,1389432.01,1403213.56,1355010.2,1354449.72
226486,1080962.98,1058583.58,1129056.85,1091717.57,1076189.48,1177282.09,1191250.85,1086537.39,1071123.23,1045602.82,1228294.8,994676.63,1135734.69,1061927.95,1097833.24,1067510.76,1054963.48,1016388.9,1102368.76,1134968.36,992677.43,1048273.09,1025757.48,994661.02
227486,1573548.63,1534136.84,1639198.94,1538739.78,1525025.12,1686553.15,1687403.65,1594548.64,1426273.09,1597474.31,1799841.54,1527385.66,1618044.47,1689287.85,1803106.78,1543733.93,1744793.22,1577604.48,1595539.03,1679458.73,1565982.64,1662391.77,1634437.59,1710884.83
228486,1508018.34,1496795.67,1432623.56,1371654.84,1537124.64,1507476.42,1411446.43,1370132.19,1392629.52,1524071.87,1507325.98,1491437.75,1409259.49,1523536.37,1499423.4,1563219.31,1471897.51,1516360.2,1413021.27,1385133.05,1533546.41,1487598.77,1326069.74,1562003.3
229486,1439566.2,1505064.35,1346347.61,1515164.64,1508726.89,1573060.04,1393614.81,1484130.96,1448356.29,1388773.99,1500027.61,1509918.44,1514916.82,1423733.36,1438040.83,1523032.88,1479883.03,1420650.22,1435034.48,1599708.24,1386053.63,1570423.72,1554258.72,1469966.21
230486,1157765.72,1202692.45,1171209.9,1180257.25,1187091.56,1216960.54,1188996.9,1150738.61,1236143.36,1178394.05,1183475.18,1180304.44,1283280.43,1152585.26,1114074.25,1110640.3,1152585.01,1226899.27,1239852.69,1220472.73,1274392.93,1170432.02,1216484.36,1262468.48
231487,1672707.42,1617809.83,1627772.39,1685687.72,1471819.85,1457506.52,1517427.98,1643694.35,1609421.18,1637296.28,1630131.62,1495766.19,1618326.7,1526493.04,1507719.51,1452592.13,1570596.49,1618407.21,1689504.04,1594970.35,1485299.18,1542526.36,1700300.86,1693005.62
232486,2021344.06,2007390.91,2023972.94,2126131.48,2129670.29,2017771.32,1956963.52,1963172.56,1935935.2,1987256.85,1999535.07,1991178.34,2028648.88,2156649.42,1840622.87,2155753.23,2136255.4,2194812.85,2306458.73,2168298.96,1877119.53,1867707.57,2094846.58,1977150.55
233486,2289530.94,2422801.36,2254207.06,2338954.55,2289552.64,2323006.08,2109918.17,2213990.74,2265016.97,2205549.25,2314215.28,2169840.91,2446208.91,2408344.54,2303498.56,2135485.73,2335576.06,2227483.97,2095449.86,2301386.72,2350543.39,2241332.34,2271058.31,2188232.93
234486,2232413.78,2390333.04,2269804.82,2358981.32,2284209.02,2383900.32,2477641.58,2450498.24,2363921.83,2437020.34,2568825.14,2242103.43,2250771.11,2329967.48,2494577.25,2382258.58,2399642.19,2310706.13,2353094.97,2297095.68,2486947.08,2249216.39,2408851.17,2395926.26
235487,1716458.69,1861808.44,1805617.86,1925963.35,2027291.4,1845517.03,1971772.01,1749342.85,2060701.38,1760631.57,1759367.99,1913289.76,2087229.9,1835303.24,2022748.24,1736170.7,2053299.67,1953820.15,1959359.27,1925282.81,1800144.4,1902704.34,1961616.57,1924017.2
236486,627447.01,646976.4,621532.74,572807.35,685550.67,665776.21,642606.74,596716.54,658826.32,631844.25,605019.32,658620.26,660911.42,654709.59,584769.74,634094.24,672934.18,645140.49,606984.34,613010.02,661439.24,618158.64,625383.95,681188.88
237486,1011053.93,1059805.95,977772.98,1040850.84,1134451.6,1005909.06,1087214.91,1044331.07,965003.23,1093547.67,1047004.69,978029.09,1045374.63,1063060.73,986136.82,1084643.03,1099112.38,1107241.41,1075732.02,941873.06,1136202.95,1072058.29,1036169.91,1140114.69
238487,2397540.3,2505187.49,2380925.75,2484442.42,2345368.31,2438416.03,2551251.58,2374091.32,2360905.91,2305095.18,2351949.24,2770099.14,2365850.13,2503908.98,2663100.43,2433367.57,2602438.7,2538305.6,2481479.45,2501401.04,2247721.27,2416804.54,2469525.02,2393629.53
239487,2632674.4,2610490.77,2777757.11,2627688.19,2750332.14,2666905.87,2669271.53,2574472.18,2292369.12,2292029.69,2669595.27,2651245.98,2627717.82,2494760.06,2299618.57,2571122.36,2590589.23,2575521.18,2406097.7,2404418.05,2704430.8,2758740.15,2745681.08,2540398.31
240486,1964234.1,2071973.84,1811350.86,1612275.08,1746029.29,1929379.95,2009155.32,1692558.11,1689951.13,1920253.15,1768691.75,1816195.43,1811568.25,1702869.59,1882729.86,1904978.16,1934167.76,1942841.83,1957385.86,1924528.56,1739928.3,1893474.88,1917440.63,2000760.23
241486,1075869.84,1072794.35,1156156.13,1055414.93,1126211.22,1131870.07,1167344.86,1194489.36,1164363.13,974112.3,1121338.98,1090837.5,1083975.75,1105411.61,1081106.69,1246880.06,1169547.56,954436.62,1175995.84,1147602.74,1166276.68,1163318.79,1119392.2,1123706.92
242486,2351969.8,2235917.21,2361651.88,2403627.74,2604110.36,2543686.06,2397725.93,2515109.67,2407552.39,2404555.17,2320023.18,2368172.04,2523860.86,2505225.51,2325796.87,2318338.68,2456892.18,2532364.12,2296655.34,2374118.76,2511758.51,2484491.69,2505585.37,2391772.88
243486,2515735.57,2632465.04,2266815.71,2479243.63,2452154.89,2361810.27,2311947.42,2456448.19,2246074.56,2299334.6,2303965.27,2670224.72,2546858.79,2421259.91,2398576.77,2487031.85,2522067.51,2575026.72,2631378.09,2385612.02,2503105.67,2407425.62,2478433.24,2384741.32
244487,2302940.28,2447033.1,2557493.9,2480460.84,2648238.83,2486625.69,2221465.7,2511716.16,2531063.68,2445520.15,2518190.77,2346694.47,2370159.25,2319597.59,2447397.98,2550710.29,2498613.19,2402803.4,2686431.79,2458763.6,2454955.09,2442005.78,2422090.85,2388810.24
245486,2212315.9,2210287.77,2290099.12,2193193.18,2273721.5,2380997.95,1953027.56,2235643.6,2212208.1,2117687.38,2009159.13,2214366.74,2243443.41,2216715.3,2130067.8,2259495.74,2237978.31,2144407.36,2248271.29,2141560.48,2148063.2,2141109.69,2167657.75,2102138.99
246487,1457160.34,1325793.58,1254726.16,1255472.64,1414718.96,1340347.81,1334218.46,1292118.82,1457502.31,1384737.18,1191462.21,1404396.98,1367034.3,1304728.52,1252822.33,1363729.38,1308386.84,1260134.81,1363477.64,1240812.1,1298877.61,1404277.16,1302131.93,1493044.51
247486,1943877.39,1924496.37,2112782.59,2057803.87,1824023.86,2026003.09,1959070.96,1954344.79,1858412.41,1964451.52,2041907.79,1961550.29,2014998.11,1964691.86,1941183.82,2192031.06,1888441.85,2062698.46,1860504.89,1837904.07,1746286.48,2057738.35,1918069.78,1917861.01
248486,2434110.75,2335910.69,2525659.16,2571991.26,2253695.3,2780473.08,2574405.36,2316383.21,2578751.87,2587139.81,2636321.37,2533783.82,2492530.36,2604591.37,2340613.23,2534940.74,2317193.62,2177142.39,2353734.35,2449835.69,2423939.13,2471668.6,2454519.09,2754794.32
249487,2718312.94,2657451.01,2843704.88,2537082.59,2986122.3,2768782.47,2717857.0,2778549.7,2770784.44,2701921.03,2963584.27,2548316.44,2756664.89,2502380.16,2650648.63,2835169.76,2771405.7,2622408.76,2748636.76,2664877.61,2674242.15,2615177.3,2717543.61,2696729.2
250486,1981373.83,2327614.82,2187439.5,2131378.49,2219221.85,2236675.1,2086708.02,2155627.1,2085836.6,2053547.48,2080719.49,2282576.51,2242875.58,2075067.79,2114940.08,2001855.71,2171207.36,2199593.88,2047186.47,2120530.72,2217214.69,2162565.62,2224216.1,2280802.54
251486,1167334.6,1249276.78,1052823.21,1177517.64,1149622.29,1182927.51,1123289.58,1156173.14,1121306.58,1108610.84,1275702.58,1113569.04,1190524.84,1077103.89,1193547.64,1114439.13,1165441.7,1191389.32,1223073.86,1090697.23,1115898.15,1255470.2,1226179.09,1166598.98
252487,2040291.85,2053240.57,2154517.62,2182092.8,2073700.33,2075036.96,2212226.51,2106192.58,2072922.04,2124432.23,2290565.98,2038012.8,2324973.2,2253199.19,2041989.06,2296327.76,2280582.79,2070991.52,2095287.88,2131177.64,2310347.5,2017872.23,2095581.91,2213173.21
253487,2370328.92,2287067.4,2430084.7,2480335.21,2273535.35,2382882.64,2355429.25,2298063.47,2440198.16,2300580.21,2424118.93,2280150.06,2276153.79,2606052.44,2321398.24,2356250.21,2372548.87,2567159.95,2406990.97,2327918.33,2280103.4,2182246.55,2323112.26,2358990.27
254486,2275571.7,2267834.74,2245591.4,2096764.96,2170287.9,2069458.78,1994907.83,2168849.55,2093489.01,2145148.11,2231034.55,1948695.62,2387847.51,1967553.64,2337650.05,2306383.54,2353255.87,2103708.13,2344658.15,2094829.73,2074277.47,2154107.96,2144660.01,2186509.94
255486,2047175.1,2164995.33,2051423.27,2434534.22,2397577.56,2101115.54,2084677.49,2315435.28,1855607.94,2251938.25,2367946.52,2266767.44,2163871.11,2268465.61,2151019.44,2162844.88,2131892.17,2114247.32,2162410.87,2111761.14,2139867.82,2181038.51,2239979.49,2206427.25
256486,1189671.24,1230515.14,1358960.09,1279087.63,1178962.12,1240500.39,1271722.31,1242551.91,1233335.22,1187819.09,1188778.94,1266844.67,1161307.27,1267579.84,1227804.18,1252836.03,1282530.71,1302268.34,1250889.94,1198959.19,1318714.3,1256345.33,1282939.91,1211537.37
257486,2252571.53,2358968.08,2089376.13,2250116.98,2518037.93,2315734.34,2518118.84,2285659.6,2369794.27,2353105.3,2259387.62,2504125.77,2231228.76,2047291.9,2103254.24,2223436.18,2320502.18,2231410.74,2281127.53,2112227.11,2169547.47,2336652.86,2414632.78,2271856.79
258486,2395175.64,2387417.11,2430725.66,2543243.54,2270147.25,2543255.54,2624647.42,2572793.39,2495836.96,2368800.04,2439341.32,2520121.66,2232737.43,2661038.28,2278099.69,2348350.79,2602261.02,2535822.83,2418421.71,2330735.81,2510844.58,2614094.8,2445373.83,2361131.83
259486,2730431.06,2704035.27,2443731.81,2672833.29,2615686.91,2668733.84,2843777.64,2551116.11,2443797.48,2462307.17,2344023.74,2633890.41,2815026.57,2505572.32,2536787.68,2528738.22,2495311.3,2620528.82,2662801.42,2401957.52,2673575.98,2644529.98,2421661.39,2302631.57
260486,2284228.51,2183704.09,2136007.26,2263515.23,2251907.46,2312829.46,2076860.45,2071906.57,2123419.37,1928511.49,2442044.99,2242470.78,2312780.32,2059340.28,2423072.98,1977181.26,2167718.63,2094278.93,2091684.5,2181554.52,2272460.76,2237226.51,2113678.08,2243756.61
261486,914843.81,992192.44,964551.51,991543.68,996977.13,875861.99,926419.59,956428.03,826821.79,966332.73,914505.93,931231.87,948793.31,859358.21,1007653.72,974380.12,913119.63,880818.31,966152.06,921529.33,898175.89,949946.94,954117.23,911738.75
262486,2011228.16,2148878.14,2134660.99,2150356.49,1885890.96,1997026.16,1912676.75,2016474.17,2163895.54,2090971.79,2001507.37,2066373.87,1909338.82,1838149.02,2246905.49,1861662.5,2033182.8,2018365.24,2154896.41,2223096.95,1930788.92,1942987.2,2002911.73,2080941.58
263486,2565465.92,2493516.64,2552677.08,2244497.87,2210591.2,2263960.68,2422521.9,2528305.25,2310158.12,2166379.79,2536007.94,2319629.08,2212746.42,2365367.74,2254967.19,2385079.76,2311209.35,2252348.77,2425422.86,2490367.44,2248337.4,2404412.93,2336543.71,2321434.01
264486,2633976.44,2448798.88,2511272.47,2609763.88,2677908.77,2480780.11,2668829.53,2495669.04,2493310.56,2622136.81,2638712.75,2509724.74,2833104.13,2600265.46,2530337.55,2764984.18,2630042.36,2683885.61,2812039.45,2577152.04,2904739.9,2587274.24,2594249.95,2590776.8
265486,2560762.03,2669872.21,2705399.71,2647593.03,2497578.33,2485638.65,2571691.75,2699282.51,2525886.97,2659875.36,2470801.85,2767100.89,2529010.14,2478297.3,2653916.94,2450647.49,2300424.38,2749079.35,2570921.3,2668320.87,2460813.72,2541983.63,2478703.79,2668177.26
266486,1175716.45,1220378.2,1183378.37,1130190.3,1161531.8,1188346.1,1127586.64,1118034.89,1154688.22,1177393.27,1134046.66,1166741.5,1234893.23,1087433.2,1169443.26,1104646.48,1100176.3,1144250.58,1228428.03,1205531.55,1223268.18,1116197.81,1102244.06,1253459.11
267486,1762643.59,1673465.95,1774914.69,1821648.27,1698072.25,1713512.65,1586754.76,1590983.24,1800074.72,1841859.04,1712886.93,1787609.75,1816797.13,1722920.34,1686073.92,1754476.87,1858384.02,1852009.39,1724671.56,1804619.29,1676759.1,1629044.85,1737947.39,1645687.88
268486,2451683.15,2189398.92,2610837.42,2508517.61,2533053.5,2531217.6,2478567.59,2557050.96,2450803.5,2424860.46,2329739.96,2419634.58,2445784.34,2733236.93,2530236.53,2355314.58,2539948.06,2495981.3,2671968.27,2522341.6,2473912.8,2419440.37,2524589.05,2457791.97
269487,2616565.37,2413203.61,2337859.61,2514915.14,2652282.38,2368336.85,2356165.08,2790986.21,2491207.28,2365594.4,2428997.93,2207428.08,2318697.02,2372078.31,2472776.07,2541471.76,2374215.61,2301935.62,2380899.34,2380769.44,2238570.57,2705598.72,2259201.01,2305522.44
270486,2544527.5,2707635.71,2573511.45,2583980.2,2717899.32,2563752.65,2784233.53,2580391.14,2717020.4,2638845.53,2718390.27,2517588.69,2500251.69,2517269.1,2520637.48,2559648.53,2443353.11,2439673.76,2703948.34,2876718.04,2663601.8,2577307.23,2636838.52,2523241.67
271486,1116135.72,1135234.02,1185516.28,1294387.41,1215345.04,1149393.05,1183398.8,1106117.07,1254156.3,1079248.02,1063913.91,1147459.8,1061401.37,1234484.91,1097146.68,1131722.29,1137785.49,1145606.37,1115045.99,1256872.54,1231142.67,1087183.04,1159442.41,1231586.33
272487,1704392.52,1733020.18,1723512.4,1604105.87,1690132.63,1779000.14,1844783.41,1840703.86,1696128.93,1666057.06,1872522.04,1744206.09,1780123.56,1718093.81,1719863.56,1738571.8,1709426.27,1721082.72,1838889.81,1770479.14,1680561.65,1837327.66,1868016.31,1696601.94
273486,2198327.13,2324862.94,2374151.69,2576868.62,2279598.72,2587867.73,2470937.76,2509827.6,2346853.67,2350453.65,2785878.85,2672841.41,2659495.21,2538672.44,2432215.64,2602180.25,2427047.92,2434476.59,2433934.78,2584658.07,2360267.82,2553229.01,2388096.36,2566259.8
274486,2402779.54,2347601.06,2397036.8,2477415.01,2479294.88,2448036.22,2411874.41,2573272.45,2529219.44,2583703.39,2665663.42,2251946.11,2308603.92,2384264.09,2599479.66,2467221.59,2282596.29,2394886.33,2671343.98,2424508.38,2514655.27,2579863.15,2544076.54,2514383.88
275486,2405230.82,2399163.78,2486932.93,2456975.16,2421025.68,2543429.58,2290299.82,2377746.53,2477775.14,2547174.64,2455931.7,2238558.72,2423201.23,2178761.57,2513219.62,2429022.72,2442906.3,2370161.36,2457832.12,2607968.04,2433120.7,2178158.08,2330028.91,2476916.2
276487,1328317.76,1472831.05,1130968.41,1251949.17,1252054.34,1311195.76,1194634.88,1302261.13,1261066.06,1381589.2,1330047.17,1260207.14,1285733.28,1351436.05,1309143.98,1171915.84,1324764.5,1213560.06,1361957.14,1217555.41,1285874.62,1342855.44,1275370.71,1300484.99
277486,2175388.59,2206775.58,2108451.0,2202753.5,2180000.58,1965550.37,2081955.82,2109408.84,1964437.13,2227630.01,2180719.91,2152535.3,1878012.83,2217683.19,2144395.06,1985041.22,2278169.53,2241211.3,2196802.6,2131913.72,2091056.88,2006199.15,2109985.5,2209102.77
278486,2297734.31,2488250.78,2474722.55,2339317.42,2410708.31,2386402.02,2354001.98,2467716.04,2625670.4,2519734.41,2277133.98,2427791.61,2486815.25,2529375.64,2463896.01,2309994.94,2412487.4,2407562.22,2376764.75,2400748.31,2393085.79,2688275.16,2410987.37,2435346.96
279487,2204936.73,2302930.65,2409262.77,2421754.73,2290855.82,2368469.26,2371595.25,2306954.84,2198546.24,2352833.8,2441908.36,2339001.18,2449649.75,2195116.51,2434276.96,2610851.56,2426867.13,2403376.94,2396140.73,2613023.99,2280493.11,2476504.68,2430259.92,2412088.91
280486,2366606.78,2785293.76,2584111.88,2551142.4,2751186.71,2411720.5,2550272.64,2512281.79,2451058.59,2470441.14,2419508.38,2600864.21,2633141.56,2648206.26,2494314.23,2707569.88,2547218.1,2497770.2,2839782.42,2484507.6,2744139.27,2497773.45,2467105.91,2705401.88
281486,1249472.91,1140468.79,1132953.46,1096040.55,1177870.28,1038929.73,1161315.15,1139956.73,1140868.97,1135029.57,1107942.9,1092377.84,1104948.69,1016807.68,1144705.9,1153435.08,1001103.77,1132250.9,1173635.22,1154417.4,1078443.83,1243129.46,1157824.95,1166316.77
282486,1332076.24,1547823.41,1560288.0,1619097.17,1700586.31,1330577.14,1482527.92,1558562.84,1589580.12,1522058.78,1610132.55,1544731.24,1474908.56,1528238.56,1514401.2,1651532.69,1567584.63,1569801.49,1526493.05,1514238.98,1547466.84,1572533.62,1556656.69,1579185.33
283486,2321557.23,2474657.63,2470461.71,2367630.07,2344226.54,2541721.46,2576181.39,2445487.9,2338436.36,2508811.17,2671860.86,2559254.98,2779999.68,2305179.71,2653570.1,2386387.3,2365968.33,2228789.71,2515814.91,2467956.54,2587644.2,2441099.79,2549560.51,2435713.18
284487,2496804.37,2466134.09,2293353.93,2453811.99,2606600.06,2540378.43,2579594.58,2319620.57,2442934.33,2512248.8,2424753.8,2354155.21,2517106.7,2514685.18,2818021.45,2335476.63,2608003.26,2423937.73,2303110.7,2363404.11,2276472.61,2614668.33,2328242.23,2442624.57
285487,2300057.37,2581619.6,2331272.24,2480341.59,2419402.28,2491662.07,2330251.31,2343188.2,2430346.15,2539452.37,2505894.84,2694565.28,2275563.58,2489924.42,2471307.7,2653246.58,2399928.26,2441629.6,2313759.96,2798003.17,2499295.25,2471141.41,2400876.69,2539557.4
286487,1409317.36,1211360.72,1414953.78,1322198.37,1256059.07,1401821.67,1263464.75,1271994.88,1315901.95,1192158.44,1342534.4,1285031.3,1430665.7,1279227.11,1371354.24,1218153.06,1294336.01,1370257.49,1341653.79,1231190.36,1383611.12,1276969.21,1362234.79,1308469.3
287486,1635931.28,1526705.49,1510840.07,1646807.27,1553167.71,1333011.42,1446067.26,1586230.1,1502399.97,1398217.24,1500957.41,1531662.95,1589862.63,1535778.52,1356441.72,1601908.55,1639592.45,1515903.97,1581345.57,1478063.4,1517534.28,1520870.95,1475196.24,1365134.54
288486,2278991.46,2165138.93,2379436.1,2391416.67,2199942.62,2708133.7,2548094.2,2334712.45,2546939.57,2690800.69,2433331.16,2443089.76,2384751.44,2538845.99,2414568.44,2606757.04,2518373.07,2479013.39,2577094.37,2248849.42,2422246.68,2497585.96,2538104.78,2425065.4
289486,2220303.2,2202535.16,2322681.85,2134719.78,2495938.24,2501696.02,2506075.36,2476389.57,2461181.84,2384827.63,2543230.02,2385516.67,2291299.36,2394759.27,2052821.35,2530268.89,2334325.21,2411954.36,2411574.5,2530366.26,2322698.29,2371284.95,2522784.2,2239059.94
290487,1619223.64,1837837.0,1726477.8,1692756.84,1662577.52,1674006.81,1725871.92,1604217.36,1658227.47,1638561.23,1765400.37,1720605.7,1669396.59,1619534.89,1707914.67,1860365.61,1684815.36,1683892.04,1674766.21,1649422.02,1698602.59,1689085.45,1656096.19,1767259.23
291486,1094367.97,1077973.96,1174744.72,1041241.14,1035102.09,1080359.25,1179637.22,1062714.25,1173803.98,1144993.21,1149306.82,1129792.95,1132201.39,1137590.06,1145353.77,1101309.82,1122102.21,1158579.68,1116004.27,1133745.55,1081705.18,1113293.78,1147065.28,1173521.93
292487,1566694.57,1679376.37,1666416.75,1556250.16,1797118.23,1653968.92,1805531.69,1646125.12,1606667.99,1611772.72,1681802.15,1662391.49,1680841.15,1669387.87,1662546.0,1603635.45,1578225.37,1739469.65,1436713.9,1608351.48,1575458.36,1645687.18,1578010.03,1566781.42
293486,1711412.69,1768804.54,1777515.89,1707991.95,1781613.08,1713751.64,1664818.58,1765900.28,1691148.4,1807910.4,1843688.58,1705293.57,1814676.17,1705937.37,1700490.89,1918067.21,1939071.57,1869454.72,1725002.78,1743558.06,1753247.08,1809064.64,1668358.64,1664355.65
294486,1279653.64,1248228.91,1219256.55,1285343.23,1375166.34,1268032.94,1366738.11,1174088.61,1215310.08,1314191.7,1269680.36,1280356.28,1170764.31,1132945.39,1269432.78,1323322.07,1307315.92,1415047.19,1219630.2,1408603.57,1249374.67,1251223.38,1372888.68,1274391.98
295487,1398783.09,1353800.12,1301767.56,1338377.26,1324124.51,1425425.31,1401476.36,1311126.93,1436182.6,1323090.12,1482367.01,1441917.76,1421542.4,1353860.42,1504094.52,1445161.22,1338429.5,1535821.73,1375539.9,1466051.75,1359957.21,1325732.24,1437950.32,1405915.61
296487,1093753.69,1064998.42,986632.61,1148624.95,1185652.9,1188915.07,1166097.63,1068840.57,1102755.36,1133105.85,1134112.57,1120162.22,1104788.43,1063465.67,1070425.01,1096137.96,1036530.19,1208716.57,1167882.29,1131043.32,1192729.89,1164785.23,1071452.47,1198448.9
297486,1757255.9,1808636.37,1617479.43,1629368.13,1542054.08,1739008.84,1750380.59,1742753.78,1707252.42,1787595.53,1773709.3,1660301.93,1628957.1,1756875.6,1663187.94,1802317.89,1619801.19,1744015.24,1679319.97,1658032.75,1764343.0,1850286.2,1660882.57,1910906.9
298486,1393310.47,1251257.37,1346264.05,1245070.93,1301794.3,1317110.33,1140257.2,1295046.59,1334095.8,1327296.99,1297765.75,1154679.92,1333037.12,1319398.89,1299839.49,1358924.15,1207687.36,1283095.67,1316702.36,1286529.26,1359180.22,1223477.84,1383862.15,1276044.3
299486,1011618.36,1014694.1,982677.69,1051617.25,1003392.72,1052078.41,1053416.05,969784.63,1038213.01,965865.68,932930.37,990572.58,1122221.8,1019202.13,1114335.24,1058900.98,1027605.75,1060538.96,1081224.57,1076449.29,1114832.39,1018419.05,1084413.37,1098387.02
300486,1154131.75,1128457.52,1026990.74,1110945.68,1068444.93,1157358.24,1081016.08,1030336.44,1163345.28,1113019.88,1114866.64,1122792.97,1111014.64,1030077.41,1135771.47,1044714.88,1088156.82,1167914.82,1027740.04,1184735.43,1056250.16,1184735.96,1152319.32,1108943.8
301486,911357.91,1022820.95,940187.62,931709.57,1009740.01,943459.74,1027049.31,984437.66,1071882.06,941471.34,911059.46,953103.77,984612.72,1034617.71,995032.0,1016999.53,966809.35,1015167.0,944939.68,1006600.92,961422.3,928063.03,989996.1,1023103.63
302486,1021219.86,1210794.56,1210890.58,1084790.83,1253484.48,1215082.71,1261716.58,1184765.92,1128071.72,1117215.75,1129253.88,1026586.0,1223494.05,1084380.8,1070531.77,1086559.01,1171777.22,1134868.64,1250690.65,1219649.51,1200548.11,1224033.22,1140266.27,1120759.7
303487,1180243.92,1160232.78,1156297.73,1112458.33,1314567.14,1203448.63,1125246.94,1136956.35,1160789.59,1055113.04,1177448.32,1268439.78,1129804.61,1092104.81,1190529.1,1120364.66,1160521.24,1169179.31,1133204.46,1116107.64,1184595.09,1157545.58,1189554.94,1132905.19
304486,1132241.67,1054302.96,1235754.29,1130342.96,1151340.54,1249109.97,1280547.31,1231068.61,1189971.55,1128610.62,1106642.28,1203579.01,1177014.37,1145983.62,1154533.73,1165658.92,1154746.1,1184308.14,1211286.93,1163933.37,1272364.81,1078316.73,1118266.86,1192761.67
305486,982362.91,1127231.69,970362.73,1015927.68,914991.75,904240.3,1034699.39,963689.51,973827.7,978700.0,964480.7,991867.01,1004569.92,975608.65,998570.09,1087727.19,988976.3,991844.25,1007267.07,1012803.83,1009688.23,1028509.6,997037.95,1081425.37
306486,1186534.93,1102362.52,1207926.18,1236735.75,1210865.69,1117970.97,1082467.63,1202751.97,1197282.78,1199096.72,1122190.5,1108007.32,1151934.91,1211535.96,1174555.84,1184972.99,1277579.7,1238565.09,1375468.53,1161144.02,1080670.07,1164035.9,1145257.27,1228943.99
307486,1184236.19,1065924.0,1198884.48,1131224.43,1234619.15,1251220.0,1242773.48,1150726.69,1212189.4,1139338.48,1147768.86,1221552.33,1158674.75,1109301.28,1041692.95,1127414.92,1140768.72,1086172.68,1286146.7,1160547.89,1221237.08,1224767.96,1159658.25,1126973.43
308487,856506.34,899833.17,841305.13,900281.31,920851.36,880882.83,926902.48,810026.86,903951.86,868391.97,852276.67,831288.2,922373.1,890254.23,866247.6,863510.89,868386.21,918445.39,862726.05,848036.44,887549.13,915265.96,814244.19,885396.96
309486,641601.95,685696.35,628870.22,693916.76,655262.26,724531.76,673947.85,703461.23,695563.35,644784.26,742004.91,734210.0,689156.2,697201.94,701222.63,704242.4,669510.63,696509.42,721654.65,701190.67,661004.16,642709.86,730332.32,746855.45
310486,1324575.76,1139881.13,1257391.76,1213535.98,1090706.0,1385136.09,1233424.86,1257058.4,1268475.66,1183584.25,1308953.22,1223429.92,1254012.46,1343814.06,1311214.13,1234789.8,1183838.83,1283175.47,1255590.8,1335405.54,1205826.67,1247688.98,1234136.68,1330373.1
311486,904850.47,946485.65,941020.06,908817.08,865047.93,866841.33,960565.93,940463.07,968611.21,981815.57,867127.4,903665.98,977668.08,923527.11,947560.85,910975.14,927614.05,924895.34,982158.02,873290.81,904652.83,924014.29,822347.06,911963.53
312486,930005.31,910669.35,932615.83,848152.78,929413.82,884091.06,953865.71,902748.16,897582.59,948547.89,967706.4,810139.63,751364.02,879007.1,905167.23,838223.05,876110.55,825944.65,845317.68,899871.58,891355.4,801283.91,968991.96,883425.1
313486,785303.94,811531.09,841543.14,793325.05,801375.48,847129.67,822369.98,823686.62,805643.04,803546.85,872868.48,841853.63,834632.64,803021.32,856684.93,833730.88,811686.19,737204.4,718355.56,830291.55,842832.24,847305.62,737381.06,822771.31
314486,714575.77,769845.86,816315.31,755656.93,790418.89,776089.77,722820.0,697642.2,819105.37,794178.13,811939.01,844501.64,831136.63,804910.33,682889.34,794519.95,762504.01,777807.37,794989.48,810186.77,804910.68,781800.91,791726.89,778131.74
315486,810557.54,855299.88,808281.81,891462.24,796183.51,760358.64,763601.18,806229.37,761226.27,756565.69,777967.07,801025.09,806747.56,800532.82,828777.1,945080.02,728482.77,818917.43,745281.27,746512.69,852236.04,811796.54,845487.37,812078.52
316486,853949.01,841259.13,874267.92,855676.37,833297.87,845809.94,849157.98,889515.88,849505.5,903291.14,871131.95,891360.02,888328.43,843722.23,812425.75,856918.97,912800.86,839551.09,881804.3,871184.89,859454.9,821691.12,913448.87,827429.01
317486,768524.48,824915.5,777951.48,769295.75,782400.59,749278.32,737653.53,692948.17,739049.81,777196.97,787107.05,729744.59,819406.04,781067.83,798924.65,754882.28,756979.83,773176.02,863965.75,753589.96,780198.62,724725.99,809178.26,730584.01
318487,894149.85,882881.74,938278.0,856810.82,903120.27,844207.42,843431.73,860824.63,911540.6,806790.48,894904.27,827954.44,815974.99,870562.06,893354.22,884861.42,840203.36,841202.27,922227.83,885988.57,873677.63,841213.47,899781.34,831261.19
319486,707383.76,764533.47,675600.23,728598.21,736923.81,740493.23,750990.08,672663.53,758434.59,737451.46,680546.58,670401.37,806180.83,723133.67,739970.87,710449.21,830439.38,668586.44,723108.35,787639.9,741150.23,757800.56,715196.35,718825.94
320486,687436.44,695097.52,682947.67,712695.89,661118.45,646218.24,711907.9,647265.35,660350.47,666357.32,681095.45,652078.19,655049.83,680270.52,657454.18,652976.35,621283.26,703908.46,641134.83,688899.28,706156.81,618866.0,663750.5,654688.98
321486,195717.56,168534.74,173206.93,168092.91,172469.26,167086.99,185557.14,191481.07,181998.58,167715.35,186843.69,186908.4,167521.79,181238.72,177596.54,173907.16,177642.03,155795.06,178478.92,173539.56,157915.0,181720.95,184340.13,166793.28
322487,1425097.2,1458389.41,1484350.97,1413840.89,1417027.76,1434615.79,1579367.47,1547159.54,1630926.22,1489800.57,1490111.61,1485357.14,1533189.44,1355048.63,1576866.19,1567024.69,1580571.93,1456829.63,1381145.19,1670450.92,1591620.99,1476388.59,1515409.75,1500351.29
323486,1759715.25,1804298.71,1726027.74,1753349.03,1645240.37,1630381.38,1717610.07,1634992.93,1769929.29,1786089.57,1813906.67,1692206.14,1649872.27,1734959.35,1817818.74,1629916.33,1534917.75,1541450.32,1753157.85,1647427.0,1799240.46,1585199.67,1681262.62,1822829.94
324486,2556035.52,2792709.67,2685806.94,2524620.65,2464250.19,2699608.94,2489923.86,2579144.64,2803091.37,2697847.04,2588723.12,2798270.96,2502242.92,2556346.94,2633920.59,2680151.57,2621343.5,2564505.18,2626973.8,2386731.7,2913492.83,2768786.97,2725870.21,2687045.3
325486,2858109.44,2757291.18,2875640.25,2685786.08,2565464.89,2734996.35,2560647.78,2715347.2,2768290.84,2576189.86,2769057.82,2507422.66,2769661.12,2679014.49,2803604.05,2715240.54,2583034.52,2567672.11,2788912.2,2613286.13,2587972.9,2702362.63,2840876.45,2515450.42
326487,1645137.28,1645469.0,1536508.15,1718156.94,1522748.04,1663753.52,1621965.95,1530089.23,1505172.01,1651816.38,1623256.82,1683008.19,1552524.74,1703495.24,1554665.45,1634079.36,1662131.28,1619974.58,1664633.25,1579259.69,1768624.62,1533194.37,1455963.25,1722300.05
327486,1514788.8,1449654.7,1586265.54,1644334.42,1431350.65,1416686.49,1513971.48,1491638.01,1466983.17,1557173.48,1492206.54,1582445.25,1458737.46,1443688.31,1371645.43,1491614.03,1602627.5,1513929.42,1381428.28,1540257.03,1673055.21,1388514.45,1628551.2,1424153.01
328486,1377505.16,1269046.98,1358023.67,1282614.03,1190818.14,1239846.14,1229704.08,1334481.92,1208781.1,1356200.68,1214142.15,1215630.14,1274946.91,1362421.98,1249614.73,1240243.45,1409527.66,1310975.73,1218994.97,1251749.04,1293595.42,1340167.74,1146317.74,1317448.56
329486,1324349.46,1427766.85,1310550.09,1370109.31,1398241.16,1369825.04,1353214.04,1301731.56,1397532.56,1483079.27,1433850.15,1487113.85,1429482.38,1434325.36,1376998.5,1409784.44,1410611.86,1396514.44,1262232.77,1485914.98,1344117.99,1308644.09,1321911.23,1339987.4
330486,1493279.62,1513053.85,1489909.22,1334519.05,1446251.82,1372799.55,1613200.11,1459695.06,1415596.02,1460261.65,1426134.38,1576577.44,1463817.5,1493588.51,1575135.77,1393023.04,1489772.72,1494146.48,1590299.49,1526067.67,1483779.91,1514786.79,1458679.48,1616890.78
331486,1410322.38,1216004.13,1360315.9,1335709.58,1201678.65,1400059.58,1377296.18,1343811.39,1435147.08,1345618.52,1344346.92,1457349.29,1354035.77,1305332.29,1343155.96,1333024.37,1339176.59,1340848.16,1348822.61,1318556.4,1347522.54,1412589.04,1353052.69,1551329.03
332486,1314183.03,1355445.03,1340676.54,1338286.96,1436143.52,1330455.7,1337447.1,1421366.29,1347556.07,1374490.53,1428430.39,1361989.22,1381756.1,1373762.34,1358365.66,1295170.03,1327152.37,1379195.52,1320894.15,1271862.55,1416262.0,1324748.3,1382184.73,1289153.11
333487,1090315.57,1252339.72,1097032.98,1097166.26,1091350.03,1166581.54,1132614.98,1185183.1,1069577.44,1074870.47,1062063.23,1127136.87,1178850.86,1112602.28,1082900.43,1188943.98,1035737.57,1112871.2,1132693.99,1197212.81,1168977.53,1309856.95,1032375.76,1076751.82
334486,1476413.94,1318045.37,1331911.48,1375617.34,1562889.75,1257762.89,1273644.86,1458774.63,1409105.67,1437529.21,1487745.3,1361587.65,1474490.43,1461011.13,1397262.03,1434420.57,1368109.94,1290886.06,1350750.23,1464748.28,1455728.63,1444286.84,1252316.48,1423395.04
335486,1154835.13,1220809.59,1207652.22,1165082.99,1159160.32,1025156.85,1111899.65,1057305.33,1085716.5,1192047.27,1043223.59,1185952.13,1103661.3,1199702.9,1232527.97,1153189.76,1165450.81,1128211.91,1190827.38,1157846.74,1179372.78,1118785.75,1144815.33,1189526.67
336486,916104.94,992479.34,970181.38,910128.21,898877.63,955970.41,849080.05,939974.97,835580.27,975482.11,888376.93,900750.84,912678.27,941437.54,933393.52,879271.03,938368.89,911324.72,891768.72,937008.83,931036.64,1009130.02,938320.9,969081.89
