0,252625.92,245877.04,272172.97,243066.14,244618.75,272518.27,247453.18,259330.13,238470.86,247516.64,243651.54,256429.67,269783.17,272625.88,253343.28,261605.05,263566.25,241221.17,248497.33,256332.66,262396.5,251322.95,255077.95,236192.77
539,175863.41,178216.79,179640.44,194199.55,178589.43,196162.92,184716.36,180233.28,194335.71,192994.34,175755.79,182603.67,186007.72,182816.34,177379.15,176579.92,178760.49,177927.4,182499.92,194155.29,171996.7,172071.47,168332.03,202128.82
1539,0.0,0.0,0.0,0.0,0.0,0.0,0.0,0.0,0.0,0.0,0.0,0.0,0.0,0.0,0.0,0.0,0.0,0.0,0.0,0.0,0.0,0.0,0.0,0.0
2539,159022.72,161634.67,164185.58,138926.34,153188.47,146873.43,164794.7,164585.83,157091.51,151167.16,159401.2,157082.4,159824.73,146294.42,151258.6,158477.0,151955.28,150480.03,160614.92,152301.07,145991.86,157438.44,165478.6,167249.72
3539,2207183.16,2054290.88,1883533.92,2054083.37,2093303.02,2037907.08,2023859.84,1906122.42,1919538.73,2201256.73,1901210.17,2143069.25,2070218.21,2150881.89,2059851.37,2064588.38,2063451.2,1925137.06,2054079.71,1958263.91,1964289.35,1946596.16,2068023.54,1944783.57
4540,2712878.01,2739479.75,2818426.77,2377181.49,2681663.29,2675820.72,2562436.68,2619251.63,2649848.92,2717078.2,2658124.22,2594454.24,2586337.5,2532558.54,2611903.66,2738933.24,2759894.26,2416453.55,2553660.04,2573221.3,2476037.32,2453854.42,2757473.27,2476387.24
5539,2469332.88,2449783.86,2578261.94,2311402.79,2371493.23,2496221.91,2222928.16,2225998.64,2416764.5,2314636.21,2433878.52,2499376.85,2321248.43,2346552.29,2471269.88,2279240.52,2361149.54,2605931.91,2401387.04,2306516.64,2292228.69,2100900.02,2279562.65,2193371.14
6540,2275950.23,2563399.97,2581715.63,2493073.91,2446812.87,2566718.14,2328846.4,2608050.19,2263305.92,2543211.57,2519999.42,2500150.03,2363714.64,2538821.19,2680217.56,2230944.37,2674426.95,2386922.02,2417299.62,2601190.41,2269891.39,2525366.69,2567752.18,2708279.29
7539,2600595.65,2698229.71,2698718.79,2846799.81,2737438.48,2766727.49,2518577.45,2707736.59,2659735.51,2785554.86,2461639.69,2717228.15,2603899.46,2723926.39,2644212.34,2706021.09,2682705.08,2869738.03,2354939.71,2746172.24,2505783.16,2659119.42,2614896.99,2851943.47
8540,2503213.32,2732219.53,2559253.75,2722790.24,2391935.24,2561465.02,2605943.89,2807540.27,2684281.1,2773060.67,2621382.64,2742320.37,2845836.49,2678813.24,2710664.56,2771089.03,2406143.77,2447808.86,2761023.4,2478654.8,2566720.42,2669930.91,2753599.19,2665996.92
9539,2281936.83,2337654.67,2567968.32,2250839.91,2677156.38,2499505.05,2538969.15,2784258.61,2482700.74,2537476.8,2631279.82,2756447.44,2462640.77,2564640.61,2669583.43,2559192.34,2522666.69,2537895.2,2484610.06,2562884.92,2597711.14,2710024.03,2487377.51,2613962.36
10539,2917023.14,2361093.02,2462140.96,2415744.05,2373930.96,2520157.18,2614503.09,2544288.85,2316408.07,2397438.12,2406872.08,2475462.21,2677363.38,2539611.57,2405332.54,2607182.86,2680201.45,2553291.14,2501366.55,2719654.66,2618050.36,2700158.4,2438193.06,2514140.73
11539,2737111.24,2638472.15,2477183.06,2520273.84,2737866.82,2606659.01,2755688.24,2535021.66,2508971.72,2685692.34,2772718.12,2512937.4,2723162.43,2729166.74,2622354.92,2740679.77,2542963.99,2647670.41,2729899.32,2693016.06,2786824.42,2783214.69,2798166.53,2603533.22
12539,1995267.08,2180217.48,1923448.21,1877208.36,1976153.17,1993268.78,1876686.97,1878748.63,1934447.76,1901769.91,1992116.53,2040639.49,2138881.95,2061114.2,2088983.68,1867544.39,1991026.63,2178731.28,2098493.99,2057343.99,2093301.26,1882463.22,2135936.48,1975920.61
13539,2707959.46,2800012.45,3001893.43,2833423.22,3006579.92,2709689.31,2758735.96,2885520.61,2657728.88,3044369.35,3077012.09,2829609.63,2934112.26,2784145.04,2908887.04,2777313.68,2854408.78,2966809.79,2797390.13,2992044.24,2935212.36,2913010.57,2977835.66,2801783.69
14539,2797268.39,2851269.95,2875945.37,2612226.87,2619758.45,2606281.42,2672277.19,2869472.25,2492185.49,2802609.63,2781338.9,2599464.24,2721023.31,2713036.52,2826859.17,2698193.79,2581302.99,2970169.66,2700109.97,2823554.63,2842411.86,2824322.96,2801287.27,2885393.2
15539,2393636.02,2754085.75,2490060.16,2819630.32,2670638.85,2898011.32,2724697.4,2709807.4,2659427.89,2485100.53,2703727.06,2667679.45,2513060.06,2618729.12,2946448.23,2436671.57,2496975.6,2652829.2,2587559.23,2463810.88,2706966.01,2555604.51,2664442.36,2453668.92
16539,2559585.66,2667745.26,2552377.58,2599110.0,2687801.66,2677297.53,2850830.25,3006159.67,2560416.41,2675787.33,2757344.14,2417884.15,2915286.26,2892026.13,2811136.14,2514361.12,2650807.6,2512618.95,2832813.52,2856553.64,2832368.67,2740377.22,2697320.29,2648599.89
17539,2218642.64,2380224.29,2315230.52,2220318.37,1964098.47,2150833.47,2182967.17,2322518.12,2336575.97,2352945.47,2311135.42,2290838.06,2365750.8,2272877.02,2142964.62,2305925.75,2418111.33,2273811.67,2303806.43,2234975.67,2236331.6,2153797.16,2120822.25,2277530.95
18539,2234484.03,2191796.79,2400237.46,2481067.16,2172427.99,2213567.13,2251938.43,2169133.46,2462989.92,2243899.75,2552713.87,2574822.64,2375114.41,2299395.8,2240076.09,2414240.52,2262805.54,2141751.89,2327606.81,2288282.22,2267184.53,2436544.68,2229688.55,2227844.43
19540,2557645.44,2375208.57,2532775.17,2583163.55,2799114.22,2330876.22,2420203.54,2445535.01,2491852.78,2305606.36,2600586.21,2287134.06,2424398.53,2379111.6,2379923.45,2577036.14,2645172.28,2556796.14,2401078.54,2533210.84,2403563.24,2298665.9,2286790.09,2348878.46
20539,2581784.61,2634999.26,2339817.67,2734608.57,2568735.33,2613432.46,2422143.22,2509030.38,2659171.85,2496839.37,2637733.81,2824612.4,2476772.25,2602795.9,2537638.95,2484443.76,2439201.87,2492540.17,2489321.83,2492814.88,2599372.47,2569716.94,2551684.13,2721388.18
21539,1899246.69,2008182.49,1914977.29,2040368.37,1936580.74,1930529.53,1974349.58,1966634.05,2138616.05,2057823.64,2058949.55,1923506.05,1905102.18,1921865.47,2057989.21,1817509.75,1875738.32,2102407.01,1916310.71,1983958.88,1911307.17,1999583.98,1828447.51,2083307.51
22539,2780891.27,3064765.93,2895336.66,2870727.01,2837105.1,2785162.41,2766042.3,3071087.36,3074911.9,2995032.49,2852304.42,2931449.95,3012203.21,2846783.55,2886590.68,2980012.82,3138536.34,2886674.63,3184614.31,3106101.86,2709008.92,2905778.31,3100190.18,3046460.96
23539,2550419.14,2488237.92,2581988.21,2636291.26,2652300.84,2611889.86,2790762.88,2762623.04,2827295.28,2386769.08,2521450.5,2407260.65,2447426.84,2727922.96,2478538.81,2712932.23,2753492.06,2472644.87,2683173.5,2675125.23,2497098.12,2329780.68,2641031.5,2733880.64
24539,2809548.14,2677177.72,2660509.26,2612547.14,2785166.94,2603549.1,2386881.26,2636994.91,2704552.23,2493651.6,2762549.89,2438697.22,2688723.6,2640168.25,2632440.33,2571558.9,2570652.47,2674841.27,2665394.08,2661702.6,2569357.92,2476655.3,2610055.36,2737764.81
25539,2455597.5,2515872.25,2603107.89,2602309.95,2482649.18,2495022.83,2604093.73,2408020.02,2478152.48,2647548.24,2519340.63,2682780.47,2713658.04,2562123.3,2604619.51,2475784.97,2613295.48,2636769.99,2591181.5,2541045.09,2324976.74,2424470.05,2474199.9,2640693.86
26539,2597545.53,2394681.71,2489294.23,2532084.48,2380323.24,2527188.67,2380120.91,2550896.27,2477253.48,2501198.67,2486771.4,2520395.17,2376986.53,2397342.98,2510157.1,2268294.99,2070591.9,2245311.46,2399363.73,2142085.52,2559411.87,2532981.73,2437777.85,2498161.12
27539,2428218.52,2318414.36,2226631.41,2592507.97,2233684.39,2328719.65,2288469.39,2459032.01,2513226.8,2451754.7,2370977.55,2338018.92,2159092.5,2475682.59,2304362.03,2252161.91,2347839.54,2183029.83,2415548.66,2374096.8,2138858.49,2252674.3,2283977.8,2167833.08
28540,2451369.53,2611946.71,2500825.03,2306738.05,2420537.06,2416042.24,2328507.37,2428644.55,2477486.78,2312970.49,2456129.37,2361743.88,2353485.71,2417802.34,2623880.78,2662919.44,2501492.81,2442599.04,2460875.65,2441092.86,2418574.85,2502395.22,2150649.67,2678546.04
29539,2437081.62,2467991.52,2519892.83,2223884.94,2386726.08,2358862.96,2272770.0,2329525.27,2420771.17,2459607.1,2361276.41,2400846.58,2431657.5,2630620.01,2128555.84,2572196.39,2323550.68,2237249.85,2299420.59,2628691.05,2221058.99,2401952.99,2394178.02,2404310.85
30539,2481746.29,2357116.45,2642672.0,2760850.36,2456609.64,2481862.74,2618834.29,2259866.48,2480823.61,2523622.42,2574637.64,2485942.43,2522311.35,2511822.81,2450206.23,2507840.44,2455475.25,2506236.24,2636984.38,2777393.65,2376535.91,2593890.57,2569624.43,2565586.3
31539,2408023.94,2820534.12,2635274.88,2482652.25,2512896.8,2587759.3,2621164.59,2680508.03,2598312.54,2453597.16,2545893.9,2567269.33,2697755.86,2540757.41,2610085.75,2618850.47,2540990.63,2588478.12,2703118.65,2724696.29,2326731.53,2304976.38,2838038.43,2686114.09
32540,2522457.39,2434939.8,2654680.5,2552056.86,2538604.18,2466647.52,2580661.1,2598817.33,2454935.66,2633645.22,2505510.95,2761607.94,2377560.87,2392048.37,2381372.11,2467641.13,2343706.94,2663151.61,2543172.77,2661888.84,2690011.07,2554947.0,2480091.89,2362538.22
33539,2275389.66,2354450.81,2371577.99,2113061.86,2321202.23,2187344.25,2366854.83,2226115.89,2127536.58,2170279.12,2154284.86,2214902.92,2530641.44,2410221.13,2355175.9,2258525.47,2228044.02,2176082.84,2199043.98,2295772.74,2118736.65,2310034.3,2120743.63,2334985.74
34540,2952897.94,3351770.39,2753461.48,2780260.62,2794971.93,3194285.66,3044891.9,3077830.81,2856459.02,2908927.6,3053446.13,2936471.77,2918365.58,2830041.24,3136063.28,2816485.15,2998351.99,3212085.31,2833811.01,3054075.57,3149120.2,3133958.15,2644739.19,2983524.53
35539,2888280.04,2470403.88,2286485.57,2648278.68,2684857.58,2783213.82,2541833.09,2649484.16,2668620.66,2482738.37,2530030.17,2761178.33,2775605.99,2858376.86,2590072.21,2301629.3,2855325.12,2524028.63,2626980.61,2636123.82,2776020.71,2522820.04,2502848.83,2642612.42
36540,2375049.02,2629595.23,2662782.5,2474160.14,2706446.85,2662591.38,2618931.32,2474809.89,2737501.3,2636963.33,2592336.25,2472088.61,2605573.22,2789664.27,2428274.56,2751668.12,2716914.05,2364203.89,2609800.28,2485852.86,2520826.3,2510011.84,2523996.5,2482832.2
37540,2422148.25,2446343.12,2464897.45,2678802.21,2406827.19,2704433.69,2402158.86,2640571.32,2717909.66,2601350.12,2570308.21,2491512.44,2489019.67,2693876.36,2647623.35,2293632.86,2632200.53,2339109.34,2464530.32,2735022.71,2529288.73,2543940.29,2229270.46,2463031.95
38539,2593791.35,2569935.78,2444416.47,2708477.06,2472176.18,2568078.93,2726137.91,2644499.33,2599076.83,2665395.2,2435148.34,2461807.7,2423348.09,2457096.0,2613347.43,2495961.25,2559765.41,2529908.4,2703028.52,2692958.92,2696839.07,2589846.74,2697410.17,2236499.21
39539,2600007.49,2503165.76,2815164.71,2458702.34,2471842.84,2436116.57,2558558.3,2474805.61,2310115.28,2410915.27,2448971.86,2384363.87,2684159.07,2546805.11,2506259.45,2601289.61,2719691.69,2585827.26,2498561.57,2423545.19,2490140.04,2548364.26,2448059.26,2727266.38
40539,2415573.88,2238918.28,2350643.01,2647555.17,2175011.79,2433603.3,2368458.15,2464173.89,2513031.71,2403495.28,2683507.58,2371566.95,2179964.14,2291864.27,2438497.61,2298064.31,2241747.97,2402016.91,2457237.62,2253122.97,2326807.99,2310832.53,2452981.66,2306643.98
41540,2036591.01,2202298.76,2227637.24,2150509.06,2147749.48,2220720.3,2193950.86,2330578.77,2093956.09,1968358.37,2403659.2,1923963.66,2166071.85,2119166.51,2101517.38,2052676.91,2288779.71,2247915.95,2036543.26,2251122.8,1921106.19,2070237.04,2132747.8,2311898.68
42539,2153450.96,2121312.21,2298913.87,2336112.32,2325280.84,2350117.72,2000761.97,2266354.29,1950534.24,2024064.72,2370694.0,2177447.7,2011183.47,2192055.89,1998229.89,1982192.44,2194698.56,2190737.28,1969991.05,2244714.32,2244580.36,2114427.23,1937471.36,2093999.13
43540,2423033.64,2540490.9,2430459.29,2498546.42,2477687.68,2551032.11,2652942.01,2461221.12,2569389.62,2375434.21,2407854.84,2229960.2,2668913.82,2873417.23,2606198.95,2379708.79,2470057.34,2442410.27,2662557.09,2529621.17,2353154.75,2531097.05,2562048.24,2477625.55
44539,2395907.58,2507710.41,2393529.65,2442023.62,2544021.74,2502689.15,2422143.86,2354948.28,2864840.39,2495918.57,2534817.58,2555484.81,2357336.83,2422564.14,2302663.72,2676457.6,2361243.38,2434593.84,2448444.24,2383379.26,2281967.85,2393658.24,2248728.03,2488011.09
45540,2287006.45,2449775.23,2315420.32,2277302.14,2325803.48,2469626.19,2387565.49,2302580.91,2137712.5,2316556.93,2117067.51,2380290.39,2501919.85,2313249.84,2213891.06,2388255.97,2187945.95,2263515.79,2548100.4,2473347.24,2228226.92,2404265.26,2390231.8,2419726.17
46539,2370112.25,2288389.08,2412557.23,2491048.09,2571897.22,2443833.11,2354351.97,2483946.91,2081842.9,2402209.6,2454062.15,2300666.56,2413965.35,2189079.26,2227363.75,2367550.51,2326741.07,2403174.93,2444658.64,2616978.55,2423868.93,2605782.82,2396545.73,2395638.25
47539,2789570.96,2318787.14,2691589.76,2682676.27,2586137.37,2446249.44,2655909.5,2496664.26,2387166.29,2464217.54,2213511.69,2659034.07,2330001.92,2620508.16,2353686.62,2387747.89,2485814.7,2770940.45,2507985.64,2644374.78,2631726.26,2466119.32,2226273.06,2483284.27
48539,2347948.49,2494593.47,2525771.81,2571561.12,2363181.37,2421933.31,2445006.78,2391039.67,2289577.52,2224430.03,2353365.77,2505966.07,2624097.75,2435937.31,2458374.97,2679661.69,2319611.03,2335077.06,2531634.46,2419942.31,2285751.86,2385233.37,2240894.45,2426848.09
49539,2287725.33,2301560.49,2233891.65,2113892.07,2360388.94,2250335.51,2450435.63,2475104.36,2247171.44,2205736.77,2292623.16,2340901.1,2379156.57,2433008.07,2132225.6,2299090.62,2324968.49,2208496.92,2324294.54,2255763.55,2259693.65,2258448.4,2393179.75,2234651.02
50539,2266757.65,2404089.95,2325612.26,2331663.86,2294890.43,2462231.7,2486038.91,2395481.32,2127751.61,2624093.18,2374196.68,2470892.25,2465483.57,2480605.38,2481756.67,2607773.18,2351523.13,2525751.39,2598916.39,2254505.42,2537669.09,2492172.38,2423691.0,2497740.39
51539,2455148.89,2702473.25,2286381.76,2319626.03,2267633.43,2359052.47,2108515.5,2335800.98,2431218.1,2341107.09,2532180.32,2649474.35,2437087.84,2323954.56,2263338.47,2505639.01,2507215.88,2639647.38,2417266.51,2388688.05,2390726.53,2287511.84,2199441.8,2191771.09
52539,2628193.96,2751238.71,2585992.95,2745047.64,2578949.4,2511403.46,2845614.39,2386938.16,2590587.43,2686829.32,2462441.6,2582650.14,2481203.26,2470334.49,2691606.02,2698903.92,2455044.86,3007633.67,2786567.21,2764119.06,2582588.26,2664221.98,2703141.06,2712396.07
53539,2773209.18,2828632.32,2661530.19,2734274.03,2634866.85,2689580.82,2744772.74,2622571.75,2752587.72,2711366.88,2714331.25,2727620.52,2722487.94,2643498.22,2618456.88,2606574.69,2573810.12,2878680.44,2494041.03,2665581.86,2588097.48,2623667.69,2499697.9,2755844.49
54539,1717375.5,1777665.75,1726457.48,1607686.79,1682822.37,1752475.57,1700685.34,1593112.76,1825671.45,1609886.04,1701062.97,1610645.67,1764215.43,1606489.44,1620580.73,1645860.13,1626117.54,1621870.45,1748860.92,1771695.94,1844095.66,1803285.55,1524188.06,1789540.11
55540,1219533.87,1215000.23,1263293.02,1297778.79,1192035.9,1230958.39,1270715.28,1203477.98,1175794.66,1099624.07,1257111.93,1291744.66,1160607.15,1210132.5,1083866.16,1309929.87,1291202.46,1240632.36,1198069.84,1234583.75,1219217.95,1133188.31,1231861.39,1219364.42
56539,2319712.61,2286791.33,2417359.24,2534704.34,2460540.15,2406255.73,2417406.98,2462153.82,2476941.9,2267875.67,2522982.06,2303763.57,2329443.68,2416295.37,2247320.79,2290932.15,2492317.91,2287840.97,2343518.34,2343342.98,2572230.37,2475326.28,2473230.29,2254565.02
57539,2736248.9,2594054.22,2664601.46,2646970.1,2971136.53,2721038.4,2750737.74,2857783.66,2670996.22,2556968.48,2556704.4,2483558.01,2677173.59,2941122.81,2818907.7,2829390.93,2803068.51,2636665.78,2912803.98,2752266.52,2951314.39,2488027.07,2705697.2,2650868.26
58540,2938461.69,2736037.04,2802191.49,2777846.77,2711485.85,2561379.3,2912830.38,2548860.47,2633536.25,2944616.47,2693567.0,2940424.87,2667937.97,2991564.07,2702599.23,2959806.5,2761132.97,2545988.27,2636254.98,2828693.89,2630268.75,2914432.09,2711372.07,2737861.44
59540,1954864.61,1954792.76,1880238.38,1830284.5,1865704.39,1889790.02,1697087.19,1903268.37,1782522.54,1792658.99,1732739.22,1928265.36,1816564.26,1764976.62,1957535.43,1926803.17,1886596.2,2049705.35,1928865.27,1778765.53,1804829.9,1942714.79,1988550.43,2002752.15
60539,1394162.13,1411298.82,1386065.06,1259221.69,1227451.57,1290283.77,1506949.79,1284294.92,1306447.82,1293593.83,1288218.18,1351854.03,1373719.78,1318887.53,1140934.94,1328867.92,1239615.98,1449972.12,1390500.67,1283120.0,1387300.93,1394601.96,1289649.64,1228345.2
61539,359099.44,365793.05,357766.4,389817.8,366753.35,362936.67,326246.73,371972.75,356237.11,324269.62,383254.58,338739.02,368281.11,345019.08,357596.74,357655.09,369461.33,337101.63,357323.66,346807.25,338315.66,377428.48,355438.49,335349.52
62539,2564546.36,2279596.18,2214607.24,2100362.64,2144148.05,2302005.13,2200504.73,2145010.59,2238635.85,2284344.8,2321253.07,2516915.24,2295440.95,2404938.06,2251188.96,2433255.72,2227940.63,2471316.82,2270653.73,2207945.4,2212166.16,2338623.64,2343162.51,2254080.55
63540,2917860.01,3018862.02,2692272.45,2822179.98,2860792.35,2798382.59,2960496.82,2765602.62,2897623.3,2782706.16,2910199.94,2845280.83,2954661.23,2572985.67,2751517.37,2688063.51,2871507.43,2923914.44,2965762.45,2932036.33,3009412.41,2908498.84,2790924.57,3080825.3
64540,2028687.23,1711052.22,1963845.34,1844614.29,1684722.38,2008810.65,1886349.76,1849962.78,2065820.66,1849218.31,1948936.28,1845823.24,1958443.81,1831880.91,1835548.63,1815362.23,1971055.93,2058209.9,1816230.12,1854222.92,1882820.35,1744026.22,1977490.2,1947102.09
65539,1264249.07,1278368.09,1325460.85,1374601.8,1273635.16,1417102.7,1291933.57,1323715.37,1338001.04,1403581.55,1347123.7,1357365.2,1281380.42,1340806.37,1445553.82,1310257.41,1294798.86,1255825.51,1292528.24,1281871.64,1329428.84,1378607.68,1307129.61,1317857.1
66539,2677070.85,2716576.15,2669451.22,2638230.79,2406086.5,2550508.43,2480141.76,2536182.68,2714896.22,2635104.08,2499604.07,2662653.59,2555174.82,2707733.57,2668635.83,2407311.61,2444689.1,2586119.7,2500863.48,2452783.23,2808163.36,2675870.61,2460216.72,2473053.8
67539,2980187.68,2796456.04,2451039.3,2840641.57,3175392.0,2538486.02,2937675.23,2842728.33,2801769.29,2731752.08,2606433.42,2534068.97,2520474.68,2739220.53,3068850.18,2757100.49,2627492.51,2717334.75,2618232.52,2872263.71,2724778.81,2599757.1,2820218.26,2500622.74
68539,2670199.63,2899553.52,2822805.7,2750059.01,2576323.86,3005095.14,2947685.8,2718698.88,2918180.82,2900656.88,2712132.88,3127592.55,2944393.08,3041442.66,2644357.92,2834573.69,2941173.26,2991790.67,2880875.9,2775284.26,2812260.97,2718674.52,2996204.22,2968537.57
69540,2225977.23,1944839.6,2034208.36,1907335.4,2168206.39,1953524.99,1957095.14,1966555.4,1965046.26,1903414.12,1898311.58,1936606.04,1959944.83,1949472.75,2150416.27,1998258.02,2004087.07,1967348.97,2171903.99,1958441.55,2116045.37,1979173.78,1974624.83,1899772.24
70539,1560970.68,1410052.81,1441072.68,1513599.91,1470211.53,1478366.16,1477779.81,1523730.09,1481438.94,1447562.09,1570866.29,1485807.5,1477795.87,1495708.53,1525926.4,1468717.36,1441949.7,1474839.66,1485918.78,1516773.25,1502861.14,1469237.75,1524516.75,1453185.15
71539,1991766.11,2074539.03,2136621.85,1987488.84,1843787.23,2054503.17,2189125.84,1941573.63,1895720.24,1955992.35,1866567.34,2089941.02,2213755.39,2036538.91,2138751.08,1790898.08,1862781.01,2035064.3,2049202.79,1981370.4,1906184.77,2090962.23,1994432.63,1884238.23
72540,2683434.72,2853317.04,2699910.28,2710182.93,2637404.86,2870132.2,2808414.95,3027339.94,2680414.74,2989410.27,2997125.2,2707546.89,2675391.38,2627955.32,2632162.5,2875360.54,2754749.62,2606149.08,2731280.86,2731564.36,2609555.79,2675855.39,2560095.76,2577006.34
73540,2648866.09,2433964.04,2306659.73,2249441.6,2482738.47,2424575.48,2466659.92,2417796.13,2353226.51,2345496.0,2124324.14,2629350.03,2479202.39,2495504.6,2534895.76,2293021.8,2568779.12,2213695.92,2512864.38,2413904.42,2220719.1,2502540.26,2310190.26,2746895.71
74539,1177236.74,1165600.67,1172968.86,1182040.58,1176789.03,1139326.61,1150474.28,1173819.63,1125816.26,1216202.85,1189283.15,1134959.72,1258131.99,1234986.58,1242979.06,1080107.89,1222974.67,1187792.24,1158459.61,1090086.13,1225773.45,1129571.11,1333048.06,1181237.64
75540,1171992.25,1149771.25,1102844.61,1152298.78,1314293.94,1087631.07,1082781.7,1087046.15,1174969.64,1018753.98,1098672.43,1175438.97,1167408.57,1160430.35,1131173.83,1112881.04,1175971.03,1094394.12,1209708.8,1146499.93,1101654.75,1087552.61,1124438.76,1227167.11
76539,985936.37,1182978.52,1120137.66,1055886.36,1114661.96,1115025.18,1043133.7,1096050.49,995245.21,1113781.36,1092666.23,1111588.53,1102195.74,1070367.53,1098643.96,1069554.01,983052.88,1038007.75,1110165.07,1051404.35,1084771.66,1058377.82,1097427.07,1117549.73
77539,995284.92,983505.51,1074408.62,938265.67,1065253.97,1029706.39,1033750.62,1005028.39,1040615.76,985573.25,1076561.78,1102430.12,1055162.69,1039766.19,1065231.42,1050454.59,1090720.32,1049742.25,1041497.54,1066254.69,1102724.03,1036488.53,1075043.27,1024083.86
78539,1219183.11,1115327.44,1227496.61,1129838.45,1036875.14,1208567.39,1214024.2,1191749.62,1262331.59,1222984.79,1080891.08,1199398.76,1147193.38,1219466.14,1141506.5,1203729.76,1187388.35,1189563.51,1136965.76,1089379.88,1154822.11,1214582.88,1208644.75,1242969.67
79539,1055596.05,991297.3,1033978.33,972933.19,1073850.67,1007086.93,984670.94,1073897.86,1015454.69,1077855.4,968370.07,1050523.58,986439.41,1000594.6,1050254.42,973115.27,939046.77,919808.82,983627.12,1050473.5,959839.42,1040402.91,1013741.29,1106754.86
80539,1303639.15,1310657.85,1277949.34,1240340.4,1319353.51,1215158.78,1228419.75,1121059.99,1197912.19,1180207.65,1294167.16,1309196.41,1262918.14,1287924.92,1361301.57,1305757.59,1224946.22,1268055.03,1321147.31,1261724.2,1233841.15,1324749.05,1371296.62,1252434.63
81539,1142656.62,1176457.92,1172608.25,1162401.99,1097855.13,1149077.51,1204226.81,1186648.12,1158316.42,1234052.59,1162807.41,1127671.94,1124585.07,1288066.1,1335401.73,1108028.09,1155296.59,989880.63,1124431.1,1147069.17,1144022.54,1138523.12,1172229.93,1172086.99
82540,445245.83,406369.09,455636.21,416687.15,407090.74,410832.22,429020.34,409957.2,467816.52,426735.63,429606.62,414778.85,452458.76,390850.37,432019.26,406415.12,421209.7,459258.98,434556.51,418860.88,491959.99,411042.53,387948.73,452075.05
83539,1552433.09,1533346.65,1585740.55,1644038.13,1481830.3,1491104.92,1536110.03,1657340.68,1560924.01,1658828.48,1448444.34,1661219.67,1592274.81,1415673.62,1464515.93,1470049.77,1448034.84,1522130.76,1484488.72,1575277.39,1688751.61,1515908.74,1694978.62,1527770.01
84539,1214981.05,1195113.9,1195507.77,1234798.2,1092532.93,1259221.67,1353391.5,1139351.58,1256977.97,1210602.44,1197283.51,1285720.31,1143283.58,1213396.67,1216470.77,1270593.39,1201646.47,1159456.25,1200318.13,1272835.99,1206505.43,1198383.46,1214094.24,1215652.3
85540,2273049.21,2225446.54,2575671.88,2449305.93,2319942.66,2241229.23,2225878.03,2131101.77,2391151.39,2124838.76,2236700.33,2313080.98,2420653.74,2040876.87,2465520.76,2298923.93,2243579.7,2432281.0,2136843.77,2329213.59,2184280.8,2261646.1,2578177.3,1992558.82
86539,2617993.16,2679359.24,2780583.34,2760098.3,2784059.75,2502720.31,2405995.25,2449275.47,2656761.33,2639309.06,2552212.81,2982824.34,2773480.45,2595850.3,2616143.84,2654207.3,2631841.22,2576040.74,2527309.28,2884541.88,2875239.97,2639505.37,2921682.87,2845370.6
87539,2779667.69,2807322.05,2831234.23,2580930.72,2641626.57,2775704.65,2990633.21,2784037.61,2741029.02,2720033.43,2589644.82,2949584.32,3301844.23,2779723.76,2771856.91,3004056.17,2839472.61,2625994.09,2646442.46,2606782.22,2824986.55,2676047.89,2680231.31,2834976.06
88539,2826641.61,2774892.31,2801741.3,2973670.8,2899075.65,2860689.01,3048432.71,2642599.87,2971619.35,2749443.33,2827636.32,2788994.16,2890425.95,2663632.05,2623959.9,2925970.71,2688059.06,2904807.51,2753394.36,3036591.69,2598751.88,2783849.5,2727801.12,2584023.26
89539,2035019.37,1878039.33,1986805.9,2054020.67,2002082.06,2038131.87,1791555.88,1833444.64,2031755.66,2011023.94,1775470.23,1924371.54,1892588.92,1940421.74,1873840.01,1949743.69,1961516.89,1942727.54,1853049.12,1849061.57,1892436.33,1928528.25,1865596.77,1856129.93
90539,1091183.02,1185643.79,1047626.47,1032785.85,1063860.85,1003864.4,912680.31,1187686.98,1118650.97,1000772.95,1115867.23,1121140.68,1142616.98,1124027.57,1004964.86,1081952.15,1129502.45,1050768.87,1011037.98,1103337.21,1118600.97,1052009.49,1008412.5,1101525.0
91540,1800602.04,1896528.01,1913740.95,1945816.63,1770243.53,1948045.55,2001095.65,2109037.81,1949588.06,1999442.91,1894782.61,1856657.2,2113787.18,1791466.19,1936035.46,2072989.23,1684073.67,1912915.06,1898989.6,2090869.04,1889542.28,1959467.44,1953886.15,2143482.72
92540,2592110.68,2542928.89,2533979.67,2514987.42,2707390.25,2400063.94,2508460.44,2715620.76,2590638.11,2680527.43,2725949.49,2560038.88,2497826.11,2673370.58,2621330.65,2652695.35,2693827.28,2651170.11,2531701.31,2581648.19,2699390.65,2438242.64,2607900.11,2522386.94
93540,2680589.56,2764228.53,2524432.11,2842672.02,2686135.22,2786268.53,2637141.05,2612191.55,2561215.36,2447764.33,2708286.89,2501118.11,2668731.1,2801605.56,2509416.92,2780789.6,2884717.21,2849492.33,2733438.78,2701735.23,2562824.46,2820074.0,2671957.61,2518940.1
94539,2042493.86,2110807.05,2247140.21,1930334.01,2078583.04,1930923.19,2092162.55,1984976.83,2004411.48,2282275.21,2149169.47,2033284.81,2026572.3,2005569.51,1886910.61,2144204.52,2185485.98,2101462.96,2050937.24,2050445.3,1991665.36,1895535.79,2301509.44,1997598.12
95540,1102617.77,1051200.04,1043291.9,1079410.89,1123348.69,1133581.15,1100605.41,1192210.61,1041341.28,1158708.94,1195303.84,1095251.79,1123400.85,1076466.4,1101229.72,1101452.3,1127528.27,1064728.82,947291.88,1089213.04,1193717.75,1013482.16,1101905.37,1046926.79
96539,2422380.58,2377657.24,2421708.33,2364476.7,2404285.43,2467520.46,2197576.19,2263959.93,2342774.49,2269396.61,2535162.28,2592879.55,2316636.61,2489575.55,2455964.81,2470843.79,2489542.1,2634073.35,2200151.07,2527280.1,2603854.67,2368920.11,2502641.28,2361321.88
97539,2482689.72,2445481.18,2635957.24,2743974.46,2588052.03,2555946.42,2902570.01,2506296.34,2751092.43,2649738.74,2362248.55,2710958.46,2698187.98,2741961.21,2908038.85,2439767.5,2583245.48,2588217.97,2688425.99,2591904.87,2517868.47,2817220.89,2680210.53,2743876.32
98539,2640390.09,2422517.41,2382356.09,2652096.31,2390109.84,2619824.98,2312445.84,2395236.65,2889386.38,2546018.85,2490641.05,2518119.9,2815483.08,2681737.52,2376028.62,2368371.07,2637922.07,2576724.69,2499915.71,2324555.72,2792772.8,2694097.92,2656514.56,2527502.6
99540,1898741.9,1979650.16,1939066.63,1820029.39,1923894.06,1920158.34,1948075.21,1847628.61,1948200.15,2016213.44,1901175.57,1893045.97,1936557.95,1863375.62,2064727.21,2120184.59,1893042.03,1891673.06,2009348.66,1905832.04,2188162.04,2041605.49,1774216.0,2122774.77
100540,1220027.48,1362762.94,1269634.13,1391400.59,1291157.39,1299941.26,1313449.96,1293780.6,1347330.77,1357607.81,1404623.51,1205785.82,1322051.95,1284428.98,1332854.73,1361132.9,1346249.04,1137905.97,1312256.02,1257791.02,1333695.76,1354545.69,1236145.6,1254853.39
101539,2172658.12,2226450.8,2369968.02,2354306.57,2393955.36,2380062.19,2432295.98,2213968.24,2178999.69,2397641.17,2214025.05,2276731.79,2239297.74,2132429.63,2331815.18,2317398.2,2580991.17,2314765.33,2308381.69,2403750.69,2336141.68,2221410.06,2194215.84,2389964.48
102539,2727165.1,2669458.19,2561542.81,2684832.59,2630231.24,2660354.77,2483130.31,2632630.39,2717185.34,2705271.11,2598531.38,2663974.67,2606312.04,2707902.31,2546727.33,2730533.3,2489826.82,2639269.6,2627016.22,2592832.03,2549275.11,2577204.39,2604639.46,2728058.23
103539,2796929.61,2772121.19,3037303.79,2816043.24,2827114.57,3124265.6,3041613.7,2812022.72,2785333.23,2625495.29,2963721.37,2978224.47,2977476.18,2821317.43,2887467.37,2772637.23,3034006.52,2693671.85,2708127.81,3008017.46,2983276.59,2906276.71,2892224.86,2702313.21
104539,1899484.04,1654655.07,1736666.0,1844280.39,1954858.37,1836399.02,1689039.82,1870925.07,1886172.83,1803256.02,1870142.74,1868857.89,1816891.08,1778646.32,1950798.45,1778800.15,1901570.55,1686473.49,1844002.25,1693425.47,1779591.23,1780355.45,1794022.79,1858773.25
105539,1171724.55,1194394.02,1111169.12,1046332.48,1039904.03,1095567.3,1110270.88,1134012.44,981553.09,1119063.76,1133325.24,1087678.67,1120128.54,1040034.16,1088866.66,1147367.57,973915.98,1026251.48,1112522.46,1057705.88,1208011.18,1146194.37,1081001.74,1018747.61
106539,2147134.73,2225313.0,2232274.63,2187849.05,2229266.5,2251206.71,2184892.44,2007766.35,2286252.75,2301986.71,1985607.65,1974690.95,2119888.16,2344255.76,2005271.68,2211610.29,2226936.37,2243241.23,2036931.81,2051167.63,2268285.85,2022896.45,2301224.83,2191543.47
107539,2364194.54,2343664.48,2408207.44,2436138.45,2621689.66,2609273.91,2295019.33,2500748.56,2727854.74,2447241.81,2403784.45,2273734.85,2525541.57,2458227.33,2538020.69,2344021.61,2716880.77,2370352.98,2446061.47,2536462.41,2520256.84,2455151.66,2728637.57,2312730.99
108539,2464680.74,2546899.65,2450213.24,2560927.1,2364071.68,2495695.32,2411618.65,2449386.35,2482224.32,2634485.18,2357813.6,2541283.11,2537440.27,2289279.65,2238971.95,2580297.91,2338610.95,2392621.22,2543037.2,2437277.5,2114718.39,2485379.79,2528472.6,2627088.8
109539,1785548.1,2043410.03,1829415.39,1993081.71,1817726.77,1935256.95,1816291.95,1892259.33,1863379.0,1881780.07,1827075.89,1931194.77,1877300.71,1892853.51,1875040.79,1803717.82,1773825.21,1808252.16,1921989.64,1867284.17,1968266.55,1858644.84,1964900.4,1940482.08
110539,1148644.67,1272925.88,1164200.71,1138994.48,1220484.2,1084411.58,1123353.74,1196730.18,1145986.38,1141121.36,1161842.78,1132511.11,1166086.07,1209367.2,1319722.11,1240547.65,1271828.14,1173880.91,1126906.96,1238876.0,1186332.69,1142983.23,1228694.22,1133215.31
111539,1472816.4,1437967.51,1600963.68,1484730.21,1631569.0,1603050.92,1516672.83,1590399.79,1540569.34,1591039.28,1629640.9,1624109.58,1681821.77,1513798.7,1579756.54,1608710.85,1604569.26,1556981.04,1609622.62,1639356.88,1614000.83,1444059.65,1553629.62,1683451.76
112539,2238018.93,2502596.29,2334694.41,2320202.59,2333295.76,2275981.15,2402162.05,2409092.44,2532139.26,2204724.85,2399505.93,2216405.66,2117210.17,2276342.93,2378344.37,2310059.98,2096020.89,2289621.97,2235920.59,2494487.49,2365122.91,2183115.03,2381242.91,2271281.5
113539,2684836.77,2359468.18,2508138.7,2302571.92,2470273.48,2401973.17,2495075.73,2528083.47,2434484.81,2435817.38,2707608.27,2233354.82,2338171.66,2102028.61,2472225.45,2285009.41,2502257.77,2558715.33,2567555.02,2612493.88,2335869.25,2381150.51,2419922.88,2674078.37
114540,1975699.38,2012599.71,2000644.99,1993915.86,1873720.61,2197823.44,1842213.71,1991507.56,1919837.82,2107496.54,1989691.28,1912982.82,2047131.55,2082841.75,2069556.98,2128371.58,1926191.11,2119393.3,2086182.72,1946675.01,2014414.02,2007139.67,1958047.36,2362663.08
115540,1447558.46,1531516.01,1439149.39,1319398.08,1420407.08,1531008.37,1512583.49,1470842.06,1427092.1,1318101.32,1392367.6,1427221.98,1369683.34,1523659.37,1302360.65,1404319.16,1413873.82,1472249.78,1453681.85,1409818.16,1409628.95,1295457.34,1505142.37,1466029.31
116539,2112379.54,2239460.43,2191057.67,2458698.44,2269196.23,2400313.6,2298859.34,2193389.16,2370267.86,2301977.03,2555197.65,2324470.28,2504369.35,2709713.22,2515625.08,2368328.04,2288734.69,2207219.68,2413304.1,2334968.19,2298374.85,2487555.25,2160936.21,2320163.27
117539,2456491.87,2634548.86,2456731.24,2366209.75,2548764.28,2512062.8,2516481.03,2613372.23,2634637.76,2516734.95,2491285.26,2699292.77,2422259.01,2590043.21,2498399.98,2434818.54,2432644.17,2343302.67,2522001.55,2471501.8,2460707.28,2460422.38,2658914.45,2710132.65
118539,1529997.1,1492407.55,1518256.56,1447694.56,1544234.72,1496786.54,1511901.59,1499817.4,1625149.93,1558340.68,1620813.24,1576330.36,1475272.27,1586339.77,1622146.67,1591116.47,1518009.7,1508051.25,1477521.51,1585364.4,1550503.79,1427601.88,1669831.76,1624364.51
119539,2063302.66,2123297.65,2162181.61,2015592.01,2374119.1,2169074.87,2002804.6,2209550.36,2104090.18,2193736.83,2049526.77,2295132.59,2220137.29,2081901.14,2166354.94,2009211.4,2171453.23,2194804.12,2124192.25,2207689.63,2318149.27,2275826.39,2142316.87,2114513.72
120540,1052137.74,1083406.81,1079976.16,1023188.78,1022596.91,1085290.52,1011519.97,991677.27,1034793.31,1077843.61,943664.89,1058790.38,1004552.44,1090978.97,947552.97,1074115.86,1018162.95,1040917.45,978830.84,971510.87,935879.79,1043613.54,1037630.14,1115060.68
121539,1338560.51,1362896.99,1271515.52,1251721.32,1328701.3,1340657.89,1287563.85,1256533.13,1317329.07,1380994.7,1348846.32,1176573.22,1323855.16,1353063.36,1254697.08,1360339.4,1311631.87,1272792.11,1290172.11,1276463.43,1336788.4,1258540.67,1262552.74,1401048.76
122543,2423911.45,2329111.85,2314891.38,2386602.66,2396102.35,2154595.87,2281237.18,2343338.43,2339154.59,2286180.14,2255301.64,2412309.33,2372234.46,2389565.96,2358305.67,2238149.3,2289000.46,2456331.42,2355634.48,2224513.17,2228358.63,2153930.9,2302943.13,2339128.92
123539,1973190.09,2035720.43,2030838.46,2180450.83,2078757.78,1961162.22,1961733.12,1967357.13,1930324.48,1981977.22,2080930.3,2003822.17,1944991.17,2040123.64,2090514.13,2036979.76,2219740.91,2166966.84,2066227.55,1994539.68,1936770.36,1915970.99,1803679.47,1971801.81
124539,1110785.26,1126957.42,1113409.71,1197029.57,1311336.75,1112846.17,1227983.38,1128096.17,1215469.02,1129227.89,1244355.96,1084963.94,1231333.31,1183855.41,1014543.76,1221609.83,1127824.93,1210566.05,1221830.31,1169804.43,1108563.28,1240603.91,1166158.71,1094415.08
125539,1217396.5,1226847.99,1153197.1,1143143.14,1161564.73,1263846.68,1193399.52,1100389.22,1017325.57,1209277.01,1169844.8,1266785.77,1227837.48,1095533.78,1193621.29,1229918.95,1164607.05,1191465.89,1204545.11,1058708.9,1147033.25,1171166.53,1245850.79,1198977.7
126539,1244258.35,1182604.08,1205022.14,1110860.34,980186.06,1174763.14,1283965.48,1267260.09,1135334.06,1059107.09,1173423.87,1137255.67,1153975.53,1145858.51,1252672.84,1230384.79,1212143.68,1253205.93,1247258.41,1225227.79,1202768.07,1188344.07,1312741.45,1165062.75
127539,1142156.47,1254473.71,1126119.9,1086053.65,1071419.01,1195192.99,1181314.34,1083477.83,1222406.58,1206139.72,1060564.2,1085772.1,1168121.55,1074673.89,1214797.28,1135198.25,1068848.59,1204453.69,1130508.46,1228277.37,1129972.78,1076830.9,1168286.49,1146243.12
128539,1083109.46,1043930.09,992013.95,1123577.58,1180625.76,1123192.43,1046017.56,1052948.83,1104197.95,1103922.32,1058773.45,1020458.34,1120119.84,1016093.4,1148166.8,1082962.64,1070589.68,1114808.19,1034396.12,999283.6,1045789.7,1130015.13,1072130.87,1150372.57
129540,1106108.73,1096778.17,1103893.93,1113804.34,1006002.48,1070076.05,1058101.74,1107060.95,1082047.75,1142713.16,1170428.37,1043927.33,1226038.56,1240515.73,1073329.38,1071360.41,1090465.41,1099508.96,1031621.54,1147887.71,1103223.35,1058450.55,1080639.96,1108904.57
130539,283706.98,298624.22,276129.2,287551.27,289098.7,288437.95,253606.88,302433.2,268000.73,282305.92,282827.1,310682.05,268375.2,260852.25,300982.67,302661.46,277751.28,309350.33,272548.45,302412.57,281074.14,301797.96,286221.41,282281.1
131539,1249800.98,1064804.12,1169614.46,1121409.49,1190486.35,1162442.33,1219113.46,1016449.04,1254614.43,1030174.07,1273808.75,1183676.0,1226785.21,1112387.71,1180153.67,1173434.34,1178834.41,1108020.12,1138126.67,1187329.39,1129989.49,1243232.54,1191725.3,1160789.34
132539,1770822.98,1737101.98,1899972.53,1705253.01,1601919.99,1664648.91,1758735.9,1620823.68,1737515.42,1676467.71,1775537.11,1719804.73,1871602.11,1779931.15,1771612.42,1738968.06,1828806.91,1799079.67,1788432.6,1790307.42,1626601.54,1703780.5,1827560.53,1771926.75
133539,1734835.47,1825654.34,1870648.49,1776610.87,1711911.77,1763063.19,1664832.86,1639250.8,1705718.32,1718982.56,1743256.31,1733218.14,1794410.62,1729811.07,1855231.63,1754934.07,1682135.36,1814956.16,1836663.54,1755492.61,1710423.76,1922265.9,1697314.62,1864272.81
134540,1665595.62,1602552.14,1675620.33,1676955.6,1671740.21,1710090.34,1615340.04,1601770.42,1767433.21,1463463.32,1662284.72,1450709.88,1724916.83,1405578.42,1767988.25,1580485.66,1600824.0,1635057.75,1536333.32,1572838.85,1538775.17,1538748.31,1567937.84,1647540.91
135539,1179780.74,1511192.75,1407561.41,1559859.93,1482885.37,1384090.7,1428656.24,1480220.07,1404576.23,1372438.76,1349757.38,1387193.75,1552144.86,1450232.18,1361521.79,1432956.46,1394213.75,1275539.52,1470834.38,1402627.19,1426032.19,1445952.78,1258711.05,1401955.02
136539,2013805.32,2052403.76,2002212.22,2124076.48,2170819.75,1926784.76,1940407.55,2236039.97,2026425.65,2014987.91,2249355.5,1914429.08,2274972.21,2014615.9,2111327.16,2086072.31,2171398.56,2054467.26,2210102.31,1878731.58,1841264.71,1940882.17,1999941.87,1967209.21
137539,2029449.54,1945030.22,1878841.63,2057721.28,2021834.34,2016229.78,2041848.32,2063220.26,1992813.16,2065736.86,2098549.96,1947803.35,2084872.62,1834142.76,2041525.4,2180664.68,2095267.21,2267270.81,1982802.0,2198269.42,2210657.13,2172996.37,2211271.42,1958119.56
138539,2426236.27,2425736.16,2413087.6,2453013.75,2394658.32,2565846.16,2414200.04,2135841.9,2393463.35,2334937.01,2417154.88,2337953.45,2321811.3,2431148.75,2235762.22,2560431.87,2652188.52,2312879.09,2498570.29,2369861.12,2491773.65,2258204.68,2334509.58,2428056.27
139539,2237384.44,2162716.99,2215167.94,2260558.25,2280666.89,2096158.4,2264207.55,2177497.39,2135928.55,2247514.26,2238304.44,2138257.17,2389291.75,2080818.63,2302184.92,2109585.26,2374987.35,2140772.81,2189439.81,1943421.67,2350053.25,2047894.3,2196669.46,2238681.93
140539,1279262.68,1300651.82,1294858.86,1223125.93,1258961.9,1206810.88,1346732.17,1289417.09,1191256.23,1305076.64,1229561.47,1277370.31,1250231.58,1270541.06,1253235.34,1218398.05,1262949.36,1218074.5,1264370.97,1246546.65,1294773.8,1256772.5,1183614.36,1142713.05
141539,1934471.59,2104380.52,2029367.96,2076640.56,2002193.2,2099028.5,1940781.26,2070818.56,1968009.58,2134619.72,2040910.72,1845047.2,2119359.02,1845184.16,1975884.9,1908993.11,1904366.04,2148228.72,1893366.19,2006328.86,1981009.41,1916705.33,2125422.26,2100134.34
142540,2455412.94,2425722.41,2387508.33,2319585.22,2461568.84,2249110.99,2338867.56,2502263.97,2360126.65,2535365.3,2592223.33,2500648.16,2641459.47,2334628.0,2495466.81,2411436.71,2330464.97,2424972.41,2526643.76,2519230.92,2683123.09,2575761.6,2142644.5,2331767.85
143539,2433805.88,2589114.44,2399619.7,2510781.46,2305498.46,2695680.06,2419974.96,2437088.64,2505008.11,2500932.03,2548477.85,2558516.17,2515953.31,2688047.65,2594340.34,2587646.98,2581519.12,2600031.18,2391157.46,2610747.8,2423430.03,2472607.64,2673966.12,2459185.46
144539,2413894.25,2311182.1,2294186.14,2266512.75,2361257.93,2558504.94,2296362.82,2432404.96,2366612.28,2259150.85,2225855.3,2342333.5,2372222.87,2244525.21,2345124.8,2472706.04,2283651.96,2298540.05,2372102.78,2233678.05,2399782.95,2309348.39,2317709.07,2311449.94
145539,959556.59,1148164.69,1029298.96,1086224.2,1120046.18,1052625.23,1085280.75,1049829.09,1040882.97,1072594.44,1077557.19,1080575.9,1032016.33,1051360.4,1034614.03,997267.59,1106543.87,1077107.66,993308.4,1077134.63,1046276.52,1038985.11,986151.45,1110929.56
146539,2176530.98,2165580.38,2194160.8,1923250.51,2068390.53,2146025.22,2142093.66,2151689.76,2250244.76,2031513.88,1991798.95,2083671.33,2269440.91,2007851.97,2058150.6,2196356.74,1975641.32,1978551.74,2223022.3,2097660.48,2149002.84,2187621.76,1986624.24,2299752.64
147539,2494310.32,2418099.29,2379030.37,2445727.04,2529277.05,2575226.78,2578480.13,2540839.66,2373127.62,2747831.43,2559793.37,2387217.89,2394330.87,2673021.57,2473847.92,2541551.66,2590574.74,2555017.33,2354476.38,2341269.2,2658607.47,2689605.21,2496417.79,2593171.97
148539,2617623.98,2758491.54,2586268.77,2576430.26,2717999.84,2636920.93,2539555.59,2395536.32,2673464.42,2493855.7,2509564.0,2500364.39,2676613.66,2575221.35,2659426.31,2647172.08,2624067.41,2757864.13,2521873.43,2632598.52,2642647.14,2511430.73,2707912.9,2615532.17
149539,2709815.89,2278152.85,2449317.52,2529750.11,2587250.9,2553799.16,2421698.19,2507176.93,2487314.51,2640863.58,2354106.13,2338381.6,2835050.45,2525396.66,2489726.11,2405902.02,2575693.03,2444185.14,2517692.28,2551529.64,2574051.46,2440976.39,2323163.55,2491353.79
150540,1376399.21,1529793.08,1464107.81,1483899.43,1422135.86,1362411.24,1437292.59,1442258.2,1501316.25,1502370.5,1503847.75,1380813.63,1522757.54,1351208.42,1439356.14,1467474.34,1310145.89,1483946.25,1258348.45,1390630.9,1426293.27,1397543.13,1463484.56,1480791.37
151539,1414370.71,1374768.82,1401066.8,1449674.02,1457083.96,1390557.51,1442897.83,1450508.01,1502374.37,1286403.86,1428387.73,1490452.56,1404285.89,1560329.05,1441001.36,1315304.4,1378124.46,1408834.72,1366688.51,1353173.72,1334037.18,1384092.45,1542913.77,1342952.63
152540,2563254.2,2734053.72,2657708.54,2475589.12,2641072.15,2172698.27,2563617.23,2503039.0,2613557.28,2470415.03,2788918.82,2796417.31,2504987.73,2673614.53,2670997.14,2769964.99,2643317.63,2490308.74,2567540.86,2673507.77,2589742.62,2856080.23,2640593.16,2672810.16
153539,2629220.74,2819703.45,2968739.41,2955104.67,2957624.57,2927817.02,2544848.03,2890271.34,2944290.07,2706138.65,2606756.94,2745109.45,2754278.98,2990260.62,2983248.66,3060830.42,2934126.31,2702819.56,2780481.5,2710199.55,3084237.76,2759047.72,2806420.28,3028338.99
154539,2687200.06,2704324.96,2742894.05,2569982.76,2644784.66,2496435.86,2713098.95,2572234.98,2761553.17,2644598.28,2655007.73,2628219.87,2765971.99,2471206.35,2799614.59,2610201.16,2563028.78,2584773.31,2679064.63,2766700.97,2697924.88,2784389.15,2601675.05,2651425.58
155539,1371213.08,1245252.28,1243665.33,1243636.88,1262633.35,1314789.49,1278317.29,1309062.3,1276526.88,1311965.39,1279109.82,1298533.13,1265333.12,1223840.5,1275955.1,1159548.9,1269502.22,1222662.57,1278182.45,1308685.58,1354092.65,1200191.4,1283844.38,1190374.76
156539,1771453.58,1706167.7,1558199.1,1752101.0,1556295.36,1734684.48,1693977.44,1699312.24,1709212.72,1737755.25,1786800.89,1651337.08,1584572.19,1712828.41,1730199.92,1679631.36,1618516.61,1924942.98,1789314.72,1732947.53,1733184.32,1852183.6,1622718.95,1600190.83
157539,2469348.96,2702739.19,2637962.92,2283295.05,2521510.43,2590496.76,2498597.22,2514611.52,2535679.09,2585958.93,2764823.42,2690276.91,2545784.37,2633636.16,2680029.0,2483440.58,2691609.19,2829702.09,2913793.43,2610308.23,2496549.04,2598780.82,2456364.15,2610055.61
158539,2828737.89,2814668.23,2874630.38,2895683.55,2674733.35,2857049.42,2547732.77,2670989.3,2811474.72,2738086.57,3041009.46,2949343.55,2902683.77,2803682.17,2612613.17,2876554.25,2986794.7,2723704.98,2945811.82,2578053.81,2972681.84,2791672.12,3057796.79,2931124.64
159540,2527151.99,2567360.31,2386821.03,2508054.2,2360202.14,2300535.66,2634338.11,2580826.58,2612020.01,2667202.26,2631564.57,2432646.6,2954818.83,2756468.92,2383371.82,2376344.2,2412633.7,2743078.33,2710242.14,2625289.72,2518195.93,2618965.21,2468481.04,2641111.05
160540,1328060.39,1270191.21,1119607.93,1169259.06,1250649.66,1182146.0,1240721.67,1304257.6,1230694.76,1178580.84,1204629.43,1245896.8,1186146.04,1203732.71,1254386.52,1276970.64,1130254.07,1277639.79,1211954.0,1220297.8,1156070.07,1255621.5,1229480.6,1122626.38
161540,1694093.33,1806008.22,1695107.06,1943817.23,1822249.53,1939631.03,1881774.17,1702126.75,1806975.37,1850327.91,1769031.65,1832754.96,1839394.39,1913446.21,1869539.48,1759218.47,1738557.2,1943513.55,1869037.93,1729492.87,1795421.87,1721555.36,1847928.05,1821309.48
162539,2743763.39,2420426.27,2584347.38,2427212.87,2587799.7,2551929.47,2632732.51,2759250.78,2723524.69,2688666.25,2656572.1,2879412.68,2482396.42,2615934.76,2817987.46,2772721.41,2461843.73,3009383.72,2651601.68,2335304.91,2518775.53,2785601.19,2492883.56,2696604.74
163540,2475933.97,2482536.28,2666572.03,2554590.27,2804269.51,2815797.56,2676580.7,3028442.25,2524967.25,2712360.5,2726084.78,2620206.97,2687352.61,2655173.11,2646597.75,2480755.42,2637784.17,2634911.91,2608310.65,2629573.66,2675479.07,2523596.07,2917163.01,2670757.14
164539,2558835.78,2527050.2,2598570.07,2539987.7,2581517.75,2508928.02,2440752.22,2393160.63,2633300.94,2663079.75,2291606.84,2489633.9,2582148.93,2561169.89,2829496.88,2571940.69,2380700.42,2606112.9,2598416.11,2487150.98,2566077.7,2585656.65,2662663.66,2273247.66
165540,1020270.98,1014620.14,965242.71,963874.38,1168590.7,998688.17,1024789.27,1047229.41,1044677.75,977441.78,954056.39,920812.36,1036642.67,969407.95,995190.64,1099657.38,1025388.95,1095177.7,949458.16,1045336.27,1022618.75,1087629.35,1076880.43,1084636.91
166540,1825858.75,1810448.65,1910704.6,1842672.88,1834897.09,1729956.41,1775991.06,1633519.15,2014188.58,1973568.19,1966903.63,1902546.71,1607123.56,2052516.51,1982401.53,1978129.06,1775861.07,1884342.36,1860632.02,1980239.43,1888148.31,1841754.24,2019865.79,1842525.09
167540,2495291.02,2650603.88,2412938.18,2483564.43,2421547.87,2513739.07,2436870.71,2415685.23,2541353.5,2864592.24,2551394.41,2481457.73,2538737.33,2546617.37,2568346.04,2436953.87,2490794.71,2584274.12,2712504.27,2442938.99,2549953.73,2537448.84,2424375.38,2348926.87
168539,2617420.48,2765899.34,2812829.47,2762277.31,2743857.53,3036545.82,2717238.65,2716003.16,2983852.99,2997802.72,2977471.42,2909069.43,2678277.93,2841726.56,2781979.39,3082541.51,2836303.24,2770645.15,2990232.35,2835015.79,2731200.78,2965080.27,2973050.69,2808209.5
169539,2425550.5,2470271.51,2446224.83,2665627.52,2271250.3,2595798.15,2407604.58,2594820.37,2458956.08,2687707.06,2573048.45,2528623.52,2369375.05,2575196.46,2286328.33,2544008.36,2545498.8,2558787.97,2608238.22,2467175.5,2436814.02,2586567.32,2472291.49,2516995.84
170539,1473727.48,1406428.37,1382393.34,1494010.06,1437844.26,1296977.02,1393754.38,1494439.53,1450793.56,1530519.5,1444413.01,1421495.79,1375713.06,1496125.08,1441502.76,1462115.42,1403962.39,1468702.24,1336198.3,1478019.66,1409548.08,1372347.05,1467628.2,1387356.33
171539,1411072.2,1301506.66,1399067.63,1322824.94,1445902.46,1343731.92,1304252.18,1282299.34,1363043.2,1314697.18,1329805.45,1297869.92,1364444.13,1435838.43,1367740.62,1233935.87,1323661.42,1433870.52,1381546.45,1232335.38,1423768.52,1374412.37,1331817.94,1375564.1
172539,2371798.92,2312864.19,2320560.15,2259371.39,2524050.28,2675553.32,2447994.72,2387154.26,2292477.3,2233652.88,2364498.2,2470264.23,2499665.61,2504105.41,2370339.67,2548535.2,2487764.81,2573707.37,2560537.74,2354734.69,2450667.93,2472269.41,2607966.66,2208852.78
173540,2204956.28,2323014.75,2273212.06,2543915.43,2418994.59,2169975.08,2305009.47,2313860.62,2395587.67,2457546.89,2283281.13,2381595.12,2386298.07,2388648.93,2105083.37,2187221.89,2336570.01,2181134.44,2251440.34,2027406.46,2294322.91,2293161.92,2236360.62,2227277.36
174540,2462943.64,2519111.75,2509019.9,2341562.85,2401117.2,2436510.4,2593788.92,2603563.86,2313351.99,2596106.01,2572658.87,2381952.08,2531329.65,2476028.24,2533981.65,2630911.9,2385985.7,2294305.94,2438603.48,2661411.11,2377626.49,2551002.19,2594272.39,2434795.52
175539,1637548.03,1461985.41,1455001.35,1451477.11,1520530.36,1667105.42,1493240.53,1542202.75,1634662.44,1435846.66,1444479.11,1456794.03,1502606.04,1594720.56,1533028.34,1546461.73,1574776.15,1516222.62,1545023.46,1506900.69,1527896.99,1543882.03,1578017.0,1505927.79
176539,1327256.73,1197159.07,1337080.38,1341781.23,1379437.67,1318406.25,1301827.53,1243133.72,1265113.22,1330084.12,1387184.12,1124236.08,1300826.87,1158575.12,1301265.7,1282167.47,1321621.33,1327302.76,1298531.38,1384695.71,1203310.29,1269416.93,1330307.91,1171028.42
177539,2598056.65,2381268.73,2418416.42,2681750.25,2746468.96,2644072.78,2482406.44,2501253.11,2919875.4,2715871.83,2354369.12,2696246.23,2500816.13,2385197.68,2821217.52,2777420.63,2444726.85,2635208.85,2458197.48,2523163.54,2541176.33,2417754.47,2487517.02,2463085.51
178539,2397256.06,2543468.68,2516692.85,2297240.39,2343974.73,2571359.78,2510486.06,2531100.27,2699246.14,2771332.72,2507008.82,2630099.25,2702892.2,2594874.78,2405616.63,2846866.23,2653306.04,2572403.38,2507243.54,2467019.44,2476056.93,2534682.81,2658130.44,2715461.81
179540,2466836.32,2463364.11,2467984.84,2390568.09,2564560.75,2203350.34,2498648.87,2725775.58,2476658.94,2599554.32,2612935.96,2715709.77,2639443.75,2434234.47,2563927.03,2502037.74,2502754.2,2527617.59,2577671.76,2510525.84,2400133.72,2569712.14,2638407.58,2600009.26
180539,1633239.37,1593294.86,1568882.0,1650976.09,1703542.02,1722612.63,1545759.8,1730388.12,1751331.24,1682220.65,1574563.37,1728428.97,1525799.77,1793484.23,1746867.89,1666736.62,1630834.79,1622472.54,1596420.05,1692745.61,1656808.45,1763850.72,1543465.93,1721610.88
181539,1381499.47,1379062.8,1408085.97,1579352.81,1494005.64,1471234.38,1380358.45,1472370.24,1523114.36,1340729.62,1419833.29,1389178.91,1395016.96,1408262.02,1396954.43,1468316.46,1300587.54,1507432.41,1347163.2,1371289.32,1332772.31,1414890.49,1375635.56,1503298.46
182540,2169738.29,1923728.78,2191128.83,2265122.47,2032486.56,1984445.11,2189670.9,2124645.45,2183823.39,2240625.41,2300474.03,2149973.97,2142894.9,2151145.08,2126168.55,2259352.13,1998577.32,2084682.8,2142096.53,1873190.91,2274104.04,2044746.87,2130718.43,1956724.15
183539,2214512.46,2395504.0,2301866.08,2528935.54,2508844.55,2336459.49,2454727.11,2165538.84,2454273.05,2540620.13,2565217.71,2303282.91,2407484.51,2425981.61,2562514.76,2543091.18,2465748.66,2445080.99,2491542.48,2486914.37,2431123.09,2269692.06,2315512.55,2560097.93
184539,2276149.46,2343061.3,2305770.83,2478598.7,2569280.47,2244644.41,2558526.31,2235176.16,2320448.22,2523385.4,2488976.19,2466118.64,2355589.97,2547929.28,2533107.83,2532161.03,2530682.01,2660750.5,2473862.5,2315807.77,2526350.83,2441061.76,2431646.79,2447817.21
185539,1434016.27,1526314.62,1402846.67,1428020.41,1524312.13,1538625.44,1394288.46,1566627.2,1484312.89,1467686.36,1542054.04,1479790.22,1482839.08,1606219.66,1429854.83,1426826.99,1458090.0,1604606.06,1568350.29,1595887.18,1651086.77,1565059.37,1394559.5,1478906.53
186539,1629500.36,1537053.23,1634094.41,1634892.63,1531249.45,1474414.67,1611882.49,1565363.33,1514578.41,1568240.4,1601816.93,1424446.8,1469218.01,1635010.34,1467807.23,1403449.9,1514103.29,1459122.78,1695710.4,1595031.02,1560846.65,1614984.17,1519632.67,1530893.69
187539,2548861.69,2398895.0,2355376.3,2316410.91,2360276.47,2502964.97,2567458.47,2659846.36,2291339.83,2473431.27,2437695.39,2480991.53,2457181.42,2541618.4,2383408.68,2249719.09,2336210.14,2658632.1,2511822.28,2526807.25,2356010.7,2359487.93,2290228.91,2518978.44
188539,2493314.71,2458124.4,2686913.64,2263682.26,2387974.46,2242465.69,2496325.43,2569695.63,2351528.54,2221080.03,2481642.21,2446811.73,2533375.28,2165211.42,2444553.44,2329995.77,2592272.32,2284970.87,2257679.4,2547321.19,2382127.21,2474253.89,2411901.45,2457729.13
189539,2707169.14,2500623.11,2464374.25,2568965.77,2501536.54,2365036.02,2154959.19,2575621.8,2513252.12,2391510.33,2439025.46,2542042.08,2734992.25,2594546.47,2560855.73,2410973.94,2560776.37,2579061.23,2555934.65,2542598.94,2550899.37,2141288.1,2498824.53,2563909.85
190539,1536283.32,1605467.78,1596353.59,1579778.21,1487049.77,1605956.76,1659586.33,1767794.39,1696827.16,1596474.68,1650091.73,1672044.16,1541931.38,1635174.12,1510196.46,1535320.62,1390060.36,1635876.59,1691603.17,1568010.79,1515349.1,1688654.57,1714117.17,1673502.99
191540,1329724.97,1335504.98,1375407.5,1278433.87,1225028.58,1254455.17,1268151.56,1331350.44,1384779.52,1184228.16,1308993.33,1232542.26,1362202.96,1168975.61,1388473.07,1252008.72,1256595.15,1222928.52,1245856.28,1257894.96,1274533.86,1281698.76,1380565.94,1285838.24
192539,2166832.66,2230928.65,2211033.5,2259812.94,2010643.96,2302929.11,2075685.05,2071966.93,2264334.9,2303728.49,2257373.23,2187062.85,2065696.85,2015115.61,2207894.0,2117534.53,2289778.6,2179843.65,2074376.82,2196896.63,1914469.84,2146529.88,2202900.89,2078939.0
193540,2480544.06,2316514.62,2643417.74,2520415.29,2370355.39,2725874.87,2585920.02,2737498.46,2388498.44,2472207.59,2757245.65,2502773.96,2748002.18,2556461.29,2450697.82,2514203.02,2413619.75,2430078.49,2436836.11,2770168.82,2475108.17,2363096.34,2557671.23,2540934.04
194540,2471382.13,2674554.6,2368452.4,2572517.4,2748527.03,2494281.68,2432156.59,2517559.53,2629706.8,2261691.46,2360360.38,2407006.75,2570175.64,2455349.27,2308789.81,2222760.55,2387100.98,2249965.35,2418407.64,2394331.43,2409319.45,2564599.42,2475793.51,2480137.38
195539,1400134.62,1282390.06,1260744.29,1353939.13,1332602.82,1364492.61,1251700.53,1316352.35,1324214.25,1371253.43,1263079.14,1295655.52,1361466.33,1241106.22,1364186.94,1267036.18,1273448.9,1305714.82,1253159.29,1246807.85,1167023.66,1404327.16,1221091.94,1270251.63
196540,1494883.2,1546195.72,1489828.24,1506421.9,1451897.07,1751046.06,1596120.97,1611563.89,1536663.35,1522018.33,1439044.24,1515589.03,1593696.68,1569960.82,1504102.5,1636753.55,1565682.97,1484433.78,1544195.41,1466000.37,1528003.52,1566436.42,1502592.37,1602433.21
197540,2469011.99,2593109.3,2487674.93,2538425.34,2710506.34,2798571.79,2321887.71,2482639.07,2251164.29,2581838.46,2369954.63,2400816.72,2436314.45,2394461.38,2211020.28,2513689.71,2441429.4,2092673.6,2567202.79,2557196.42,2531084.19,2573118.89,2281564.07,2534513.91
198539,2657855.75,2511746.42,2588478.92,2618809.55,2629339.29,2644160.01,2570990.39,2668650.98,2332391.33,2644684.65,2560442.38,2642992.5,2695196.76,2534641.62,2505896.72,2458349.09,2496288.79,2494129.81,2505565.25,2564622.74,2244557.19,2567338.96,2435432.84,2498554.81
199539,2629679.59,2400933.09,2378075.27,2417337.58,2661537.83,2485430.27,2281588.54,2318629.61,2419763.38,2311623.8,2343555.73,2501080.36,2483265.28,2731991.94,2564255.83,2498837.58,2357403.0,2516117.2,2641999.49,2439978.7,2550218.33,2704454.27,2352415.9,2363666.38
200539,1607877.61,1508963.63,1555046.82,1556379.95,1770739.8,1607817.75,1574954.43,1685064.44,1635133.58,1666139.25,1570682.36,1572699.7,1710472.8,1576975.62,1545178.17,1543857.78,1636726.28,1475340.88,1599142.57,1612851.88,1700082.18,1554432.79,1640424.94,1618916.15
201540,1453915.35,1409037.36,1528210.93,1310511.34,1420162.21,1425002.05,1397833.01,1408890.43,1398561.5,1472795.08,1324763.0,1530499.79,1350150.24,1299079.68,1387832.94,1398074.66,1447820.24,1266947.25,1350770.83,1182508.02,1296020.54,1385435.83,1262558.97,1379901.11
202539,2717971.81,2605588.35,2607004.67,2474501.1,2729839.53,2799839.31,2677766.56,2488304.77,2618389.28,2657575.52,2611868.52,2573367.4,2465068.56,2541706.48,2569522.07,2835931.06,2486820.96,2445732.63,2663780.42,2486925.42,2435799.14,2652900.2,2562318.99,2569250.42
203540,2676375.59,2576010.68,2578298.49,2532612.61,2424569.67,2881086.14,2679876.84,2327078.97,2682641.72,2789305.91,2607367.34,2516811.82,2421938.84,2337944.44,2632734.34,2441026.32,2887095.6,2518480.15,2624445.17,2478956.73,2578506.73,2400200.65,2567527.5,2401900.66
204540,2664807.38,2509703.91,2895902.02,2561194.29,2433475.74,2850548.27,2632142.12,2606796.8,2473354.06,2600149.91,2773384.01,2689186.71,2753260.71,2459604.76,2399002.59,2398391.48,2378581.76,2561492.58,2576642.78,2488217.04,2453596.41,2552526.74,2735312.93,2337634.56
205539,1560555.1,1868378.65,1586675.6,1797213.22,1718743.0,1783856.26,1569785.51,1707639.28,1656551.12,1729096.99,1538498.12,1637059.95,1606315.4,1662185.94,1749719.41,1655771.25,1748137.81,1567656.51,1504877.27,1820841.82,1572696.28,1518074.31,1665218.52,1736752.87
206539,1226016.29,1301734.71,1339804.4,1280374.11,1224748.53,1379354.44,1297323.19,1225947.51,1272223.84,1313866.98,1211223.01,1330159.82,1300984.91,1358089.36,1246418.37,1201150.93,1263828.6,1228770.99,1327331.73,1253426.21,1238461.64,1427384.98,1310471.68,1248426.01
207539,2422050.3,2471575.23,2754249.0,2319764.04,2339972.15,2520716.87,2583478.04,2540447.04,2423942.31,2536434.82,2635462.17,2789680.15,2454977.34,2662694.57,2463177.21,2465551.88,2555385.95,2460426.09,2446965.64,2709746.98,2505661.87,2485706.78,2486659.68,2496043.78
208539,2718472.21,2698503.07,2630821.91,2704233.97,2858434.85,2575134.96,2362326.32,2753541.8,2660456.81,2571874.99,2513025.41,2414669.0,2549221.57,2511106.72,2514888.81,2397400.7,2675379.52,2260066.48,2493974.73,2550339.96,2511321.72,2525943.78,2643081.68,2575408.91
209539,2708820.1,2393511.67,2474002.1,2581630.39,2526264.92,2703694.2,2599589.4,2504267.27,2585515.29,2476899.76,2425494.41,2382303.54,2402502.79,2348841.09,2617475.37,2261722.79,2517764.38,2451467.53,2617415.06,2727020.58,2712641.66,2533961.69,2215634.54,2324030.32
210539,1740213.95,1498307.42,1532353.55,1681608.27,1462403.91,1537207.69,1618013.78,1634147.05,1668015.92,1599420.71,1482686.69,1615564.5,1601676.18,1640956.45,1689572.77,1339881.37,1539571.7,1602766.06,1625822.63,1607216.34,1548432.46,1610748.25,1659329.46,1621339.81
211540,257581.37,301799.68,289560.41,276477.58,280061.29,278980.89,257799.66,287777.11,279725.86,274624.55,272307.84,291693.18,296025.44,294977.32,280742.98,275678.44,259372.52,267689.91,296072.11,292919.78,290705.36,302733.7,262711.36,308277.69
212540,1169228.08,1136480.78,1233399.39,1196654.22,1177347.28,1172872.47,1200842.84,999632.8,1284898.79,1083317.51,1251237.9,1263113.19,1101619.35,1142324.97,1166726.91,1038063.71,1128123.67,1182537.67,1253280.09,1114809.0,1139488.2,1178299.21,1256229.22,1104523.32
213539,2477166.48,2122912.48,2515975.22,2154795.36,2447812.26,2334786.08,2355455.29,2598061.68,2251369.56,2376888.43,2448604.34,2392829.13,2495748.97,2487249.18,2491769.43,2402710.16,2379582.62,2419328.0,2379428.65,2469188.45,2407740.94,2323774.85,2378607.39,2546174.69
214539,2284861.56,2352093.33,2538134.65,2616433.2,2437745.48,2487714.37,2496384.34,2261358.55,2505658.62,2518869.54,2387317.73,2396302.49,2527349.14,2590018.91,2251333.34,2518508.02,2489970.22,2654734.95,2615579.4,2689501.68,2481437.28,2588120.52,2463293.08,2657727.97
215539,1696400.83,1796806.09,1975301.52,1853696.13,1771377.2,1680771.25,1887599.69,1797683.6,1773608.41,1773627.0,1866145.32,1722343.54,1841947.99,1842759.74,1703651.37,1920025.42,1665433.29,1712225.31,1788783.01,1647716.36,1868635.55,1737730.57,1691756.19,1836731.33
216539,1274711.01,1287940.32,1380295.55,1279949.49,1348482.38,1314046.38,1340167.7,1313036.28,1294038.98,1319858.71,1447147.95,1329304.11,1249815.09,1264250.61,1336876.08,1185370.15,1338600.27,1378041.1,1366413.14,1300713.53,1360124.22,1247997.1,1397019.38,1285841.44
217539,2431358.05,2505317.58,2384516.29,2242460.98,2613680.14,2439838.75,2503213.82,2670774.22,2403926.45,2404323.73,2315822.99,2157187.79,2549572.65,2471567.44,2528073.02,2439087.39,2612022.91,2470613.34,2488867.72,2361428.98,2396792.68,2306745.49,2732279.76,2354997.97
218539,2435225.22,2417341.07,2714645.08,2334064.03,2324666.02,2331610.74,2300306.56,2276587.74,2508699.13,2440871.63,2442896.92,2607228.47,2229126.68,2430553.46,2232889.37,2396936.24,2445423.25,2336125.35,2380069.74,2303258.65,2448085.26,2303114.48,2408536.93,2294502.27
219540,2627269.93,2515578.7,2521056.37,2612538.28,2727436.66,2878544.77,2607732.37,2561987.7,2849381.53,2414960.16,2653650.59,2730988.11,2535739.87,2661784.53,2541676.15,2613054.32,2828057.07,2713247.36,2398693.08,2693902.29,2588581.82,2465235.6,2707464.95,2625816.55
220539,1092289.57,1143809.23,1168401.09,1110252.33,1105199.09,1143092.78,1170906.24,1207428.27,1119687.71,1193941.56,1126788.77,1194709.01,1130792.31,1191068.83,1129061.06,1061138.3,1071490.38,1109659.82,1133524.68,1178763.8,1202866.99,1097122.04,1103057.4,1001472.98
221539,1346624.36,1377964.71,1285501.9,1305767.58,1282218.97,1240674.54,1308915.87,1178408.85,1442273.34,1229441.06,1294448.65,1327904.89,1205249.04,1261896.42,1326341.52,1378952.58,1362249.12,1313955.46,1325460.27,1326858.52,1277644.23,1136719.26,1238701.79,1291273.31
222539,1708650.02,1746107.21,1661921.62,1513212.55,1771832.18,1775129.17,1666351.94,1804062.13,1748867.89,1617248.8,1728341.39,1697400.26,1872439.26,1709286.21,1802291.69,1675021.44,1842888.68,1856495.86,1775949.21,1725502.57,1718061.67,1766901.94,1742758.83,1765996.03
223539,1533874.45,1443395.86,1581844.5,1412027.59,1463434.68,1513574.85,1463439.36,1606122.88,1478581.75,1576979.13,1586113.06,1547641.46,1481390.88,1543264.16,1547558.43,1678302.88,1576970.42,1618225.02,1479005.73,1534684.58,1500930.94,1506196.74,1511716.14,1397795.21
224540,1967908.46,1888965.69,2089989.64,2106077.8,2103932.86,2168435.36,2083905.3,2151020.05,1914927.28,1925121.27,2042796.61,1756710.14,2130981.38,2039873.8,2008878.75,2110020.58,2130810.47,2185170.81,2031283.38,2072767.47,1974786.76,1884921.35,1990765.49,2033703.87
225539,1791610.51,1704891.18,1714682.54,1744579.94,1705120.18,1565601.61,1685021.44,1788047.19,1689813.58,1722773.95,1673823.89,1735335.08,1762888.09,1731818.85,1708352.57,1811989.91,1658177.2,1676962.41,1591469.07,1787439.7,1603949.49,1661316.36,1694647.34,1815442.36
226539,1657720.73,1637475.63,1600425.01,1732114.62,1766984.47,1635241.1,1768010.84,1869670.44,1664644.88,1782626.55,1875690.26,1717931.22,1695913.59,1734579.07,1680435.36,1636926.46,1539274.74,1513294.27,1568034.49,1870579.37,1733556.21,1756288.39,1759028.92,1533712.66
227540,2550421.08,2638741.69,2604655.1,2913330.38,2678341.32,2431398.22,2420265.21,2448599.85,2849102.72,2596915.68,2475209.99,2648508.58,2487284.9,2755578.17,2492384.35,2756024.01,2549726.82,2464607.24,2765342.07,2766639.3,2542235.83,2636982.58,2599746.86,2321502.21
228540,1473395.05,1713535.91,1827668.81,1668208.81,1633565.1,1739255.98,1603503.18,1678349.71,1656443.06,1503770.56,1682351.06,1535759.19,1579954.66,1543513.52,1672946.76,1579709.63,1720583.34,1629909.37,1814350.99,1629473.86,1621427.65,1776122.05,1631839.15,1620852.92
229539,1490578.05,1591425.04,1524739.93,1357075.29,1545164.07,1429336.01,1407470.01,1540335.44,1350279.3,1388023.23,1447601.88,1677702.54,1612673.51,1427268.79,1545179.61,1419695.66,1513142.39,1541882.21,1314575.53,1478067.39,1492325.84,1462148.93,1393679.7,1440065.6
230539,1614425.04,1666489.14,1771697.77,1787693.46,1673229.7,1710394.78,1748918.21,1688500.46,1654353.23,1566415.76,1824512.14,1595614.84,1593752.01,1679713.45,1664562.64,1719158.03,1670559.59,1791991.04,1760146.78,1785542.66,1830088.86,1730332.0,1583667.58,1583740.88
231540,1157675.38,1179245.55,1186134.79,1177693.88,1314288.29,1280650.69,1271404.84,1294533.32,1238426.98,1217499.3,1318543.6,1189223.42,1166441.74,1163452.84,1187443.03,1271117.02,1167632.53,1370322.09,1247255.94,1091165.82,1273947.44,1061176.99,1315256.85,1326875.91
232539,2217576.71,1967146.17,2252892.49,2099296.82,2255186.25,2148229.68,2167054.31,2303360.43,2012299.95,2349836.9,2120722.0,2282026.55,2067078.58,2380577.25,2240063.94,2317589.09,2074801.9,1944414.69,2077183.9,2195794.93,2271247.84,2128715.47,2315582.92,2322692.65
233539,2549163.08,2670487.8,2445875.3,2441815.26,2704981.02,2338399.5,2552442.9,2511552.97,2544675.4,2509690.62,2568992.47,2562081.75,2357974.59,2687543.14,2528619.14,2624668.45,2340376.74,2392259.43,2691153.58,2515486.55,2693342.8,2384641.05,2562902.01,2658250.46
234539,2612573.24,2440979.57,2419821.07,2517604.48,2384284.83,2420304.06,2523434.88,2629009.79,2487432.74,2391955.76,2433086.06,2376705.43,2298491.67,2481053.01,2345754.27,2329911.88,2405762.98,2488085.36,2382142.39,2302749.24,2392327.38,2400117.51,2373993.03,2334478.17
235540,1807179.11,1776661.84,1662846.58,1870543.58,1838421.28,1805406.23,1872797.85,1762537.71,1840069.75,1870072.72,1803546.37,1674483.67,1849697.82,1725963.18,1706087.63,1790286.16,1865426.8,1928750.0,1842587.06,1700842.84,1702692.02,1791745.52,1848737.85,1727717.91
236540,1219257.55,1166241.13,1208805.07,1312526.95,1147346.04,1294975.45,1177770.87,1209630.58,1259522.67,1251605.96,1353796.28,1084234.72,1208996.47,1223163.12,1241582.7,1174460.14,1221405.5,1320551.9,1284284.95,1195661.74,1111185.07,1235016.37,1168265.15,1248396.41
237539,2284521.78,2370136.71,2511517.55,2236293.92,2516023.21,2562155.44,2520340.88,2513956.31,2695204.14,2261810.04,2245883.92,2479326.46,2528269.3,2392633.93,2379280.78,2164067.19,2475149.46,2626967.12,2551225.33,2433969.3,2496411.63,2527160.24,2344228.06,2322198.88
238539,2553075.72,2809233.37,2689380.67,2522786.43,2637137.09,2342366.13,2653699.39,2573889.64,2522902.15,2501621.09,2749024.15,2520136.86,2585757.38,2504892.57,2574091.42,2293194.85,2567344.25,2436846.85,2489360.24,2463210.14,2622290.37,2625206.02,2748782.87,2476948.14
239539,2539089.14,2712941.99,2728154.54,2495624.55,2528753.52,2625559.31,2610655.19,2618375.11,2667792.02,2489392.72,2443643.14,2653130.57,2683570.94,2723028.15,2506819.24,2657156.96,2637003.85,2607830.41,2674920.3,2669310.89,2561062.64,2319854.67,2491660.59,2786714.27
240539,1997527.27,2072837.03,2013506.18,2285592.7,2256379.62,1986412.8,2085979.14,2195828.76,2036558.54,2213347.12,2291067.58,2003778.83,2127788.41,2055009.89,2022455.37,2098254.8,2022572.05,2222033.16,2091562.94,2069805.49,2068747.22,2051706.79,2111621.83,2094629.28
241539,1239197.43,1356533.32,1297994.79,1347816.42,1564988.03,1357484.66,1372982.16,1367778.26,1448901.37,1312368.91,1362288.96,1377601.86,1360527.18,1419194.97,1419871.11,1225408.58,1297627.69,1312274.19,1305804.09,1343473.72,1390081.95,1294439.7,1387183.28,1404376.41
242539,1681116.37,1740103.12,1849180.39,1724316.54,1773329.01,1738645.62,1749650.59,1750377.73,1778797.88,1766611.15,1806864.81,1703489.24,1819585.94,1919892.93,1648402.08,1819728.06,1776687.01,1768703.93,1744276.33,1788133.76,1812183.62,1843958.72,1777691.68,1811203.72
243539,2347776.19,2604064.0,2510912.29,2298069.93,2323266.97,2762784.4,2669327.41,2417233.33,2469173.4,2365441.51,2385806.9,2446015.76,2406557.4,2423941.24,2448939.94,2626662.67,2291758.92,2361947.14,2386073.87,2440243.56,2226538.91,2540860.33,2413465.47,2453355.95
244539,2934481.21,2698962.12,2496508.79,2664423.6,2635027.7,2786969.08,2544833.01,2612233.43,2581949.0,2625508.17,2782849.59,2563666.7,2482322.08,2628192.65,2682778.15,2463915.3,2678044.88,2634407.62,2649492.88,2658014.71,2789188.28,2709074.13,3009032.33,2499911.15
245539,2021990.11,2072653.39,2166371.9,2178202.7,2213577.23,2282506.02,2084767.86,2051263.77,2113271.49,2173886.17,2258187.96,1952208.31,2172901.17,2157094.4,1798070.24,2282179.19,2161808.51,2349876.13,2367376.16,2137604.52,2041819.82,2126910.71,2160653.5,2236047.89
246540,767161.56,815474.71,861150.19,817280.55,830959.43,884363.39,883591.51,924490.11,791853.77,808015.55,770625.69,779687.62,837048.83,840217.5,763763.87,844554.16,859708.3,838747.07,904979.31,842017.94,751635.21,859225.41,879010.69,822394.37
247540,2322116.79,2084675.37,2383724.53,2256012.61,2226940.94,2188153.46,2272380.1,2269477.52,2127659.35,2171161.76,2320253.5,2262364.93,2356383.45,2041386.5,2261357.25,2303422.85,2214561.73,2282105.95,2137099.56,2322111.42,2189287.9,2160745.71,2263226.48,1948463.82
248539,2529648.3,2595069.2,2320446.35,2448412.29,2491292.0,2297614.8,2293592.29,2709297.81,2384396.81,2326825.81,2631181.97,2285378.42,2630903.6,2407583.37,2330760.24,2446320.78,2550255.01,2343115.62,2386533.61,2486320.01,2393121.59,2213275.83,2200529.37,2481866.74
249540,2407972.09,1967657.77,2416328.17,2339085.63,2161790.88,2155695.47,2065399.86,2464522.42,2417884.57,2354722.56,2260644.85,2418430.21,2223394.48,2338212.15,2268727.55,2427496.85,2411943.33,2310844.29,2482470.91,2226281.05,2301068.8,2383344.82,2373758.93,2335479.52
250540,1592706.04,1651998.17,1475657.98,1504532.64,1558006.99,1504921.45,1579469.42,1597586.34,1562867.55,1599902.26,1435135.9,1530186.96,1546259.34,1563582.64,1620890.67,1419027.62,1575268.01,1516974.75,1555251.45,1572718.14,1505653.44,1361566.46,1613093.99,1548446.9
251539,1082520.74,1020891.4,1015735.12,1025908.4,1007171.77,1054881.35,1067998.3,935563.67,1051639.45,1098527.48,1035043.43,1093011.03,1056916.56,1075489.43,1076703.78,1055036.5,1095584.28,1157799.88,1074476.16,1095297.75,982862.17,990785.63,1088550.06,1044668.53
252539,2252376.49,2191360.88,2198397.33,2074465.88,2021987.24,2101024.91,2083728.05,2142484.3,2312719.48,2174021.29,2194530.14,2396156.8,2168690.49,2271437.91,2126501.04,2033232.57,2310397.0,2239858.07,2317806.28,2285556.5,2196285.92,2215660.85,2036380.4,2179592.56
253539,1881638.28,1850150.93,1736356.21,1760186.68,1933424.39,1853414.94,1836288.66,1886577.18,1849283.21,2082773.76,1847302.23,1813152.03,1795512.93,1892119.81,1856833.15,1959284.4,1859729.07,1878474.38,1864168.14,1970546.44,1862842.86,2052894.58,1778897.0,1927600.09
254539,1016935.41,1070742.23,982548.78,911969.61,927481.35,911061.27,904563.82,1011277.51,979764.29,982871.09,970320.87,1002335.64,960453.78,1045804.01,966262.77,991860.59,1065567.16,1009773.17,955435.86,989994.39,945324.45,1032077.13,1025054.86,1098748.14
255539,1519328.57,1632063.02,1507986.03,1473484.88,1545795.55,1569202.57,1628235.02,1628610.87,1487104.32,1516677.58,1472868.84,1459062.81,1460069.48,1579661.79,1455212.69,1484458.93,1586482.33,1481394.57,1411437.8,1394039.89,1530619.01,1488491.79,1504095.32,1597858.68
256540,1268693.47,1195776.03,1224881.48,1307579.57,1182181.98,1218079.57,1328765.87,1294793.21,1297559.48,1209419.48,1187198.35,1288009.6,1325493.79,1266186.06,1268982.07,1317077.69,1178022.86,1268668.2,1285994.08,1278585.63,1125198.78,1404450.01,1346785.88,1199818.42
257540,2620765.23,2518230.81,2437480.1,2289960.97,2391678.24,2447992.84,2139142.66,2724857.4,2346504.06,2659295.55,2168500.07,2499357.84,2615795.18,2474743.99,2353604.47,2516190.27,2475492.57,2411188.36,2368663.47,2393545.36,2631602.59,2407352.3,2390919.27,2430792.95
258539,2517776.28,2325955.19,2441105.91,2194758.75,2370981.01,2362583.89,2433821.24,2358493.69,2173211.56,2313601.82,2384387.46,2319710.28,2285693.03,2532550.36,2415431.93,2482394.87,2195135.61,2341194.66,2637760.55,2568299.55,2315996.22,2456272.0,2577193.35,2271521.74
259539,1867119.62,1678637.2,1799454.36,1914492.64,1602665.7,1853405.98,1669470.91,1719051.59,1872842.22,1890776.51,1865209.81,2009802.84,1770092.48,1935187.27,1916748.34,1983051.59,1752017.19,1754016.46,1876159.64,1987172.98,1866419.8,1925763.57,1844406.13,1861985.39
260539,1307744.7,1559208.03,1362160.74,1428560.86,1434983.44,1310537.32,1453990.19,1476430.13,1475285.99,1320846.26,1494326.12,1454118.85,1503321.81,1436692.27,1476729.69,1390555.52,1409275.83,1363638.97,1343855.45,1383438.54,1312345.1,1445326.35,1404121.87,1439259.08
261539,957873.33,945666.28,892265.4,936039.71,868926.11,935791.02,923231.77,858936.73,902259.02,887638.58,921915.3,905773.75,857468.75,927094.4,856647.33,870245.5,948714.71,868789.36,836984.28,935914.15,827904.63,974737.24,935290.02,957658.39
262540,2451026.17,2600656.26,2251525.61,2510278.68,2529875.32,2334145.8,2564504.33,2263979.0,2664033.23,2447043.66,2614458.53,2482024.72,2465601.8,2535578.95,2411905.62,2552260.36,2380619.88,2442181.61,2529086.19,2122373.12,2491846.67,2158925.37,2449142.3,2460936.18
263540,1419110.95,1340024.98,1387224.54,1377430.18,1468443.45,1322310.08,1582647.88,1365225.41,1405884.95,1456662.79,1456487.37,1522205.09,1534519.58,1514312.9,1464613.15,1395923.01,1583291.18,1534738.86,1435828.59,1437897.54,1363789.27,1454769.29,1352157.74,1416503.78
264539,769181.88,771665.93,767256.71,830443.13,698498.87,830593.75,801761.59,792474.96,702009.43,843793.09,811542.49,762567.51,698753.32,822067.94,764745.97,648591.67,805107.35,768659.89,764900.16,778650.48,726447.6,782998.6,854581.38,789272.59
265539,743562.1,831293.73,870167.46,850158.03,874864.8,714542.91,816208.1,939848.84,813041.65,873983.6,824035.61,834181.66,803060.62,861232.65,826915.82,833633.76,809381.12,809318.76,850702.57,873456.8,840724.18,848982.57,854712.21,823337.69
266539,1440518.4,1402321.24,1533444.47,1504447.99,1582258.17,1522520.65,1432832.52,1437793.08,1461187.58,1506522.07,1643170.85,1401280.71,1519167.78,1571078.32,1466258.28,1571815.26,1432079.69,1455317.89,1608133.68,1511167.01,1422195.78,1555494.57,1576378.44,1445895.23
267539,1342558.68,1468417.2,1380575.1,1299642.99,1358911.74,1377266.43,1267666.64,1257938.63,1316728.34,1492972.07,1354129.02,1411755.83,1351718.15,1254859.84,1251365.88,1443779.08,1341909.85,1345261.64,1368310.58,1366393.28,1368146.35,1197595.85,1341048.9,1328162.79
268539,1457043.48,1386379.66,1365008.25,1329846.14,1365451.51,1557548.69,1359812.05,1355846.55,1384712.61,1360609.45,1263093.97,1200809.59,1290712.95,1238503.5,1325570.58,1414372.89,1389707.0,1357363.28,1335420.7,1339180.58,1345729.38,1298648.79,1394949.49,1240534.84
269539,1566055.45,1701048.88,1665432.58,1669882.64,1567120.68,1677720.94,1674412.95,1811764.52,1589992.37,1728569.64,1536017.08,1689989.05,1636058.98,1625471.25,1724243.16,1574118.21,1698841.04,1714836.32,1705337.57,1680774.2,1628636.3,1658237.12,1650991.4,1511362.85
270540,1461974.47,1492700.15,1474560.81,1501030.52,1453100.12,1468016.9,1590595.66,1485030.94,1461455.35,1527163.04,1484021.32,1447407.47,1503938.91,1447823.31,1518424.18,1543891.8,1602316.63,1496553.66,1453897.4,1338680.46,1437680.29,1334157.92,1497555.81,1520092.55
271539,1190642.5,1181323.17,1135465.66,1083394.83,1171995.6,1178426.3,1274278.55,1250897.87,1252403.27,1287075.59,1099125.29,1174384.78,1225625.25,1168414.35,1170621.53,1159120.93,1114704.32,1102331.16,1151351.12,1204546.3,1057912.59,1029838.09,1156598.96,1157172.39
272539,1819449.51,1777375.31,1720668.48,1811688.41,1672270.5,1761953.7,1823255.24,1859372.59,1846500.2,1812221.35,1864258.19,1914996.45,1729572.62,1732944.22,1874072.83,1915930.14,1832438.4,1887202.69,1756590.43,1845214.73,1847129.74,1970792.06,1991166.66,1725420.99
273539,1628043.58,1546680.72,1606127.15,1513760.27,1541962.16,1634585.35,1632845.72,1532515.24,1715015.15,1520130.04,1728878.7,1572636.98,1750118.69,1600646.69,1520618.72,1667160.62,1642182.36,1543130.69,1526344.66,1686727.02,1623647.35,1620232.69,1575586.69,1743210.26
274540,1418045.9,1505355.36,1502949.68,1454387.19,1456800.89,1369589.99,1566327.8,1380980.8,1596586.03,1557714.92,1465952.32,1410752.28,1452690.12,1560844.23,1487915.5,1619711.42,1475523.48,1534442.09,1556497.33,1571305.46,1426019.14,1517803.98,1450845.54,1568827.23
275539,1236914.28,1176936.55,1209243.7,1216006.04,1255868.79,1200288.6,1244831.86,1194168.95,1216238.96,1173139.59,1202092.61,1131466.41,1359976.95,1175693.78,1200381.95,1209174.49,1247394.74,1210339.68,1143013.77,1157795.58,1206137.87,1266738.48,1207711.05,1090881.29
276539,1323311.99,1207784.49,1317862.84,1344017.97,1163975.57,1263643.67,1318292.37,1239489.16,1159107.19,1197515.76,1245560.65,1138483.45,1253980.96,1150680.62,1221746.29,1182076.2,1179528.97,1223653.65,1260607.67,1226613.99,1279194.39,1283254.6,1344458.56,1291394.67
277540,848018.68,905571.36,955266.61,897020.61,830296.23,879178.85,879464.05,935047.01,825661.55,811880.64,876159.29,944192.24,901488.81,930728.84,900539.37,841363.41,887722.63,924282.16,912907.6,849240.62,852944.89,792655.81,895898.15,853697.95
278539,1551006.92,1475417.03,1561787.01,1483872.59,1577389.42,1634452.83,1579625.78,1676108.66,1628025.37,1634514.32,1700017.44,1696640.79,1685793.71,1612793.93,1624127.61,1575311.7,1540084.4,1597567.37,1651334.48,1725008.62,1571235.01,1502850.46,1606528.46,1568860.05
279539,1577289.63,1680518.16,1525795.68,1567779.0,1590954.54,1675285.87,1587615.02,1537154.58,1572034.34,1696633.22,1504172.43,1643151.46,1537550.64,1593308.6,1521830.13,1576263.38,1671401.88,1644619.12,1585372.36,1595240.81,1717829.67,1564343.27,1669889.51,1586284.18
280539,1439467.48,1466859.13,1349422.42,1361493.17,1351235.27,1414562.37,1385258.82,1375438.86,1363104.06,1439512.61,1417835.26,1339321.25,1384966.11,1421655.38,1360885.67,1437293.44,1403799.4,1485150.8,1467146.2,1307573.87,1332321.15,1367220.56,1391746.21,1395631.3
281539,1644369.68,1682038.44,1525568.54,1681545.21,1660575.95,1675244.55,1623045.79,1603503.31,1838803.54,1549596.04,1756706.73,1728588.82,1648306.25,1849487.11,1533366.98,1622033.73,1661897.36,1700323.92,1736121.54,1708580.62,1514794.4,1630751.34,1668134.23,1712670.91
282540,2251927.04,2317941.86,2127726.46,2278361.66,2194984.59,2232016.84,2379488.61,2229501.28,2140981.22,1985658.31,2113523.33,2273993.77,2391653.35,2203717.13,2250795.57,2337353.96,2396391.47,2475892.39,2365359.42,2299691.24,2098600.62,2244921.66,2408283.65,2348212.71
283540,1667237.0,1600923.44,1570798.18,1360286.18,1667038.67,1522543.75,1642959.68,1612653.1,1597054.5,1626797.22,1717878.6,1666042.78,1568536.25,1743918.69,1513564.08,1571548.18,1643815.66,1550186.17,1626400.88,1677510.73,1627874.36,1425905.49,1727557.01,1458595.63
284539,1677717.3,1706408.94,1444052.74,1665717.55,1670648.61,1517962.8,1588290.15,1579317.46,1598989.57,1555073.66,1542658.97,1522224.5,1498119.7,1667890.75,1495363.05,1513702.0,1561798.01,1620764.69,1588671.6,1491578.19,1588041.27,1280226.88,1463315.64,1530465.81
285539,1929376.12,1857785.11,1904629.94,1706357.57,1766304.21,1989200.6,1833661.73,1899045.83,1968043.39,1772286.33,1852965.81,2013265.9,1852053.89,1896677.84,1807327.59,2023401.63,1799920.26,1786276.38,1835069.09,1760465.94,1730116.31,1913619.95,1825928.37,1788047.06
286539,977049.32,829502.67,933152.43,895747.2,948392.37,870910.9,836313.32,960859.67,945624.06,931968.23,871362.19,916149.08,895416.51,794014.95,838095.91,905656.27,878755.74,878822.18,1019110.09,935225.65,880198.76,945726.5,838587.91,933052.36
287539,1989048.26,2263136.4,2149885.68,1869870.39,2124299.45,2150151.29,2149849.11,2141017.55,2175401.6,2297817.53,2154820.73,2278539.3,2039038.2,2107244.22,2029713.73,1995354.22,2274885.91,2202442.23,2171645.38,2216372.99,2011937.02,2184624.39,1886837.15,2121938.28
288540,2650697.84,2235820.75,2396617.09,2524090.9,2527148.53,2335294.06,2527727.14,2401952.72,2449819.61,2675978.21,2462766.18,2774381.99,2544569.2,2265320.8,2562861.29,2754781.48,2677954.47,2469097.07,2386722.89,2747693.2,2803520.51,2674097.19,2557068.05,2658028.21
289539,2618204.8,2591523.87,2566317.32,2482502.99,2470692.5,2650534.05,2787074.94,2622328.4,2612849.91,2425986.09,2524007.85,2470122.98,2492687.03,2543467.09,2601321.65,2753840.15,2611398.02,2688440.65,2373559.99,2648084.25,2689206.95,2443500.65,2437183.16,2596187.65
290539,2094297.54,1892050.28,2213464.73,2249573.41,2168579.81,2042201.73,2239833.64,2317680.01,2287888.0,2301028.97,2186619.85,2061167.45,2117093.69,2293625.33,2080573.29,2081602.83,2059241.63,1999249.52,2133633.34,2206421.3,2229527.63,2021799.96,2176291.56,2120428.99
291539,1249771.51,1246315.23,1261855.07,1292078.11,1141512.57,1216226.07,1225927.21,1279410.84,1371758.44,1179023.45,1288760.22,1231477.52,1150551.65,1146704.28,1199977.68,1177540.17,1215058.52,1220737.35,1221841.84,1192765.4,1202769.58,1254082.75,1245349.97,1203028.49
292539,1812239.78,1808854.86,1670837.46,1675476.05,1686530.64,1775348.3,1620395.12,1841556.72,1741056.73,1816985.49,1707993.02,1800655.34,1714340.07,1604123.87,1801002.94,1858508.22,1852116.92,1793630.34,1727758.01,1710295.39,1795147.06,1746617.84,1911136.9,1787391.95
293539,2403623.22,2554439.01,2744829.89,2433812.87,2742439.02,2607525.15,2206256.34,2618818.97,2409892.93,2555570.74,2558689.23,2476007.06,2628950.38,2662734.74,2299117.38,2413010.05,2603107.82,2234202.09,2768946.14,2504435.78,2598202.3,2400994.81,2512087.03,2526454.41
294539,2315403.69,2444720.41,2372040.99,2413600.82,2483765.67,2207055.85,2402033.27,2136393.21,2317402.69,2334768.28,2225939.11,2265979.68,2574455.09,2467395.39,2136949.72,2312423.71,2288678.15,2271886.31,2363282.14,2382142.08,2376085.31,2390206.86,2417865.24,2500265.59
295539,2437458.38,2366025.47,2346937.36,2379783.89,2530750.95,2565151.57,2382525.11,2188522.28,2145314.43,2193292.14,2157455.33,2304902.58,2314950.92,2218393.99,2241099.19,2470629.74,2330005.35,2426226.74,2393414.65,2403884.92,2400487.59,2158634.22,2553550.27,2215218.41
296539,1009616.84,1140443.58,1191832.96,1159720.51,1107918.85,1122317.73,1091326.48,1202016.61,1131678.99,1123666.89,1070763.24,1173447.24,1155958.49,1056727.55,1122768.8,1114881.08,1051373.58,1071974.9,1074617.3,1091168.16,995907.09,1079078.38,1124679.62,1094761.2
297539,1636894.77,1638114.12,1604546.41,1616640.21,1640973.67,1662861.45,1589924.2,1811854.0,1596402.98,1609924.83,1597364.03,1607249.72,1490793.99,1492735.91,1666808.7,1709904.78,1532573.77,1677088.92,1569960.48,1693948.16,1595110.56,1621292.69,1813445.89,1551657.01
298540,2588980.78,2524734.6,2517374.99,2463757.04,2470631.29,2710136.03,2683026.56,2469984.92,2411052.9,2438362.64,2577945.65,2556294.72,2717349.52,2393446.49,2529707.92,2460381.54,2615986.96,2634558.9,2734998.02,2441855.34,2542455.16,2817481.49,2381295.46,2453544.81
299539,2585793.85,2497848.29,2584295.25,2596719.43,2552793.84,2165148.96,2480986.77,2575389.72,2397062.27,2624190.66,2553620.32,2557732.25,2535112.14,2524125.65,2496482.86,2671662.6,2558452.91,2453612.5,2633657.94,2878770.79,2493947.08,2770564.49,2392634.23,2668421.09
300539,2551815.4,2610929.95,2560052.8,2720988.22,2593316.28,2534919.18,2423573.19,2580737.72,2439007.77,2516195.0,2522449.92,2476580.2,2529928.09,2533965.07,2669595.69,2613937.46,2574205.88,2453255.36,2478952.91,2473904.01,2310486.38,2680825.98,2613903.37,2736836.13
301539,1346810.94,1467907.57,1598449.56,1480414.48,1365238.04,1449192.75,1371387.2,1284361.75,1473693.85,1374212.69,1558216.58,1320595.21,1496362.08,1306799.47,1421348.2,1415735.7,1482946.54,1500465.88,1240939.86,1466140.49,1420194.62,1499680.27,1316556.93,1381575.78
302540,1257677.87,1293744.63,1192003.55,1250436.38,1260256.19,1304780.35,1132856.98,1190468.16,1286857.35,1250168.84,1266507.15,1163493.53,1186328.17,1297160.6,1315544.18,1190405.17,1259872.43,1160947.66,1232849.17,1196390.07,1238281.93,1301937.96,1169652.03,1152202.38
303539,2572378.51,2309779.84,2682115.16,2506067.38,2417540.52,2169898.27,2310909.17,2468167.0,2531945.09,2456737.25,2436740.06,2545873.74,2468114.32,2415732.35,2317424.33,2431493.74,2314547.02,2411207.82,2581119.59,2452154.87,2707709.71,2521950.31,2534646.79,2543047.98
304539,2770178.28,2689758.76,2560338.42,2932557.87,2591706.89,2949119.3,2799044.04,2786298.27,2723475.5,2447184.11,2785033.65,2852642.34,2811140.57,2988177.88,2845754.53,2729451.84,2705088.43,2871566.84,2996165.78,2772057.19,2870182.02,2813550.83,2836905.79,2509515.13
305539,3280400.93,3058107.75,3135248.44,3074187.98,3138997.5,3052436.76,3333223.71,2965013.32,3378920.05,2968353.89,3062059.43,3201931.67,3142661.56,2911807.74,3098319.66,3207564.25,3238077.6,3157845.62,3122108.28,2933654.49,2906716.29,3120891.73,2981236.78,3005686.5
306540,2289008.71,2189647.77,2411205.59,2010003.22,2399712.83,2263056.85,2292881.38,2084509.2,2146512.58,2108076.42,2205476.19,2123491.31,2343733.41,2142213.63,2299071.0,2257587.01,2249805.76,2299203.43,2191728.06,2259536.06,2290618.84,2329774.43,2221528.0,2176831.3
307539,1286848.15,1374619.05,1441167.17,1405975.35,1559754.67,1479749.86,1367553.57,1445438.7,1448963.57,1424163.1,1429202.41,1429713.79,1505524.51,1480523.61,1514958.13,1521828.47,1464276.71,1427506.81,1491444.68,1559414.38,1336262.53,1550460.36,1530431.34,1472973.14
308539,2403030.23,2278816.04,2263695.41,2186314.28,2156538.76,2097622.19,2112023.56,2212641.14,2416467.58,2284553.02,2425189.0,1985731.46,2112989.21,2171275.06,2138569.21,2255422.11,2369162.97,2263999.98,2513700.42,2195401.03,2349576.95,2233365.63,2284724.17,2187565.19
309539,2297901.97,2474560.1,2262867.06,2436244.86,2531151.41,2533072.61,2261498.26,2391475.14,2324349.9,2636162.03,2398801.17,2310669.78,2491282.99,2442439.58,2459756.39,2241217.59,2257990.89,2568551.7,2414610.57,2504696.9,2603029.22,2460199.75,2497978.6,2248531.19
310539,2501797.24,2619552.84,2412863.24,2333198.03,2512314.1,2623232.92,2400917.0,2553843.74,2471688.23,2482912.52,2605305.75,2198478.92,2689573.77,2444771.97,2323693.46,2622097.39,2601927.04,2532161.11,2288857.42,2540341.71,2507929.25,2605474.11,2571746.27,2749564.2
311539,1266668.75,1232761.58,1473286.17,1264251.34,1298568.64,1204859.24,1343407.13,1272977.0,1272413.8,1258075.88,1360272.41,1421365.88,1215076.12,1430339.78,1245617.66,1140117.59,1317617.23,1218959.9,1432594.89,1313099.14,1278188.76,1307145.8,1338181.71,1290496.01
312539,1270588.27,1235563.24,1371857.49,1292624.88,1368804.24,1232784.17,1346040.7,1427632.88,1279911.07,1208107.01,1363281.29,1359373.44,1274616.89,1423864.83,1339652.78,1468149.72,1401469.05,1279111.72,1435941.12,1262036.34,1269279.36,1425178.7,1436385.33,1327298.2
313539,2562480.73,2617403.31,2265190.68,2605092.61,2340969.99,2344664.32,2327433.2,2441519.92,2364344.7,2467442.25,2753393.6,2353961.07,2536865.83,2633787.93,2513273.64,2508344.78,2394580.02,2418679.64,2473149.9,2400562.65,2751018.81,2683120.9,2378417.3,2556718.82
314539,2386908.12,2542955.51,2472266.23,2449771.83,2577295.44,2531746.82,2729693.25,2681414.83,2419777.22,2540284.88,2533623.76,2700147.47,2334553.06,2432153.26,2491288.22,2662346.91,2580208.07,2607560.44,2545484.84,2766610.18,2428911.83,2492772.01,2362222.68,2671021.13
315539,2426159.69,2538426.62,2508232.72,2492006.53,2664170.81,2538582.1,2684640.52,2667267.78,2492932.89,2510094.95,2578484.43,2619504.88,2794425.82,2455530.94,2727186.86,2685129.54,2720995.43,2653428.22,2403545.78,2604241.48,2572885.08,2246090.51,2570195.71,2701339.27
316539,1411551.44,1246963.72,1374227.87,1478536.8,1385238.08,1511094.2,1289573.79,1404101.85,1324395.84,1309661.99,1275696.0,1472165.45,1430254.73,1441099.57,1423334.57,1345438.31,1378635.79,1382867.48,1224030.21,1436723.9,1467682.72,1503167.44,1505960.64,1345502.9
317539,1278192.19,1293764.43,1360386.55,1307609.89,1355248.79,1243718.88,1380124.09,1284585.63,1192870.51,1318931.62,1235622.79,1371368.88,1354619.57,1205868.41,1302600.8,1325858.86,1277249.46,1295978.81,1321208.0,1285372.43,1208901.68,1372048.32,1309041.78,1156331.73
318539,2402401.26,2574601.76,2619174.63,2831583.86,2721806.78,2458480.08,2722580.25,2958763.22,2383686.74,2555654.52,2594984.52,2628831.96,2649676.37,2553121.85,2509337.03,2505497.16,2654355.49,2668298.7,2951812.37,2560645.9,2610067.74,2740820.71,2360399.87,2820632.09
319539,2472566.54,2368076.24,2415002.46,2567527.12,2616775.48,2667995.35,2344057.84,2314486.69,2643535.18,2533058.95,2422828.06,2290927.56,2546825.49,2453214.17,2534018.11,2586050.34,2438081.23,2603072.74,2433647.69,2704025.26,2584367.72,2530586.54,2272874.1,2556693.03
320540,2650300.43,2725314.81,2552566.51,2666732.17,2731141.65,2851713.06,2729531.37,2922011.18,2664773.35,2662273.67,2732489.44,2654423.27,2444983.52,2823003.79,2984010.25,2606811.88,2814808.03,2686026.31,2621200.62,2759099.44,2477858.75,2729062.7,2411174.66,2480155.0
321539,1356402.53,1398585.97,1353038.71,1457574.3,1299045.69,1406299.62,1419446.75,1412532.26,1426325.63,1381281.61,1496454.96,1317311.08,1358702.06,1388907.99,1321213.26,1353226.91,1380593.29,1347229.6,1271636.08,1443740.84,1440565.43,1271809.87,1336704.67,1383446.26
322539,1521140.83,1509558.3,1548900.05,1588845.95,1460752.14,1521352.15,1504566.75,1454635.62,1538338.42,1396466.62,1474440.25,1486964.63,1471853.87,1539750.24,1555311.81,1463576.09,1597269.21,1421090.32,1447959.7,1497900.37,1536404.39,1359194.39,1423096.43,1475216.73
323539,2330041.65,2462010.64,2513343.43,2257641.99,2273770.5,2566638.51,2557271.21,2345569.44,2472490.44,2374760.67,2392266.63,2619374.23,2405394.66,2510029.64,2483500.05,2408352.53,2251179.6,2269767.86,2376018.13,2447107.22,2224582.91,2337637.2,2434128.41,2281931.8
324539,2356278.15,2810948.42,2449756.2,2459167.43,2591583.3,2400223.71,2646548.81,2579049.26,2524222.8,2439743.7,2621126.94,2580818.16,2592594.27,2550744.18,2654021.79,2689448.82,2496753.02,2355494.52,2304163.4,2708704.35,2286707.49,2508423.85,2487705.2,2507557.29
325539,2747795.7,2609370.68,2655816.75,2564594.39,2625926.89,2431118.41,2456625.13,2721336.69,2464432.17,2582749.81,2363519.69,2541143.76,2405953.0,2452138.61,2724044.0,2620486.98,2580392.24,2452356.83,2444611.31,2501911.8,2579822.2,2628096.93,2452221.36,2619447.99
326539,1528477.5,1502508.86,1568757.79,1693838.25,1604018.1,1596354.62,1580498.9,1560642.93,1598613.09,1684531.98,1669709.69,1483023.71,1475693.54,1673101.35,1577776.88,1398661.04,1659445.55,1620403.91,1494525.35,1458438.46,1433164.62,1552636.04,1491001.6,1568920.73
327539,594379.37,579004.71,533203.89,556137.1,589437.49,558636.26,536765.36,556378.25,536860.16,560969.03,569830.34,606182.46,567816.34,523037.64,576517.87,556396.87,523491.12,563878.92,542020.63,558146.34,556715.86,596838.74,581864.61,578240.63
328539,1385965.9,1355114.89,1335197.04,1426690.22,1536028.08,1524727.5,1306053.91,1310439.37,1370503.45,1454141.5,1333317.28,1452422.78,1305760.57,1577169.75,1321678.77,1340309.75,1335243.55,1462940.65,1490720.77,1343612.83,1492056.1,1442455.36,1421669.86,1349934.93
329539,2574659.96,2625045.95,2479331.18,2606748.65,2493471.32,2431954.16,2489573.1,2709033.45,2746416.87,2612298.51,2475767.15,2548202.38,2580310.34,2733977.91,2543953.28,2546023.42,2627460.49,2375917.43,2717752.22,2690475.88,2682438.39,2684584.41,2693394.46,2796495.99
330539,2338784.23,2687203.71,2557984.77,2393147.42,2566800.78,2568613.53,2531265.74,2459381.06,2521999.68,2620204.17,2563615.23,2776362.99,2771064.94,2716238.81,2515483.06,2440457.26,2347862.14,2493865.8,2601885.73,2716899.75,2572707.66,2597541.69,2355300.02,2425627.73
331540,1507577.14,1709569.68,1596959.34,1621022.17,1628066.1,1593251.65,1760943.59,1668454.81,1661591.92,1593111.06,1572306.84,1634163.8,1588115.79,1639863.39,1543280.46,1622251.31,1587403.19,1555220.87,1636032.19,1575243.46,1629006.19,1424850.18,1631369.92,1575475.14
332539,1528635.27,1589242.29,1496596.06,1578012.95,1446420.89,1547602.64,1469169.12,1452239.15,1550531.05,1388588.52,1574339.12,1487453.59,1342398.93,1389595.3,1606882.67,1576364.79,1567961.06,1469516.46,1502558.65,1452537.07,1515341.75,1505769.68,1399169.29,1548309.29
333540,2504555.49,2729142.31,2493739.3,2445467.57,2758643.6,2759972.24,2668218.78,2762201.12,2710217.12,2794743.03,2853080.14,2716095.61,2729433.06,2702470.6,2285815.82,2732643.82,2677992.92,2692720.4,2882788.95,2658541.93,2851295.76,2781572.08,2586434.39,2810771.27
334539,2472465.5,2785224.97,2641600.07,2652072.33,2695674.36,2830829.35,2825058.59,2646499.18,2659588.98,2671536.09,2715511.24,2636362.54,2667334.93,2912000.38,2687905.88,2551150.4,2651529.18,2518325.5,2585997.05,2922056.79,2650983.09,2587113.71,2451667.87,2706756.27
335539,2906502.88,3004749.11,2639746.04,2695007.09,2609953.87,2704539.06,2802095.98,2846697.87,2631164.87,2709767.23,2718039.0,2756524.69,2835093.13,2929461.54,2629667.63,2791044.74,2498434.71,2833999.86,2746446.26,2673392.15,2836603.28,2795915.85,2782032.24,2698217.74
336540,1631784.18,1607318.04,1651268.22,1545651.29,1467331.66,1519008.4,1603850.67,1606710.93,1525966.28,1660381.35,1685722.06,1627211.84,1507604.16,1566587.09,1537513.41,1498815.48,1410797.61,1463131.41,1583804.18,1590972.76,1605513.1,1386819.09,1486864.69,1507162.82
337539,1253804.02,1106149.7,1060398.57,1137751.36,1150462.22,1072671.99,1119754.39,1155289.26,1208137.35,1015645.14,1167171.55,1160871.73,1131515.51,1107494.42,1122098.42,1164258.25,1089241.29,1128597.65,1046566.44,1054377.8,1111664.78,1152754.64,1048715.29,1041780.97
338539,2554639.75,2608927.25,2514127.56,2741995.72,2607349.13,2680885.27,2503636.59,2541174.13,2881601.98,2891545.73,2625276.76,2644433.82,2555782.06,2699902.85,2521959.69,2789832.45,2602321.46,2511183.97,2477849.75,2540037.28,2562064.59,2524650.22,2582266.81,2546373.15
339539,2594188.57,2553252.34,2699530.03,2688288.25,2686703.07,2685452.01,2335954.04,2597447.25,2506543.63,2510105.83,2596278.23,2746164.9,2505417.78,2535842.47,2780781.98,2555363.7,2819152.85,2514733.66,2854074.36,2706412.13,2605600.11,2694784.91,2541566.6,2710688.75
340539,2749863.91,2826768.81,2765649.95,2684301.79,2442905.15,3054953.66,2982834.52,2808373.01,2453681.91,2744685.9,2871525.47,2979869.8,2669672.27,2948184.54,2806541.78,2728631.81,2849481.16,2783428.23,2759734.42,3115738.46,2708440.83,2663848.09,2817910.34,2762882.13
341539,1785843.03,1828573.8,1786718.42,1717794.92,1881071.39,1859902.64,1887338.31,1866285.37,1745970.69,1759602.44,1792781.92,1870824.35,1896744.36,1734451.78,1976418.87,1852962.0,1702398.84,1680931.93,1892516.95,1884966.96,1721068.81,1645937.42,1713634.59,1847823.85
342539,1341970.27,1144868.31,1277989.08,1286394.39,1175348.3,1365555.09,1195899.68,1278420.69,1322414.74,1290029.1,1300694.43,1258662.36,1126740.58,1265753.0,1168536.49,1295552.39,1293943.6,1137126.71,1254200.3,1237747.06,1198241.35,1221197.59,1306038.94,1184640.42
343539,2090431.8,2365914.29,2213043.02,2385051.99,2235642.22,2426051.42,2128306.76,2225012.6,2337530.49,2426944.87,2371989.31,2590331.28,2328690.42,2228781.95,2325855.8,2014960.12,2218205.35,2370805.97,2184765.32,2167512.64,2231730.21,2365379.75,2350266.79,2368248.07
344540,2874976.74,2567117.2,2659913.54,2597575.46,2587660.65,2548066.26,2789481.75,2689289.72,2640355.19,2749589.71,2534829.06,2885259.43,2399097.77,2616923.62,2434745.63,2435082.56,2678823.54,2884888.31,2512270.78,2786768.87,2708699.63,2790141.4,2660194.33,2693211.81
345539,1923658.47,1740921.22,1779752.96,1773686.75,1707997.71,1772711.96,1636398.6,1736487.29,2066822.38,1678485.3,1882753.31,1862379.52,1708874.39,1848561.38,1730249.75,1645893.88,1687854.6,1734535.74,1919245.53,1684425.69,1839692.79,1784533.1,1679871.53,1707038.31
346539,1133235.97,1048404.84,1075810.47,1029919.4,1136212.51,996695.87,1042779.47,1134294.23,1086303.02,1027529.22,1054218.17,1171177.1,1060814.66,1174882.64,1040503.62,1065886.19,1124087.0,1038030.57,1125147.91,1054907.34,1089240.27,1076398.46,945659.83,1078881.64
347540,1121062.86,1191900.69,1121512.11,1196006.65,982316.99,1121488.74,1128926.54,1072711.19,1140606.4,1131641.27,1062843.72,1168351.93,1185258.0,1239735.45,1145708.48,1109934.09,1103273.54,1128959.11,1070664.77,1102804.42,1123746.11,1087651.49,1129052.7,993963.92
348540,1648861.5,1594117.88,1699027.71,1570021.58,1615953.65,1721980.58,1702159.64,1717320.45,1602670.55,1668157.06,1520022.63,1815070.77,1730968.54,1588646.65,1830417.4,1594810.55,1644865.43,1704012.0,1614412.56,1575848.5,1641431.23,1541889.21,1614403.73,1712554.58
349540,820719.21,853955.94,1005589.75,832006.1,974683.74,897341.47,862844.53,916665.6,936871.05,916273.13,914358.25,911409.0,920495.28,868572.49,932128.72,952503.44,922597.9,909712.02,889705.88,912854.24,961002.14,859479.3,823864.72,887368.36
350539,1307578.67,1277324.69,1283720.55,1285675.9,1290242.74,1221522.63,1150088.33,1342864.66,1248367.83,1352053.19,1279399.0,1453467.09,1398861.66,1284942.39,1457603.25,1309839.3,1433386.9,1228972.3,1377018.45,1429935.69,1333993.68,1340378.91,1275552.56,1255114.49
351539,1494646.22,1544739.63,1504258.92,1506860.6,1477275.74,1647898.17,1475542.5,1699637.46,1509765.51,1405952.62,1667401.73,1404176.97,1543171.35,1595115.78,1483872.19,1526184.54,1467852.45,1583103.99,1450643.27,1488382.18,1533455.34,1599335.01,1609788.28,1595732.68
352539,1773404.29,1835447.04,1565818.82,1717832.78,1744658.36,1775954.95,1832525.3,1840071.69,1773579.23,1808444.36,1795076.16,1758426.17,1782248.1,1822649.03,1608127.03,1721458.38,1854085.76,1674107.96,1687665.49,1855419.4,1834432.6,1657515.39,1620194.45,1735986.74
353540,2857209.31,2984679.48,2772204.85,2709545.01,2686319.67,2850366.76,2832861.63,2897443.9,2620721.25,2735773.69,2863951.63,2973673.4,2721382.19,3077037.52,2713875.2,2678269.09,2964721.16,2657110.67,2721909.42,2875674.37,2936236.45,2732307.16,2716590.93,2815138.92
354540,1953578.04,1893383.48,1621692.09,1779756.04,1739380.26,1841574.17,1730170.19,2000957.39,1849043.02,1765076.88,1831929.77,1818747.18,1796548.12,1917171.05,1954674.16,1736657.86,1733094.38,1739886.28,1759253.26,1711006.6,1769802.1,1878936.09,1723118.4,1706382.08
355539,1346124.66,1257986.58,1280611.83,1372181.05,1295042.27,1382622.69,1324657.99,1397940.61,1283267.75,1283767.28,1306800.77,1280166.04,1366504.56,1223162.25,1289903.11,1394400.96,1406518.49,1336442.08,1260586.31,1331096.3,1268431.62,1343263.62,1385035.51,1286553.51
356539,834458.54,720345.87,715781.08,744809.39,777449.7,743869.94,817342.25,742317.54,710689.76,716462.08,711407.78,764667.13,698861.5,689633.84,737523.92,690393.82,646278.19,745762.41,745525.4,715237.13,745514.11,740331.73,724848.01,788006.23
357540,788190.77,778553.93,690159.95,701887.66,702257.66,717707.58,688888.81,739458.9,773999.09,721986.28,713638.59,723402.91,765057.32,686562.24,750516.2,700568.3,736841.28,733952.99,771515.43,783591.44,731875.27,777257.22,654628.6,747798.15
358540,1339109.74,1313590.8,1451262.17,1320599.75,1324918.95,1242884.01,1365293.62,1363625.47,1232410.91,1326004.07,1283806.97,1242740.2,1329826.88,1340234.24,1412166.91,1363786.27,1347167.77,1290523.8,1324698.08,1346587.96,1448445.9,1198851.48,1351475.51,1363610.68
359539,1472565.97,1470003.13,1466559.72,1520230.79,1496576.58,1596036.68,1565405.05,1489254.62,1518761.18,1507947.63,1453522.81,1604282.33,1523718.06,1504466.96,1448237.76,1513703.03,1569578.46,1514219.15,1524621.56,1576269.81,1513086.45,1413997.33,1504033.26,1479281.48
360539,1412421.22,1339200.18,1500592.79,1380722.96,1366986.16,1334078.53,1364355.48,1356805.8,1267093.59,1482407.47,1338563.23,1306258.85,1400374.56,1284819.93,1298009.42,1391276.5,1388049.0,1487294.75,1319146.89,1364100.6,1358078.1,1244393.64,1359074.59,1247275.07
361539,1208074.17,1324294.78,1252348.5,1177949.85,1388524.22,1302995.59,1299259.26,1260071.48,1261364.92,1205445.1,1220667.64,1271462.03,1276364.88,1237420.08,1291153.11,1327634.04,1252025.85,1233800.72,1153463.28,1266040.41,1245650.26,1342610.74,1195044.85,1200821.6
362539,1611836.52,1537110.85,1589207.72,1639781.14,1585297.55,1707464.92,1684409.0,1641268.31,1782463.32,1639510.12,1612583.34,1673769.8,1524166.24,1691572.87,1675825.74,1584253.91,1491247.27,1546603.18,1628409.61,1630951.45,1705340.74,1819242.57,1693809.94,1633766.51
363539,1621195.11,1603597.5,1639098.96,1640308.28,1493860.25,1464256.64,1441311.19,1557257.09,1555356.58,1649613.26,1619367.88,1553020.94,1612376.29,1487290.48,1524265.26,1670836.17,1429286.53,1466333.98,1619688.64,1521306.05,1553479.25,1732341.99,1669643.08,1524383.52
