0,0.0,0.0,0.0,0.0,0.0,0.0,0.0,0.0,0.0,0.0,0.0,0.0,0.0,0.0,0.0,0.0,0.0,0.0,0.0,0.0,0.0,0.0,0.0,0.0
155,586063.98,586165.16,568423.64,598792.45,509526.49,566717.58,571227.85,505591.23,550310.65,569418.15,516253.46,578658.94,517766.32,568900.39,527479.93,571146.76,553492.08,565172.77,630232.48,585580.83,534057.09,513083.44,590533.19,530813.8
1154,607149.06,600638.29,632207.53,624340.17,619595.67,608050.24,594597.68,605344.16,588000.16,588172.9,575219.76,582319.77,599068.88,613514.23,639499.0,595261.38,588222.54,605660.8,619211.55,624905.49,617160.7,596918.51,641517.59,634445.61
2155,477753.67,445585.84,461765.28,522606.33,521211.12,495962.76,506796.54,504849.9,505005.03,515192.51,454883.81,467737.59,476901.22,469478.32,479192.73,484480.7,477099.28,473220.83,415323.09,456834.31,464276.65,528863.92,492943.15,493873.2
3154,897892.63,789343.69,814721.63,782223.65,923952.42,905762.75,794104.16,795026.59,797823.5,820959.97,755235.28,802375.31,852079.71,856061.9,836096.07,838224.11,825260.14,796207.08,899881.21,825903.67,822583.73,817862.2,842897.84,798413.58
4154,1813647.41,1791763.01,1901864.03,1744366.79,1947275.94,1859345.46,1775082.21,1953869.26,1966600.48,1765241.16,1750793.06,2032854.53,1869024.12,1950791.46,2063844.57,1934423.47,1693935.18,1975361.16,1930973.12,1790875.95,1747957.33,1866746.75,1972946.06,1745528.12
5155,1125583.4,1175810.14,1171538.55,1211717.73,1188536.07,1261061.2,1226862.96,1156606.88,1063624.56,1194001.13,1103080.9,1152942.43,1143013.42,1213854.26,1308258.91,1244211.3,1118423.79,1164328.1,1246329.78,1269459.46,1261486.28,1243010.27,1138352.83,1237385.73
6154,1085278.78,1026139.71,1061715.45,963464.49,1064189.26,1015174.48,1040326.76,1102281.01,1002950.85,1080483.4,1081140.19,1178456.73,959660.7,1056799.11,1126449.53,1094315.01,1139888.01,986349.26,1080260.51,1038846.83,1010070.4,1030255.71,1034329.29,1110646.07
7154,566962.6,593171.32,535598.0,546680.47,572339.2,535239.55,556858.53,592455.42,551092.84,522223.84,579049.58,553671.63,563187.47,539611.28,619949.86,571169.91,534143.82,559563.16,568216.26,562246.23,550089.36,554977.55,557207.61,578813.41
8154,409790.89,424436.91,425748.01,455667.54,429548.66,422249.03,397568.23,408867.75,409540.16,420108.25,416799.72,412669.77,405909.07,386101.24,411164.03,405418.37,411049.69,420087.57,406679.73,444106.38,409962.43,389868.63,408240.05,388233.1
9154,1674875.04,1649932.13,1600160.58,1697549.23,1523524.04,1611912.03,1585392.47,1482068.0,1543630.03,1621005.33,1708390.31,1639649.49,1638846.3,1536273.01,1471384.14,1636247.84,1688023.4,1562731.36,1639608.77,1589375.71,1735397.84,1650045.34,1626935.07,1460249.41
10154,1733890.27,1670097.94,1748352.62,1623389.42,1625384.42,1679797.49,1653665.35,1720865.5,1908576.76,1794590.28,1753953.99,1714378.6,1543588.37,1805868.65,1887415.89,1615895.52,1712545.28,1674936.74,1581713.99,1601820.69,1705957.41,1597378.33,1668217.06,1715258.04
11154,1291070.33,1197801.16,1332910.25,1232253.74,1161409.87,1272516.16,1168611.28,1220925.05,1229682.45,1138243.39,1176637.15,1163512.46,1200911.0,1201984.05,1203005.33,1210248.29,1164707.92,1219701.37,1138092.86,1145082.04,1183536.39,1245754.68,1168970.85,1239781.31
12154,1636127.87,1575796.3,1430034.8,1524109.13,1416188.27,1544225.12,1553860.7,1467950.46,1519215.15,1348726.74,1345658.24,1636076.91,1543750.46,1408740.39,1624215.01,1569030.35,1585533.14,1548565.58,1591633.19,1395207.58,1622260.34,1449985.87,1513052.32,1596661.06
13154,1268027.79,1146615.33,1234524.32,1196963.96,1316555.4,1321290.23,1053031.83,1163432.79,1213741.61,1227944.2,1229814.11,1285767.54,1190270.67,1125191.38,1089356.58,1147765.72,1325496.56,1297396.41,1228055.87,1235841.04,1253420.85,1117112.99,1175099.28,1160596.64
14154,1632905.35,1689174.72,1616329.38,1567845.7,1705913.85,1658728.79,1598845.89,1661064.88,1794510.28,1683356.04,1638191.53,1648057.02,1657541.96,1734568.25,1828569.43,1633341.88,1587017.57,1640823.31,1684533.38,1694594.88,1835054.32,1674741.0,1733664.12,1699277.3
15155,1619390.18,1688226.25,1536096.83,1577790.35,1593414.22,1522983.39,1552247.73,1575736.51,1526359.99,1613179.13,1422224.26,1431957.94,1678489.54,1604750.77,1686108.11,1552458.47,1681256.29,1688127.18,1637271.29,1543940.86,1589990.19,1672188.48,1677890.45,1776653.15
16154,1687319.87,1671924.91,1612021.82,1622241.95,1753570.34,1697892.24,1494919.79,1740564.68,1825503.11,1750962.92,1766737.17,1705329.46,1728230.02,1516999.74,1806691.62,1735341.69,1738719.75,1733661.94,1672240.66,1740111.07,1608234.61,1687352.63,1781879.28,1705387.5
17154,1428083.12,1427202.3,1455617.1,1219023.6,1504017.36,1555754.8,1506923.91,1520044.22,1345309.93,1280744.61,1256943.53,1517059.56,1340474.67,1496821.23,1436006.97,1502963.02,1421510.52,1572466.89,1364648.23,1373189.46,1555421.91,1452144.27,1590512.21,1462955.7
18154,1072540.34,1204466.29,1145542.64,1198594.73,1308459.3,1113458.76,1079082.69,1296113.97,1152014.36,1175192.61,1233450.01,1130888.05,1056172.89,1183153.04,1127884.5,1079313.55,1084814.4,1121837.68,1174357.45,1194617.03,1072849.67,1087358.87,1160719.47,1181863.53
19154,1873322.65,1999185.68,1934613.56,1717913.18,1769185.82,2031031.25,1950508.25,1860942.31,1880825.84,2001596.48,2021417.24,1802704.98,1922382.6,2119436.62,2037156.03,1993212.74,1979159.42,2097761.49,1892948.17,1919511.49,2021998.94,2061212.88,1977502.8,1990185.1
20154,1609985.91,1616488.71,1516155.23,1555187.02,1415168.46,1495615.21,1392331.85,1461484.94,1498211.82,1536369.15,1432900.32,1521087.55,1441329.05,1485910.26,1470357.8,1565273.86,1613910.64,1526210.06,1378692.71,1393940.27,1373269.44,1461215.97,1524047.99,1472988.75
21155,1088089.93,1116598.67,1090708.32,1196860.8,974759.24,1081981.48,1034383.2,1078615.15,1050920.55,1053181.88,974042.51,1019931.54,1060872.86,1115807.91,1129628.63,1075892.44,1063961.2,1094592.18,1130810.27,988457.58,1069532.23,1055103.54,1116178.58,1094231.15
22154,1318489.22,1366718.22,1398899.55,1424576.65,1359110.85,1385898.03,1336333.12,1343935.91,1412379.24,1195680.01,1516478.92,1400733.75,1477921.79,1369823.15,1333174.08,1402196.7,1350636.95,1414725.0,1451458.22,1349948.86,1375904.08,1344406.9,1327416.14,1305745.77
23154,919686.93,931755.49,909919.0,967869.93,923536.73,1018341.03,1005039.32,906447.97,968656.82,934935.62,948603.76,1003383.55,962378.63,970205.44,884907.37,936463.95,907105.18,1008487.14,1007677.02,932779.97,940659.68,1078349.66,818005.31,1001389.59
24154,368573.09,383686.37,369238.61,369782.85,352985.26,365781.11,350712.55,336362.14,387393.13,376908.56,346665.57,386568.69,360389.92,347542.81,383971.24,341487.18,357533.82,358856.12,335751.08,352768.29,349561.89,369538.8,376003.32,349972.27
25154,577025.56,605173.1,596278.6,620390.15,633136.58,626615.01,628125.07,623845.2,571046.98,540734.86,656686.89,598872.96,651892.85,607352.83,607813.14,553025.57,575417.91,584900.61,587092.2,613418.42,647559.02,621556.95,602035.65,642312.01
26154,1461980.74,1356008.12,1361049.73,1423991.22,1242597.18,1476124.28,1483613.29,1414139.83,1362987.59,1356823.42,1423342.08,1354446.86,1414635.8,1235052.26,1358253.84,1352132.65,1288368.78,1498407.31,1274138.3,1395394.27,1379051.31,1306318.38,1376673.3,1386379.8
27154,979336.62,916876.98,949935.24,932418.27,879503.64,971399.94,933639.45,930609.01,998227.69,953263.39,939078.27,932798.7,959588.4,883231.71,974723.98,856991.02,1056336.05,991701.99,923587.01,845623.55,949554.3,911430.08,896645.75,909421.86
28155,943957.88,906446.91,859592.76,901624.9,973932.86,875935.14,906972.09,992951.74,943183.84,934086.12,893920.73,812822.26,920769.5,866313.08,943105.8,941034.01,1008658.02,1010189.02,946979.5,827067.07,927890.71,920175.09,884861.57,941077.46
29154,1209795.15,1110776.87,1306089.53,1171394.39,1131270.19,1201552.79,1181371.0,1165369.78,1158568.97,1199183.98,1102911.65,1231634.8,1207367.68,1122895.33,1168573.95,1137559.59,1209064.63,1122889.33,1125458.27,1114098.51,1101594.51,1133628.74,1134075.67,1159490.34
30154,915531.17,832530.6,974335.0,964563.21,915067.06,910303.41,945794.12,949132.94,923261.33,965198.93,983197.12,929375.35,910069.75,974236.98,925806.75,979620.48,903857.62,919364.79,906484.85,876991.36,913154.85,844754.34,966091.8,917106.3
31154,660472.35,616732.33,638400.58,631674.94,680712.78,643564.19,676491.64,675624.63,691606.57,659268.38,675328.24,716738.8,664800.52,656091.4,695370.48,681735.02,698904.46,638029.65,652443.98,689038.61,637922.08,633845.9,681283.44,639950.06
32154,695689.37,707903.94,682821.97,604558.88,685591.26,637390.59,706472.93,705077.02,567011.39,657896.25,645225.15,674745.25,685695.82,702605.98,694040.85,642137.07,706902.09,641912.4,719736.99,698677.57,608300.52,670723.9,642466.99,647170.12
33155,492608.99,446658.88,498700.25,447378.64,471381.67,463020.31,449912.57,500612.75,486073.15,410204.95,496758.53,480472.93,472988.55,470677.23,469155.5,453445.94,520053.68,505556.87,507062.2,442986.72,480350.07,476700.38,455457.15,514367.96
34154,308371.38,313731.75,276163.39,323674.25,280463.98,313575.01,290040.9,304218.24,299893.62,296997.29,309988.13,288143.48,297974.3,314092.82,313666.62,305877.18,318105.21,284718.25,301885.94,291398.19,326228.4,312946.91,287000.63,293519.86
35154,514467.91,510775.28,460027.47,463197.36,499347.19,526122.12,536591.74,490871.26,512875.41,490693.04,495076.65,499297.36,469470.41,487384.7,481577.91,495033.5,481645.33,476646.94,509288.91,513277.29,460046.67,498577.42,474731.6,531013.96
36155,39283.6,44820.37,43357.95,39225.21,39475.27,38056.68,42884.6,39481.31,40151.66,40567.02,39541.26,36950.18,42390.02,39705.84,42122.62,38278.86,44059.99,41599.67,39948.82,41507.89,41291.59,41826.75,40244.32,38234.33
37154,655014.1,640852.33,645881.4,580850.81,669002.06,611143.7,633431.61,651365.07,627337.3,587347.26,607738.58,591380.73,647876.36,620595.87,606543.85,640122.94,626964.35,629757.28,643616.53,638693.15,642049.1,586876.53,597306.17,650921.65
38154,87968.46,91603.01,101178.08,87842.7,90878.76,99403.87,88485.24,87844.71,82473.13,86046.0,96392.14,82729.73,90059.4,94685.38,81283.49,94791.95,86208.49,91021.2,95932.62,87803.38,84492.85,98898.98,91312.89,92163.16
39154,214328.46,203078.48,226412.38,215979.31,214837.48,210556.24,235488.12,210781.89,222937.09,231733.54,218100.65,200732.4,223738.22,206547.4,215160.31,207196.76,214420.61,227849.54,191817.66,216107.55,208439.82,220288.84,209957.41,204704.74
40154,476341.19,412168.55,434489.9,464379.71,438777.05,432521.72,417679.55,420286.19,455453.96,454545.93,464017.51,445929.92,450489.26,439398.28,422030.76,434248.5,429184.39,424247.69,435371.83,494546.18,399939.47,443963.93,453447.21,512062.64
41154,311286.37,298426.0,305629.01,311127.54,294115.63,302314.72,323819.34,303532.87,304799.77,323535.03,323031.92,271653.69,316081.64,308667.79,302126.49,301198.57,303179.04,307278.09,295658.05,283744.23,290581.44,290380.45,294140.54,344338.25
42154,773881.93,787595.37,755157.61,770427.45,728101.12,778886.54,752520.42,799036.93,749845.06,701465.72,684961.98,799037.72,738301.17,761909.22,747639.4,736321.8,682703.48,725759.92,782250.64,745948.41,725517.3,671963.47,722312.18,784985.92
43154,782674.91,853539.89,888373.28,829490.26,866258.09,829796.71,758794.64,811043.53,879301.55,747000.24,810871.76,789739.37,844766.64,844556.02,869471.86,815833.27,824166.4,736867.01,835036.52,782035.45,858829.44,810030.38,779341.66,874633.99
44155,860294.45,886078.29,891286.01,808076.12,858944.03,787987.19,849017.82,898554.77,888084.43,905600.02,877707.88,934190.19,885111.95,891283.61,908369.86,833053.33,843423.29,887719.02,930610.66,881877.45,812291.1,814745.96,903840.96,801504.98
45155,826819.54,789501.33,871584.33,855378.28,855944.57,757803.26,799279.09,776102.54,793978.39,775301.88,803302.52,824126.04,813034.5,801303.75,786973.05,797474.48,814117.8,840631.95,801357.89,791217.74,782762.44,890660.72,832795.0,856763.34
46154,948937.69,939823.32,1008385.95,1044249.31,823147.56,1008522.23,898132.67,897803.77,973656.36,972609.87,917116.75,1040771.21,956405.92,993301.11,984628.45,870550.07,928649.99,827753.82,878806.33,865179.55,924170.53,950570.29,994076.94,834645.76
47154,1015357.36,1001315.8,1105809.89,1041813.09,950767.96,870692.81,1115184.74,956245.34,956183.89,995351.97,1000068.45,1035862.73,1053207.24,1064577.86,1129564.54,1026101.35,893857.85,1021374.22,1088232.15,1114339.44,1060754.43,1020344.68,1012853.42,1089535.15
48154,1034943.23,959972.85,1096091.27,1045476.59,1076463.94,1074134.91,1046697.84,1044632.08,1013784.48,1106701.31,1096291.47,1032113.93,1007565.31,1016448.78,963374.9,1110017.8,987197.17,988593.18,1028870.23,1072718.98,1084602.22,1010892.34,1100696.55,1122127.39
49155,1015700.69,1179810.92,1093139.38,1163554.17,1146115.16,1112524.56,1171422.06,1155954.89,1206600.23,1222207.94,1116835.37,1062161.42,1096605.83,1087915.8,1030459.94,1086454.99,1112707.46,1099652.63,1124880.91,1140330.0,1168314.72,1099450.33,1227495.15,1088514.08
50154,687077.21,721401.15,638498.6,668532.76,650151.96,700317.67,760392.53,672747.92,685876.4,644165.29,762068.77,714092.02,704160.7,763377.55,680738.11,709951.49,690950.1,726840.31,714253.71,702425.45,680284.88,711963.03,750157.45,736133.25
51155,1010885.94,1075128.67,1105650.78,1051808.78,1106132.69,1018003.46,1055589.62,1046042.53,1021949.94,1022341.45,1152216.34,1112531.12,954645.8,1182486.91,1050046.2,1076703.07,1123604.79,1005879.8,1138188.65,988151.68,1068007.25,1099960.01,1078753.15,1012323.66
52155,959279.59,956113.1,868594.49,837109.82,911354.15,1004924.36,921086.48,965332.95,982210.4,862984.17,939751.71,981421.21,926104.59,1030769.45,879486.85,952795.42,1004646.7,1003751.31,960990.98,905033.12,1037761.05,959775.49,910536.94,1000621.36
53154,361261.26,383105.02,385722.75,386747.89,380542.97,382188.27,385613.03,392617.63,416836.38,362480.83,397776.17,360517.7,370622.45,346723.88,371819.73,361143.48,391719.32,373247.59,387411.44,361197.28,377936.6,388688.94,392881.6,386361.04
54155,1260893.27,1266787.22,1193057.6,1231902.38,1199542.72,1215897.81,1216780.48,1139616.26,1128513.6,1067768.5,1156706.64,1163080.05,1207547.36,1168840.33,1200702.02,1151931.42,1210258.86,1041369.59,1128316.76,1272091.3,1211528.67,1237363.06,1187017.58,1136058.21
55155,660771.02,696347.33,703012.81,648151.93,693658.4,654458.03,695986.27,687024.53,690075.16,663143.03,637719.25,667663.39,677385.57,685118.77,672072.96,686088.49,661281.05,688287.37,630325.06,591820.13,657532.99,697179.02,650787.99,623354.49
56155,1122970.24,1119665.55,1068540.37,1067014.17,1127501.46,1050476.1,1091815.36,1139124.85,997081.34,1156012.52,1120753.54,1107797.3,1102916.53,1202960.47,1035961.93,1006803.47,1138813.53,1084365.37,1073683.88,1024855.56,1094590.04,1083399.55,1120031.73,1161765.26
57154,632560.27,677263.48,718088.36,711301.75,711096.51,728609.64,678848.54,711843.87,697956.53,742259.63,731790.44,677211.44,708616.76,676215.06,664596.71,735089.27,683335.5,655107.28,680754.01,635305.46,733627.86,694957.29,738564.65,663785.56
58154,990908.7,1021825.36,964595.93,976717.22,961369.01,956218.0,921830.41,878652.66,931989.65,977461.42,954330.84,931433.5,987312.93,877953.01,1042076.36,950175.0,943125.92,971276.14,983095.34,936339.84,969070.49,891041.12,946444.44,907263.41
59154,678774.26,651179.59,641990.92,712877.76,657447.6,665160.19,674668.54,634377.16,660000.9,731697.28,687147.49,709164.76,646344.71,699497.24,669018.92,656837.33,663016.26,613700.11,661065.73,725504.47,632473.43,642970.15,635401.58,651409.9
60154,966381.91,992388.6,990394.1,974933.71,951093.59,964676.52,955260.78,995252.59,1032438.97,890902.44,1024830.96,929681.69,977712.63,952262.09,922929.83,905801.87,889567.54,914446.11,946461.97,913578.37,934071.7,904481.72,966088.99,893986.61
61154,708777.58,738616.39,636284.11,739240.67,656761.96,726136.82,714918.41,707927.46,665372.17,644898.61,689381.03,643722.06,643334.51,670722.48,626050.53,691705.54,647808.12,667857.1,674641.72,643202.34,710572.91,697179.12,677529.63,691602.09
62154,744190.8,762875.74,772471.68,735385.71,708074.2,776045.95,706165.33,741449.81,736358.73,759713.18,698783.36,658857.9,711244.89,727261.83,778883.47,782641.83,739774.91,762770.14,713761.14,691807.83,753434.49,751254.04,696586.34,729043.65
63154,566832.5,558734.29,534700.4,532531.31,506956.89,542822.14,541060.0,587647.83,551411.38,562043.91,503921.0,541596.26,509209.91,567074.89,550492.14,495213.67,497275.49,605892.95,560223.12,579576.95,540878.15,573574.42,593867.51,526275.9
64154,92994.54,95805.65,94536.37,94306.06,94082.66,99988.22,91214.73,90652.04,98151.36,95222.66,96207.8,99309.85,95784.49,95424.55,92644.87,91082.96,95811.34,92899.58,93717.48,100441.27,95732.54,85620.65,93023.57,95585.8
65154,251320.31,244894.3,250936.9,255020.78,247588.25,248181.56,261822.78,270338.56,247855.01,248716.81,256170.37,246569.54,266935.41,262902.58,263752.33,244823.0,264510.15,255380.31,250945.97,265138.66,235831.17,249046.31,242421.8,256007.71
66154,677370.41,622179.13,672310.81,715327.09,646032.5,647761.37,617288.98,673233.07,613112.51,671351.87,653929.72,635805.15,649716.34,667193.36,675392.5,630523.24,659910.19,638003.57,634098.05,577277.21,645311.18,703857.78,679329.06,702721.69
67155,1046259.17,1113536.09,964350.55,1033659.68,1055999.42,1047145.8,952450.7,969614.23,952205.49,1025484.16,1085729.06,1017081.86,982684.54,1078699.24,991194.97,1018634.07,1025304.51,967556.95,1016237.9,1001773.3,1016345.44,1079375.81,972380.27,942349.58
68154,940018.4,973073.76,864377.96,958346.86,831194.83,923499.02,932629.22,929616.06,986350.02,935816.02,898830.17,1002493.96,978067.01,1003820.38,953357.68,986078.93,928641.15,1007891.62,937468.04,967038.11,998692.56,995019.86,963076.05,879400.54
69154,829036.62,774082.64,820024.58,808958.54,839338.54,898876.71,802050.61,799846.95,827833.9,826558.31,852975.56,747469.84,880887.15,810583.3,820211.51,860641.68,859595.76,809302.2,857281.3,861047.72,773545.33,695185.96,788897.7,792416.03
70155,310429.67,301431.08,290690.48,328651.61,291088.81,300766.87,302207.23,312011.58,310427.55,332579.04,275297.47,280959.57,288363.91,326000.48,306162.32,295504.48,314481.15,281287.96,289208.77,286838.95,310682.14,326457.1,284113.35,292186.74
71154,113219.21,110227.83,124444.83,113271.31,112463.51,115641.82,116317.7,114358.45,114906.56,127179.94,114458.97,122602.05,115258.26,113537.12,115695.38,118510.7,121978.3,113409.42,116435.64,123083.02,108174.64,120591.29,114848.2,117860.45
72154,914820.43,1097061.35,958531.98,983361.47,959286.55,990116.54,953457.89,961774.44,935067.37,901146.31,929683.78,943098.13,947303.95,971501.81,1003243.76,977541.46,944642.75,970476.76,984943.23,986488.91,853226.56,963314.66,1004427.4,1047727.16
73155,1539461.01,1399012.56,1513795.1,1581698.07,1494838.96,1476915.42,1616825.06,1607487.99,1394813.46,1355372.59,1523280.9,1400438.05,1462254.86,1528104.65,1597938.88,1468833.65,1498130.85,1537977.93,1589109.06,1615148.97,1488809.81,1464909.36,1560129.23,1412983.56
74154,1483637.25,1443836.64,1456587.71,1426660.26,1316060.94,1404364.97,1301357.75,1422017.77,1337460.38,1295029.67,1300551.14,1266644.92,1398141.96,1372845.72,1427417.95,1400128.11,1239866.55,1386507.77,1366113.35,1394070.79,1346093.56,1235431.43,1360157.61,1546008.56
75155,1360727.86,1323174.28,1288540.2,1402282.79,1314442.39,1289952.0,1286872.77,1202500.43,1306748.23,1376102.64,1343863.28,1364404.51,1244287.22,1377236.24,1240555.38,1348030.39,1475253.84,1335270.07,1185058.58,1383466.23,1355254.25,1433944.06,1182988.3,1471756.44
76155,1100791.15,1100371.34,1047544.22,1069527.67,1080355.53,1086501.26,1065754.35,1133953.08,1030769.99,1079161.49,1046400.21,1027371.12,1119914.97,1171510.9,1114146.24,1066411.64,1080926.38,1072683.52,1076559.63,1108167.27,1020599.27,1028656.86,1150093.9,1141998.53
77154,1210666.8,1298305.75,1272458.13,1270581.45,1300087.46,1216264.48,1275395.39,1180888.16,1251519.43,1346050.59,1290108.21,1116931.96,1289633.83,1192427.3,1173128.78,1313867.58,1173986.92,1291790.54,1191593.97,1318090.31,1235194.08,1150150.4,1329553.15,1194908.38
78154,1307822.76,1356529.94,1339998.23,1250898.77,1289553.49,1221675.49,1361387.85,1322235.91,1327700.05,1251337.34,1266295.37,1481819.52,1395295.9,1258208.73,1268755.7,1361677.1,1291465.12,1219647.74,1276658.72,1292292.0,1337328.41,1224843.54,1262131.38,1284205.63
79155,1480689.67,1610767.07,1604216.95,1502288.12,1678562.91,1470732.54,1487072.95,1539515.81,1487374.87,1636958.25,1575185.34,1520140.63,1612283.43,1656430.34,1449432.18,1648058.0,1437380.4,1560821.47,1598740.09,1578599.36,1640098.05,1531330.15,1451778.29,1549176.28
80154,1417860.05,1500265.49,1476425.57,1434647.76,1505488.77,1524445.39,1587221.22,1515073.72,1485928.94,1558089.66,1415604.64,1603207.62,1656098.08,1466880.75,1563676.56,1691939.16,1549059.42,1408934.31,1569753.23,1671169.57,1444202.74,1573933.17,1572260.35,1374322.82
81155,1539150.71,1248366.76,1448849.09,1372211.9,1405358.27,1400128.02,1413462.72,1405113.03,1410442.73,1417854.35,1395319.09,1445145.39,1441211.05,1479192.26,1476755.11,1501570.85,1382513.78,1462691.91,1397366.8,1345081.14,1285808.71,1366103.44,1374773.81,1395781.72
82154,1390021.63,1472910.4,1398151.81,1412191.57,1534565.45,1450011.82,1412047.85,1456740.51,1233694.79,1411605.52,1326564.1,1522473.01,1456644.39,1458895.26,1401658.44,1393362.14,1526189.87,1451026.18,1430081.45,1374391.34,1509245.94,1411956.53,1494732.93,1289561.08
83154,1210145.84,1366299.2,1084152.17,1204773.77,1166492.04,1198490.12,1262386.44,1105231.84,1144043.77,1230213.3,1154352.22,1208397.61,1312898.04,1111432.68,1301139.5,1215018.59,1091519.76,1253622.61,1110779.41,1315685.62,1175081.64,1235775.15,1245729.45,1219345.78
84155,1592215.86,1604180.68,1598050.83,1562563.72,1620877.15,1683266.88,1613664.45,1590829.99,1528005.11,1650133.22,1527853.08,1589312.46,1708556.23,1598233.95,1650721.69,1677057.41,1697859.32,1497589.04,1607315.4,1486951.64,1573677.54,1585858.39,1690702.22,1489630.63
85154,1349810.11,1249670.79,1367023.81,1179696.2,1339650.35,1431230.14,1343902.55,1346213.89,1335199.38,1335708.08,1358743.3,1296907.23,1306240.54,1398905.81,1344749.12,1327264.93,1353027.24,1490062.67,1331437.03,1265216.8,1476848.89,1459722.21,1347701.86,1477292.12
86154,706153.79,702193.19,688774.61,717068.57,773692.72,725595.33,653336.74,707886.97,715641.13,735863.68,755142.73,643576.8,718636.37,671862.06,762715.18,722358.33,715294.73,754652.29,740094.72,698159.53,788346.36,650045.1,704745.84,745619.3
87154,1726835.23,1728802.59,1375457.45,1453861.59,1532316.36,1456571.66,1715549.85,1559129.71,1630268.9,1584999.67,1577918.95,1565955.13,1487062.25,1599436.35,1557615.73,1483482.34,1638751.35,1621241.26,1581203.72,1621883.29,1629315.17,1416280.62,1648176.05,1509982.54
88154,563622.97,518002.27,542496.2,483266.96,531020.4,550962.65,516740.35,496449.68,505885.36,556891.8,547766.52,483642.16,532824.78,545924.81,482915.35,591911.79,509074.93,544839.1,538109.76,542241.33,490322.81,528925.25,542001.27,523101.05
89154,1776428.62,1988881.22,1990877.38,1936784.95,1808418.99,1861209.08,1929519.97,1904917.66,1864528.53,1831218.02,1835921.03,1830543.15,1798472.63,1828886.33,1822142.16,1901930.73,1898452.24,1810009.8,1905208.56,1878873.4,1866893.45,1807886.88,1834293.49,1979484.24
90155,728194.29,669202.83,695177.65,686112.25,710457.32,754071.18,740372.55,676937.58,617621.23,710042.09,664686.91,694223.76,649973.45,680695.75,729708.8,710525.86,728146.41,722256.8,663014.74,758800.95,754780.01,683624.07,762599.35,694450.18
91155,1951177.99,1742577.61,2090837.42,1931776.8,1829281.57,1984598.44,1830499.08,1805428.55,2128971.49,1834798.47,1848657.4,2033769.55,1775122.11,2042976.27,2002696.12,1850381.21,1865173.89,1890745.71,2029191.69,1768499.17,2013145.86,1962090.16,1891315.06,1823050.75
92155,544289.98,556457.45,495513.23,574993.96,590052.48,544201.72,505836.51,521339.18,568455.09,551087.63,523104.92,532129.31,573990.93,543127.37,532224.25,588142.28,463561.03,562653.63,533968.75,529078.45,572333.8,575882.62,596988.39,554657.45
93154,1153899.56,1125778.7,1191502.94,1130093.39,1169285.05,1097348.06,1036815.03,1197430.08,1139529.49,1199556.41,1073278.18,1073048.78,1132699.37,1135841.07,1046725.21,1090869.12,1106058.06,1130894.91,1174280.34,1163541.56,1177765.47,1080488.65,1179723.36,1144581.13
94154,1204444.2,1313298.03,1243154.18,1202409.98,1190876.81,1262354.21,1290631.02,1217724.27,1248572.24,1252812.02,1138787.39,1199203.67,1271444.77,1198194.68,1306357.63,1337336.93,1314258.7,1236759.09,1103884.72,1165311.32,1300534.42,1288530.49,1316452.25,1218045.95
95154,1305652.8,1245540.93,1282313.83,1342483.55,1193999.91,1333585.9,1246490.61,1305535.93,1236961.95,1194527.33,1279807.6,1273073.79,1270454.07,1221264.95,1351652.36,1311304.17,1268923.07,1294279.42,1215937.85,1394659.28,1223803.62,1216087.32,1226991.82,1168730.42
96154,603602.19,610420.18,674505.02,675009.92,584787.52,677297.86,600705.17,641299.78,628085.19,619827.77,627629.43,621758.99,606712.7,651120.99,659824.88,616252.43,661541.32,593342.65,651986.62,682186.47,607857.2,624141.52,722751.51,603542.48
97155,737999.83,724191.94,842139.95,772547.82,809194.82,752081.44,831344.26,760852.73,826601.66,690044.45,751817.88,815470.42,775153.9,761042.79,831850.5,766575.89,835242.76,765921.08,800331.09,768555.98,794030.01,782346.36,747364.52,762759.31
98154,480356.54,522691.59,480627.88,501977.99,472608.7,517040.96,485530.67,508209.5,466618.91,441888.82,487799.98,496806.66,477453.85,512681.58,542549.49,497658.77,485615.11,488826.56,536698.48,478638.35,496730.61,469131.19,479404.79,449089.9
99154,883979.9,888293.73,910786.99,869054.52,896196.29,877635.95,851107.66,952552.63,880621.8,865663.26,857814.3,916454.75,932439.82,865785.72,898210.81,918959.76,919379.86,878546.99,915398.82,951897.0,860670.97,837428.56,908752.59,867578.55
100154,1386394.7,1467715.53,1485251.72,1445340.93,1236933.58,1264198.78,1356413.89,1342617.86,1451725.98,1330093.21,1341958.16,1320048.45,1401089.85,1302376.36,1561100.8,1534713.94,1411323.23,1330168.62,1408959.56,1480190.1,1475040.78,1409682.74,1362006.39,1390192.73
101154,1099714.37,1080132.51,1200869.64,1149713.88,1189687.56,1341825.08,1178907.47,1197753.59,1266963.56,1213316.17,1152426.22,1094606.98,1174094.1,1164232.04,1220714.02,1184782.68,1197933.49,1133976.79,1194427.4,1144396.66,1182462.98,1168917.32,1222895.82,1171825.06
102154,1723288.62,1748511.61,1789283.4,1832142.45,1825230.88,1806516.12,1764128.96,1781832.72,1742486.38,1849447.35,1922401.88,1853375.9,1787747.12,1610935.9,1711319.0,1641313.22,1894895.26,1713603.86,1680407.67,1678346.49,1706476.7,1928216.39,1716574.36,1691191.45
103154,1048510.38,1068865.92,1126813.84,1050167.65,1189493.1,1115337.27,1163338.43,1107062.16,1165629.94,1076045.08,1132538.93,1130708.0,1219321.48,1114374.6,1202904.62,1160692.19,1120537.19,1116597.4,1192430.9,1124241.98,1028744.5,1149045.02,1102895.18,1278521.02
104154,1992524.69,1877377.74,2046422.09,1767987.54,1812243.89,1972484.57,1871854.23,1909247.74,1834950.46,1833877.02,2191890.44,1879880.37,1898927.03,1844187.1,1926731.15,1881131.54,1896987.64,1895419.74,2045603.85,1887393.1,2160674.1,2017848.94,1959464.9,1900402.79
105154,1331672.02,1286335.85,1201258.59,1291111.85,1327155.88,1207280.65,1303596.26,1251073.58,1202641.31,1252393.58,1266024.76,1291442.59,1351951.93,1318332.04,1265254.5,1240438.72,1384837.75,1294756.61,1332289.32,1217506.96,1173299.69,1237979.72,1214211.0,1317050.71
106154,1338291.91,1367351.88,1357950.38,1394958.26,1382001.92,1416082.0,1284232.93,1268280.11,1336956.14,1302592.1,1312852.45,1262781.94,1406253.49,1316464.7,1330067.81,1433136.78,1513344.84,1226860.53,1292999.66,1430863.31,1407936.26,1337752.46,1441347.08,1374351.1
107155,1418500.67,1311134.16,1333438.46,1373390.73,1362008.3,1302855.88,1304744.29,1350380.22,1364208.16,1342593.7,1298873.75,1373473.59,1271632.5,1427670.93,1380027.49,1284957.09,1349055.28,1437131.84,1296390.91,1428444.39,1408228.56,1301078.07,1430189.86,1258898.85
108154,944036.54,1024232.21,894170.67,1021332.6,927568.86,964159.78,941796.47,958584.2,908677.35,885126.58,940359.9,1002937.19,945645.89,995942.91,946322.82,1036299.16,982969.85,935802.36,989619.41,995343.46,1050307.42,1044124.31,935432.94,956416.04
109155,1119010.51,1193374.61,1243155.07,1170811.89,1139375.09,1117607.44,1176197.19,1272514.84,1185425.41,1103517.26,1225021.34,1104423.46,1226675.13,1195619.97,1308233.4,1176214.77,1116237.0,1076753.73,1127572.94,1178671.12,1184025.67,1240093.1,1239583.12,1107544.31
110154,1328123.38,1275212.32,1258839.21,1338710.4,1239126.94,1270095.64,1246807.54,1251877.31,1295188.2,1299462.13,1202459.31,1250259.61,1361988.84,1463180.47,1412966.99,1268183.64,1317919.55,1442117.01,1382242.85,1325264.4,1385645.32,1376644.14,1298643.7,1340394.15
111154,1054947.42,1038680.3,1038357.56,943211.16,1060247.59,1077999.08,1042058.9,1140564.26,1075269.5,999583.42,986733.2,1002242.26,1046676.01,1009350.69,1113173.96,952397.25,1006641.75,1040280.98,990031.81,1008986.7,1077557.23,1080358.44,993002.52,1070507.08
112154,1807986.19,1845187.06,1740957.01,1616793.31,1831650.08,1700009.15,1729730.81,1674610.85,1857811.8,1934510.01,1730286.27,1906070.74,1760832.1,1915494.95,1838475.13,1771941.58,1806800.99,1919823.32,1693733.26,1663400.34,1727185.47,1839809.98,2005423.4,1777918.43
113158,1804206.95,2152448.88,2147466.36,1968695.96,1986015.39,2008873.98,2023939.48,2073328.03,1997638.84,2186259.39,1975130.96,2156240.38,2005527.15,1876827.66,2159389.45,1958435.59,1912625.96,1835041.06,2034764.33,2139688.98,2073234.04,2030526.88,1986012.44,2203121.67
114154,1691505.28,1582510.88,1734410.67,1704563.98,1557854.02,1547699.45,1712697.28,1619532.44,1489239.76,1582455.69,1520549.45,1536361.35,1548220.4,1635382.87,1492023.7,1601839.58,1466278.16,1564280.18,1590852.41,1594888.46,1594691.79,1534986.01,1591862.15,1580170.99
115154,2443057.92,2367660.15,2465759.3,2386315.56,2402607.75,2563376.49,2539156.26,2429961.67,2566624.94,2674041.88,2473319.84,2517695.19,2447940.28,2585641.58,2459513.2,2496087.63,2432775.92,2441002.83,2770851.58,2535126.43,2595736.64,2831663.6,2770328.99,2548987.48
116155,2185185.75,2110944.44,2079151.74,2084210.55,1946736.63,1858927.81,2060457.13,2007981.4,2133381.58,2144442.26,2147560.8,2036158.2,2056915.59,2031395.76,2204608.09,2116537.17,2011558.76,1826128.13,1873029.7,2055884.21,2102156.5,2114023.92,2035966.74,2075907.75
117154,2221342.48,2364568.56,2286642.58,2403319.39,2087627.39,2103442.64,2180901.03,2227672.08,2297563.19,2160487.31,2152753.06,2036362.41,2146655.48,2321341.57,1993501.42,2267290.67,2111664.43,2162748.05,2446410.17,2208406.51,2144559.14,2226825.18,2320058.94,2326087.07
118154,1912712.49,1823801.75,1871377.74,1841158.53,1894310.69,1984906.11,1970944.86,1819144.01,2017268.99,1810821.5,1867311.79,1975357.81,1922771.32,1841150.1,1711644.09,1777880.39,1802434.33,1824813.22,1847355.55,1690502.29,1867115.58,1871862.44,1931216.82,1799924.54
119155,990481.28,1000499.38,1094407.34,1059960.78,1035848.98,956713.98,994050.1,976728.78,996832.68,972590.32,1031618.16,1100248.46,947331.58,996326.01,922183.9,1043993.86,980766.57,1052279.44,1058856.91,955225.62,993326.59,977975.5,1039150.09,945099.8
120154,2253773.06,2378612.31,2586488.93,2212614.94,2532161.72,2340277.29,2540270.04,2297963.71,2465536.1,2665923.41,2543114.55,2448668.64,2471692.67,2433909.78,2310755.51,2495889.35,2445821.69,2384345.04,2554102.13,2543995.62,2406176.84,2651199.96,2595674.41,2354779.26
121154,2597272.48,2769387.57,2681266.11,2729390.17,2472067.12,2535990.8,2570229.17,2643981.81,2725561.35,2527113.13,2577340.92,2575491.27,2682277.43,2496134.57,2605386.79,2686075.81,2898326.61,2685708.38,2797664.84,2601755.56,2790711.44,2838545.34,2488703.34,2469297.54
122154,2332285.04,2481300.99,2597729.55,2747376.37,2467292.3,2686762.94,2696414.86,2662612.8,2539267.71,2385752.61,2446956.1,2691320.41,2515265.3,2378526.78,2440477.7,2528137.59,2423719.27,2834383.64,2459315.64,2416125.11,2684974.14,2256767.4,2467096.63,2446931.16
123155,1991445.72,1889522.84,1939632.87,1870226.85,1914776.73,1827015.55,1880620.3,1789318.01,1988121.25,1934191.38,1973338.88,1907286.18,1931547.31,1975091.34,1745539.0,1956510.4,2143728.03,1936196.97,2068365.01,1948826.1,1755227.4,1845608.12,1876229.54,1892215.02
124154,1341885.92,1301084.6,1225914.12,1263331.16,1234218.25,1249313.49,1215409.13,1275860.28,1174938.31,1200073.71,1334798.9,1115411.59,1251627.03,1209842.65,1302193.94,1173355.0,1179408.05,1145926.36,1169498.48,1194994.85,1110573.67,1215616.56,1261441.4,1164481.11
125154,2485337.28,2340677.27,2769191.06,2418051.93,2290023.71,2512861.56,2504365.33,2527544.1,2437717.3,2449140.91,2538362.05,2555090.35,2152009.08,2386410.84,2452720.28,2244592.06,2262695.32,2551476.69,2430111.99,2336600.01,2340685.75,2409605.32,2452327.87,2384572.87
126154,2671295.31,2346080.55,2457753.34,2557263.73,2508932.67,2479590.31,2447691.08,2616882.54,2319852.48,2302918.81,2289582.62,2482481.71,2408521.64,2573545.55,2341958.08,2486569.24,2361411.52,2443761.63,2243052.85,2386224.09,2634011.31,2638639.53,2496981.14,2388624.65
127154,2009666.75,1975984.63,1928535.63,1761238.82,1971073.9,1934468.42,1919798.74,1989287.73,1808228.86,1910619.3,1960892.08,1895463.26,2032638.3,1945851.95,1887036.71,1949169.78,1869279.57,1843657.56,1791217.12,2053952.23,1925202.22,1802012.67,2019824.47,1914851.75
128154,978326.87,1017331.18,1072757.93,1057981.99,997145.83,1187137.8,1119856.58,1138427.15,1086800.89,1208812.13,1160091.97,1102429.35,1222707.28,1036057.75,1161681.0,1052253.82,1080906.14,1081648.69,1134857.32,1090662.24,1085487.03,1173720.14,1096872.89,1123627.19
129154,288002.68,288026.89,270182.98,273484.75,266276.86,263413.75,287160.11,264519.41,293902.05,245736.91,269661.39,277444.18,268850.23,289287.26,289595.68,280338.02,278633.43,304778.71,301118.48,274262.81,286328.97,274482.41,267423.55,271707.06
130154,2314862.1,2276640.98,2308758.24,2352012.52,2181957.17,2129203.8,2699485.87,2465164.54,2399959.36,2330527.41,2586384.23,2316046.12,2359108.17,2318699.18,2481887.47,2326512.18,2485179.74,2247103.02,2256600.62,2463326.09,2346651.76,2507125.13,2369455.69,2319217.63
131155,2316926.39,2390220.46,2412337.87,2367690.23,2407312.7,2250452.76,2348313.35,2534085.37,2426434.5,2336581.41,2396700.35,2230521.99,2518857.51,2418433.61,2557883.14,2516709.79,2371458.16,2537506.64,2401046.3,2497762.11,2550575.77,2567424.87,2527031.73,2517264.7
132154,2469865.66,2485688.49,2251149.03,2542652.65,2599167.16,2383138.7,2374041.05,2526935.89,2561632.78,2545609.97,2214621.76,2219615.88,2513794.28,2369759.54,2583605.21,2679253.7,2499422.14,2444944.85,2523447.25,2502806.09,2580633.98,2673432.93,2586292.75,2376330.53
133154,1968015.91,1926360.59,1914288.63,1860718.74,1927477.13,1743747.37,1809125.39,1918941.92,1928739.16,1678529.77,1984539.27,1720004.96,1809286.82,1870672.37,1856903.04,1923269.44,1973388.94,1853468.62,1844028.24,1772325.28,1919321.19,1962747.59,1833694.72,1976215.51
134154,1166045.0,1223922.18,1218405.48,1141437.84,1221073.04,1149048.06,1202709.7,1291510.07,1233259.92,1252193.48,1380045.23,1093147.44,1221242.03,1250984.47,1146104.51,1258456.49,1208593.2,1247282.47,1413710.41,1187117.68,1107432.32,1228311.94,1197961.41,1155337.52
135155,2919324.4,2720013.52,2762980.85,2474125.36,2489079.36,2681684.25,2570818.73,2880879.4,2738622.52,2696776.11,2768242.47,2525609.75,2835309.47,2592732.22,2649002.91,2842836.67,2630819.3,2505078.73,2634049.6,2726284.53,2680631.3,2617913.39,2752838.15,2730868.89
136155,2471855.82,2734071.88,2797060.77,2546132.31,2913402.14,2581878.6,2842493.93,2988786.81,2565241.21,2753841.37,2877324.28,2791038.38,2750562.12,2816864.82,3089048.8,2769562.05,2790102.67,2657078.15,2721786.77,2745427.99,2787793.98,2864359.22,2885935.96,2848595.91
137154,2696717.95,2613260.77,2550015.2,2541546.96,2715585.86,2630939.94,2422802.82,2704831.07,2482903.97,2609757.86,2326169.51,2731641.44,2570454.82,2510854.6,2550952.28,2741458.65,2509707.55,2537982.7,2507312.69,2523723.0,2652052.21,2391410.83,2489517.56,2368958.79
138154,2017124.17,1848358.57,2111445.94,2030953.59,1908357.6,2094751.75,1859309.86,1846102.06,1920926.7,2044024.28,1997359.97,1951089.67,1862261.61,2168701.59,2051644.28,1877604.83,1975575.36,1984123.63,1917399.01,2036541.39,1983438.77,1962920.57,1887960.1,1846118.84
139155,959956.9,978275.01,1024752.8,933230.18,885589.84,943612.79,882479.67,810119.89,931669.16,929394.85,932979.91,1007476.8,945511.28,958390.6,883815.0,900412.21,900691.4,952602.05,939253.27,969410.98,983514.65,919249.27,924648.43,886147.89
140154,331965.56,320775.18,314795.79,326920.97,336436.17,351465.02,314526.13,323379.75,326012.25,346030.67,318847.48,328937.45,327717.33,342880.48,303607.92,321613.17,325207.49,303021.09,320847.13,315093.29,321054.46,344019.54,337351.92,343053.88
141155,2556988.92,2482694.88,2401240.34,2568781.57,2373443.48,2466019.88,2351560.91,2434388.6,2609394.48,2591400.95,2454118.31,2396808.15,2529560.28,2495577.48,2650260.46,2344402.08,2425548.69,2492600.94,2278641.98,2598304.99,2360673.16,2403820.34,2132331.9,2387334.78
142154,2952080.26,2818343.28,2787312.66,2694031.07,2938227.95,2656709.97,2719294.25,2548175.55,2836710.43,2880506.17,2782410.52,2780588.33,2795893.88,2570670.72,2712929.95,2524688.28,2877071.12,2910555.36,2522470.36,2760201.43,2612886.2,2748151.49,2712826.98,2848000.82
143154,2190161.27,2226111.1,2105932.97,2039820.56,2154472.35,2185473.38,2007815.12,2228046.52,2267167.66,2255953.27,2241122.76,1802339.92,2290524.67,2172555.82,2111791.29,2152664.7,2221906.19,2077864.52,2214922.56,2196396.7,2149447.97,2071238.45,2017827.86,1923278.86
144154,1374271.6,1430627.04,1429213.79,1394131.64,1343726.96,1423347.67,1432209.58,1426055.28,1362195.82,1476397.33,1388184.15,1542408.12,1379357.81,1389848.41,1482516.33,1372418.93,1402625.49,1297875.49,1418468.33,1402067.84,1493221.84,1559363.65,1502177.72,1529847.73
145154,2373136.03,2276041.39,2502000.0,2422334.84,2244625.94,2470224.93,2367080.75,2707112.85,2476996.66,2559941.6,2404028.74,2580633.9,2438687.52,2311847.9,2232357.02,2494501.73,2341360.85,2372639.49,2546246.23,2347272.78,2250803.72,2556594.34,2522389.57,2412394.65
146155,2352016.13,2446781.66,2574472.22,2615452.92,2543970.13,2310289.64,2609484.66,2538128.88,2613693.89,2655967.86,2513233.93,2544425.56,2516558.42,2492222.56,2569836.82,2450583.95,2624498.33,2446544.4,2594351.81,2264521.56,2531277.88,2348084.56,2659195.02,2578691.18
147154,2749046.1,2507402.0,2446797.05,2498693.27,2513518.18,2483158.3,2677163.47,2692840.32,2542207.14,2676343.19,2667279.69,2473538.95,2580179.62,2692959.47,2620567.45,2573691.09,2359797.36,2593203.39,2428670.28,2358598.92,2441804.35,2467074.98,2674235.58,2668738.05
148155,1973101.38,1925105.0,1923894.79,1920860.33,1957201.15,1836285.33,1976883.07,2003707.18,1930706.18,2183385.62,1857582.7,2012929.2,1683541.08,1882952.41,2005456.2,1740943.09,1892334.55,1877150.69,1922124.39,1946000.86,1995476.82,1781318.71,1808468.26,2024469.74
149154,1162241.47,1372113.27,1273889.88,1267885.8,1197165.28,1249871.24,1309403.44,1171936.59,1307425.78,1299896.41,1256249.08,1297674.69,1285068.99,1367550.1,1230699.61,1251694.86,1262503.96,1282559.56,1329028.06,1186650.72,1369089.06,1310045.73,1302913.9,1391547.75
150154,2084847.17,1983166.02,2097394.46,2046838.2,2037936.29,1906041.7,1954564.31,2113372.42,1990105.63,2100125.44,2120408.39,2069535.04,2066789.88,1983350.57,1953679.92,1961540.33,1987015.64,1843482.84,2110836.05,1940166.74,2115521.99,1947716.17,2108257.64,1890406.17
151154,2696881.67,2807609.8,2770705.56,2696394.76,2919448.64,2898339.72,2720423.27,2838459.97,2836683.46,2567551.07,2721860.36,2657682.49,2543813.26,2627818.6,2621456.74,2754836.13,2791092.07,2736219.82,2800569.2,2599290.86,2726361.3,2804761.63,2843322.4,2864702.53
152154,2607130.91,2597926.08,2533499.72,2508409.61,2376869.51,2321628.65,2476365.78,2472387.61,2613629.77,2320153.68,2451747.44,2449437.25,2486040.88,2499102.57,2522326.24,2431043.36,2604995.73,2803771.85,2458802.9,2547452.77,2440700.82,2442335.42,2676209.14,2342954.94
153154,1641319.18,1722814.95,1602703.92,1726120.14,1755358.7,1644707.43,1634574.34,1675641.43,1631022.01,1579043.98,1689000.01,1606641.46,1598919.43,1803720.5,1556243.12,1705224.92,1702188.8,1671056.51,1576999.16,1587940.2,1369384.62,1599213.33,1784234.04,1480278.22
154155,1617513.08,1641830.34,1747736.43,1455618.59,1614112.0,1690225.54,1663928.64,1528725.06,1657183.21,1476736.71,1449009.59,1644716.87,1733269.16,1456939.5,1577854.2,1626063.68,1455539.05,1512995.94,1656447.76,1566974.92,1596749.57,1559566.48,1535243.65,1567878.74
155154,2079909.62,2065703.99,2146476.11,2011489.0,2193208.24,1960157.32,2038542.54,1985911.58,2247095.0,2055185.26,1891731.6,2089051.02,1906860.81,1947493.56,2237164.16,2004133.62,1988435.94,2045786.44,1896864.32,2065840.04,2010933.96,1938579.93,2014470.29,2028694.53
156154,2556934.11,2624083.28,2815849.06,2432180.62,2785106.59,2592291.39,2673135.67,2631413.1,2579165.2,2994146.58,2447041.61,2670838.04,2696903.27,2664816.53,2678880.72,2491026.04,2836173.11,2661198.08,2563914.24,2805557.99,2641757.76,2452843.59,2212440.52,2692633.71
157155,2578102.15,2644967.79,2506971.18,2397188.34,2564483.63,2722441.16,2989492.96,2857376.09,2608181.94,2641687.84,2569900.22,2672679.68,2756136.68,2799025.55,2647336.22,2727506.86,2865246.78,2771161.95,2987766.79,2845290.15,2923440.02,2823001.26,2563687.66,2761722.14
158154,2234391.19,2265015.25,2265365.52,2364642.77,2287423.02,2013704.16,2241321.71,2329049.01,2354294.18,2250145.42,2479105.17,2281261.55,2323639.05,2370547.39,2365540.49,2310067.86,2317065.01,2272847.12,2189873.87,2384723.82,2356250.59,2241061.75,2356179.46,2289258.06
159155,1172359.43,1078084.4,1241115.36,1081658.75,1186304.46,1155137.07,1231376.02,1068763.01,1076558.74,1075470.88,1240655.19,1056918.07,1177425.31,1213978.27,1097441.24,1188366.77,1112407.73,1108704.14,1225597.14,1121619.97,1105592.29,1111140.63,1184768.23,1224630.35
160154,1815817.01,1819092.72,1960098.54,1815851.23,1990845.48,1947617.67,1984815.36,2064939.29,1738945.76,1913769.11,1917621.92,1930841.86,1982609.58,1903340.72,2086358.84,2019657.28,1874205.64,2008246.35,1752385.44,2050924.0,1962818.48,1885481.78,1767990.5,1856180.06
161154,2611501.04,2629831.55,2718049.25,2785499.14,2724581.69,2618329.08,2872081.43,2625760.64,2898853.19,2659515.34,2806658.04,2659337.53,2722540.05,2536726.91,2685971.03,2918238.43,2595303.69,2868610.8,2702684.38,2995680.61,2868819.52,2682177.16,2732811.5,2717602.85
162154,2571614.01,2541000.09,2586584.57,2858026.08,2651166.14,2788155.68,2864720.71,2570850.35,2569082.84,2721022.82,2697949.6,2644437.92,2614327.27,2373631.85,2458438.89,2362318.97,2763925.77,2715528.24,2615025.29,2744428.71,2649794.41,2531848.92,2727787.95,2677812.58
163154,1958855.32,1899507.76,1931285.89,1811458.39,1674487.96,1791374.96,1808739.47,1794417.59,1764471.22,1916938.16,1918950.7,1968781.11,1962544.97,1923981.26,1862076.76,1804470.26,1994958.52,1816509.67,1758782.95,1696115.55,1656591.49,1978395.8,1886122.73,1983632.62
164155,1301175.24,1279072.98,1338735.88,1314194.84,1408854.98,1359629.92,1380486.35,1252253.71,1304231.83,1247418.73,1236433.01,1483654.09,1412243.05,1330266.44,1272912.57,1365479.69,1374512.58,1391473.76,1367879.02,1382464.15,1324990.92,1186293.05,1455759.03,1336866.63
165154,1986751.85,1929497.21,1955674.53,1786211.64,1876356.09,1899920.88,1901400.53,2045688.62,1981659.39,1852103.7,1759814.65,1923719.12,1781014.29,1890792.91,1826237.56,1753702.38,2053527.9,1928793.82,1939241.11,2045539.74,1949364.51,1757811.02,2025128.5,1804775.32
166154,1132102.9,1053301.07,1196027.27,1136532.72,1173233.44,1112189.99,1145100.35,1230511.08,1112296.23,1145340.73,940736.67,1169773.12,1150234.01,1128175.24,1095199.74,1146336.67,1136186.98,1199230.76,1164218.87,989849.33,1164523.96,1170882.65,1112908.98,1150954.5
167154,436083.32,419356.49,393329.81,435038.33,471579.61,437996.72,447115.86,448219.93,426881.02,411869.65,455750.03,427739.69,438024.1,459517.64,431136.83,430382.04,464957.13,395318.13,425813.83,468134.56,453518.05,438676.71,437287.45,415753.65
168155,1596738.13,1688619.63,1557145.79,1675998.21,1497443.0,1735940.13,1768769.61,1626202.7,1600741.74,1436294.35,1660014.44,1529325.35,1628283.99,1581220.67,1676684.86,1620739.7,1662802.58,1545786.15,1792011.38,1586320.88,1467851.74,1636102.35,1721400.92,1472691.55
169154,987229.07,920998.57,967363.67,990676.79,946699.42,1009142.48,1056777.49,975318.14,1070476.87,1022918.72,967989.47,1048037.18,950254.59,1045859.94,967707.81,1088333.75,1020153.54,1115737.13,1028298.78,905837.7,994096.75,964150.9,981734.51,1039931.87
170154,1172795.51,1188645.83,1147945.36,1176349.37,1126800.74,1146427.18,1140416.3,1189453.57,1278771.57,1077575.19,1074359.35,1126395.77,1159953.03,1082432.93,1090517.34,1119356.01,1186971.94,1179133.05,1110162.92,1100685.98,1138857.07,1042375.73,1207899.75,988683.62
171154,1862226.69,1920298.68,1768081.12,1835203.77,1763686.17,1830160.85,1858642.64,1837484.26,1811511.58,1925003.32,1836561.33,1834627.2,1857599.77,1798937.87,1830155.19,1861393.07,1960908.65,1747363.62,1742595.16,1823058.08,1864672.61,1758782.4,1839238.22,1741393.16
172154,2137504.0,2160945.42,2118917.22,1881271.59,1960306.57,2154199.02,2067857.03,2024007.43,2119758.05,1751561.69,1912677.28,2117254.94,1989623.14,1998586.83,1968719.95,1883648.64,2085306.53,1878448.48,2063380.26,2013179.18,1850518.18,1850116.06,1958191.84,1890446.3
173154,1296098.32,1422885.45,1267550.65,1315654.34,1416672.38,1254726.78,1347909.89,1320396.99,1430914.0,1373805.28,1429170.31,1264812.64,1338662.29,1422299.72,1253652.66,1393756.76,1331122.37,1291617.76,1284049.32,1371928.8,1356194.87,1420821.4,1323049.03,1347027.2
174154,1225163.23,1355104.36,1249475.28,1285259.36,1146562.4,1316006.69,1214165.94,1285530.4,1233942.55,1281628.47,1152759.41,1385937.51,1225133.47,1330812.75,1177483.12,1192899.03,1313740.71,1231158.89,1185075.85,1282936.27,1279544.36,1347983.57,1136474.67,1244264.85
175154,1487370.47,1474868.82,1711734.07,1456602.35,1543114.42,1483250.92,1601374.39,1568449.97,1481089.62,1485048.55,1641192.13,1477428.54,1534463.18,1519319.44,1513399.01,1620289.48,1504401.13,1464031.73,1495088.71,1536603.23,1468461.33,1523696.84,1507972.39,1603726.88
176154,1277020.18,1382725.95,1443690.9,1288433.52,1278069.8,1438264.31,1395326.46,1341313.98,1404533.65,1452405.93,1242918.93,1368133.22,1311814.89,1411115.05,1384114.93,1376653.03,1410200.58,1372555.65,1271739.0,1472581.26,1287161.5,1206687.67,1486834.69,1393639.6
177154,1266258.08,1284234.72,1361377.88,1280246.62,1341628.52,1339117.76,1334823.58,1243842.14,1417034.5,1155669.54,1343131.98,1451341.15,1393495.24,1440838.53,1288321.81,1327777.74,1411485.33,1419013.85,1366865.8,1358778.99,1398126.8,1270085.14,1347257.71,1336035.99
178154,959700.88,1030192.14,1018901.77,1069599.05,1106516.49,996055.23,1023124.41,1012511.3,1029805.79,1044234.76,965707.15,1068721.25,912032.87,1109078.62,1033934.64,1009250.01,1011127.57,1001291.03,984712.77,995757.5,963798.02,1094912.51,951335.77,1024492.59
179154,1351607.19,1369895.35,1329763.74,1311683.57,1319210.41,1259081.97,1180029.15,1216692.8,1295168.52,1276463.03,1391792.84,1336943.68,1250108.78,1325652.58,1276525.44,1317183.78,1387853.74,1351345.98,1443557.14,1403766.43,1287961.16,1422541.22,1337939.8,1293168.81
180155,1659422.64,1547295.9,1548930.67,1624468.97,1618313.59,1662663.6,1488240.78,1586343.11,1530741.75,1710912.14,1555849.72,1588313.43,1696757.96,1577353.3,1708240.51,1548147.47,1541014.1,1621110.33,1542122.8,1537694.88,1556498.37,1428551.47,1569544.09,1770228.19
181154,2063025.44,2242990.44,2084789.99,1989353.91,2008492.51,2049647.55,1981288.54,2031519.42,2089977.59,1947222.6,1911629.34,2036030.36,2171103.11,2051873.92,1800683.52,2073615.93,1910769.91,2051149.36,2026165.24,1932945.53,1963682.26,1977024.86,2056961.87,1953486.44
182155,1416721.41,1447040.44,1450830.05,1500639.63,1475731.41,1422914.19,1464984.74,1531676.75,1423484.02,1552890.96,1511677.88,1470830.29,1438547.4,1532629.79,1541704.88,1444558.02,1425425.46,1484745.68,1553810.92,1354499.79,1504158.91,1468366.83,1486144.38,1510297.6
183154,1410952.34,1479864.17,1389746.88,1541344.93,1427287.74,1414322.41,1439936.44,1421115.8,1481419.13,1344843.38,1343402.33,1513950.8,1452260.45,1374494.18,1420449.74,1414090.44,1413455.39,1439251.69,1423483.21,1425946.74,1343115.66,1456673.28,1436241.94,1487716.45
184154,935224.6,951199.58,947685.98,1003069.71,963791.46,1023862.18,924111.31,899737.22,959093.7,947067.36,975656.84,903006.03,942553.83,888074.68,1009054.12,921073.41,1020893.15,901164.16,930698.55,969544.18,911592.55,963783.73,959501.32,1096714.86
185154,911976.64,946579.52,866029.03,979038.61,914317.64,856130.05,966204.21,985723.62,982230.23,960507.82,885747.18,1031024.89,910197.02,1036716.94,942924.29,962949.87,1010934.05,878874.59,892625.12,941161.79,976994.57,855186.37,1000307.89,962816.3
186154,1101289.56,1157130.6,1129049.27,1202550.39,1201107.1,1202964.45,1094740.48,1042688.1,1113176.32,1134768.66,1180991.78,1084290.25,1023800.25,1105944.35,1225285.97,1140848.96,1052684.66,1159598.54,1117211.23,1166380.34,1122699.35,1095909.86,1102666.39,1141038.1
187154,758204.34,727702.86,772623.68,838252.03,713510.33,749067.28,812650.09,744685.87,795329.32,765338.16,771847.5,834281.11,757391.17,768582.2,801389.8,839585.02,797106.73,812368.46,767823.47,723331.7,757108.66,802580.2,753931.35,671984.57
188155,1007985.05,941297.67,996320.51,931264.31,1006896.91,876786.38,857869.78,942535.04,940994.41,939383.61,1042550.77,936926.3,974569.7,977038.34,936203.53,959118.01,993015.22,950668.53,901694.0,859716.54,970729.32,1013865.3,985650.74,963404.71
189155,567650.33,548710.13,603412.26,581772.27,516823.3,553763.59,565026.47,580901.28,551026.44,562381.66,553319.57,566852.2,542696.51,542408.04,531590.06,530154.06,550179.42,558636.9,547089.97,494208.53,535572.4,528365.22,588184.73,567571.44
190155,671462.38,777728.41,745357.41,764941.23,715799.32,705466.21,741999.54,719503.93,804944.83,741315.03,688208.71,739079.96,700524.26,669711.48,694739.27,728198.36,777463.7,747561.76,705110.67,706117.53,637919.73,615597.4,725411.31,764408.04
191154,793398.06,790839.59,786788.77,783415.87,775118.43,779773.78,699410.01,722152.22,709792.72,700532.0,730020.76,837750.91,774866.55,774105.58,725321.93,689311.84,762612.66,710063.43,761785.72,761119.5,767998.38,715414.69,700754.25,722149.08
192154,892473.65,874530.7,813448.2,822485.39,926122.39,879694.21,861556.12,888742.59,822121.86,957882.52,921555.73,851497.45,939501.52,882199.44,887964.48,875736.78,817563.18,796520.12,912778.96,937861.77,874388.89,865573.13,955862.22,861235.32
193154,688325.06,745298.78,822387.2,797102.64,721287.87,743376.42,762365.02,773598.56,786648.19,692162.52,758417.79,784505.05,793738.18,818426.99,736600.81,783411.68,744574.2,681850.33,740137.64,786686.56,791678.53,765042.16,842385.53,763749.33
194155,758479.48,779339.32,727284.6,747980.09,784426.09,737417.83,730011.03,738303.1,711989.81,741426.02,695784.64,718187.38,758747.22,720656.81,754312.57,742923.05,768158.62,728131.34,801022.1,693949.42,722495.79,785984.72,751100.2,728884.61
195154,1240798.82,1366302.08,1312597.75,1336079.08,1320243.19,1370514.47,1228616.99,1281448.02,1429500.85,1307422.77,1253914.39,1330099.76,1195477.93,1281063.06,1378937.53,1304824.94,1365444.14,1199416.28,1303349.81,1300130.89,1293049.19,1270062.85,1129217.95,1380406.07
196154,938799.01,887262.74,817967.81,825246.6,893226.43,868608.44,953622.43,906812.61,865394.07,840401.45,810067.78,844051.84,914052.44,873510.26,833428.27,758477.12,865884.1,903462.31,863869.16,882839.34,831607.78,849788.07,852705.98,764242.56
197154,887744.02,853725.67,887594.0,893114.01,809285.99,925589.8,852493.02,930421.56,838351.54,939778.23,833802.16,827715.15,858329.25,908853.52,829708.77,929445.12,845195.36,880825.57,853511.37,927681.27,882937.69,853484.3,877141.02,947939.95
198154,1110083.59,1045856.25,1095027.01,1007858.76,990589.05,972468.17,1029740.65,945179.29,1017002.82,972451.41,1052411.81,994980.76,1065470.73,1022925.57,971988.35,1073502.41,1062140.3,1040980.78,1064001.05,1019280.94,984110.68,1054654.99,903070.07,983521.38
199154,967945.27,975708.32,970593.27,1028392.01,927583.7,935069.99,968377.5,953524.51,970002.45,976622.36,1021965.07,884623.93,950720.13,955052.34,1010211.61,977577.21,995254.22,966101.8,984024.14,954549.8,944406.3,978926.92,870455.29,992687.2
200154,990972.63,959778.21,913674.08,932490.59,1029579.52,1028829.38,969355.07,967617.23,928529.86,1033686.72,1006466.81,997473.7,992880.14,978807.75,885673.17,967500.9,942716.93,1036734.81,1070519.88,1028176.79,917446.16,968568.63,869255.29,920182.0
201154,596529.23,557767.42,566254.99,547605.65,579276.11,593913.87,540129.57,550200.63,583437.84,562680.07,527267.61,532109.52,571320.52,552120.09,552687.75,617843.45,584156.47,556785.76,555718.67,563102.44,572079.56,531657.65,561537.8,551869.15
202154,764242.14,758552.94,795545.04,797611.23,742487.76,807539.31,720749.52,734279.1,748724.43,786118.33,743240.85,801012.3,713776.6,781191.17,721234.99,751406.99,731268.41,728328.91,808124.3,837980.64,822042.56,699262.78,768568.31,778551.59
203154,1342872.94,1394008.63,1448683.38,1346367.22,1433809.47,1452988.87,1311548.5,1378943.95,1407076.67,1467007.28,1244733.69,1313089.78,1465583.66,1429133.89,1530981.47,1359411.24,1448343.86,1511039.27,1249657.54,1282137.54,1346391.76,1377871.69,1434490.48,1333678.51
204155,1319953.54,1344771.97,1173745.13,1310490.42,1350356.85,1413742.18,1417668.35,1445318.94,1357524.65,1396236.81,1436532.58,1192825.53,1325270.89,1248709.62,1438288.21,1291557.51,1286253.59,1216615.84,1381614.58,1282393.6,1345988.67,1286694.24,1361115.34,1316009.03
205154,1104307.66,1057257.68,1112738.96,1097676.87,1059373.39,1102160.55,986568.18,1037728.86,1120081.14,1045397.4,1052217.39,1070003.23,1114917.67,1052337.53,1080191.48,1040203.35,1038649.27,1015405.01,1030844.85,1053557.13,1085163.7,1013665.11,1110459.08,1044121.78
206154,1341495.06,1352725.96,1375589.35,1273060.93,1303309.92,1318131.82,1372796.76,1252003.95,1291477.56,1471264.27,1358472.13,1343694.03,1287894.9,1442993.51,1503371.95,1306441.89,1472823.36,1489502.09,1369521.79,1373683.76,1402914.27,1229899.45,1230738.38,1303729.55
207154,1028360.66,1055830.16,1034077.73,987247.83,983214.3,977842.65,993985.21,977260.84,894399.99,999369.84,986589.69,1006324.86,964188.53,1016364.36,950410.96,1057965.92,975369.84,1017512.59,1002871.36,1058755.03,1049778.49,1021860.59,980322.72,1000562.46
208155,1087475.9,1138502.53,1005551.83,1121692.09,951395.33,1033100.83,1179994.12,1040592.38,1009288.45,983502.06,1014011.69,1061377.16,974259.88,1044713.97,991060.51,970077.2,1006830.25,1078665.22,992613.84,1155549.24,1046700.86,1098060.04,1088441.55,1044496.17
209154,1347645.1,1295111.68,1291589.41,1246956.88,1248200.73,1297415.66,1333567.36,1391021.44,1229849.63,1375150.58,1286588.13,1288313.17,1212070.68,1278798.2,1276577.38,1258524.33,1360012.6,1314080.28,1378332.41,1151210.04,1166281.25,1229251.37,1385368.09,1283456.58
210154,1495658.65,1416135.0,1524335.2,1539547.26,1404241.34,1435838.69,1457181.97,1471870.51,1450809.73,1451929.35,1458537.03,1356643.73,1467021.62,1405640.04,1452673.29,1291169.93,1312573.13,1418855.86,1455521.55,1510079.14,1436562.98,1414769.29,1386763.49,1444499.78
211155,1603961.33,1542523.15,1564010.05,1532281.27,1550808.29,1590679.63,1489789.8,1609101.81,1541492.51,1459737.98,1462078.2,1475072.24,1498244.64,1442644.99,1465032.25,1522156.04,1615937.24,1574428.57,1413671.77,1507105.4,1476566.07,1514536.7,1506206.03,1475902.69
212155,1125656.3,1051275.48,1127862.3,1166520.87,1159145.98,1145592.71,1121137.56,1138424.53,1010534.31,1037458.31,1120501.63,1102604.86,1191980.24,1196712.7,1159650.89,1108240.72,1160062.39,1173260.15,1145904.74,1230007.17,1171657.77,1047230.04,1144000.62,1112818.71
213154,1865817.65,1854743.07,1937864.47,2074034.66,1974568.22,1787340.62,1849047.53,1868993.73,2067044.56,1960513.81,1978194.94,2071978.54,1971124.99,1968287.78,2157480.09,1882100.19,1927376.94,1939369.05,1945362.92,2051988.35,2053524.93,1857403.63,2050768.66,1914239.72
214154,910106.78,856526.13,1008313.75,899396.76,782433.22,917899.96,882748.19,952118.24,964563.7,980306.01,1013274.91,961138.8,948995.14,884339.13,895125.9,894825.12,861684.16,868081.47,946977.35,961477.69,935747.64,911499.92,833970.95,969697.65
215154,2034547.04,1706222.46,1885021.91,1784689.6,1875910.33,1823073.94,1901387.03,1745286.81,1880183.47,1837337.53,1965065.92,1903803.1,1963302.73,1732266.63,1898389.11,1811078.47,2044203.66,2114427.57,2004659.52,1837233.45,1933950.02,1697803.79,1769252.16,1888932.81
216155,1407622.32,1646988.32,1599428.81,1632872.9,1638475.77,1578859.34,1622368.53,1587617.57,1480850.52,1591756.74,1574313.11,1438329.46,1667674.11,1570508.69,1698794.58,1674574.34,1631967.96,1614241.31,1420835.96,1579824.52,1604794.36,1635005.65,1562022.42,1627432.27
217154,1762464.11,1864346.84,1700746.51,1559526.47,1636186.86,1768587.23,1689190.52,1656917.44,1675018.13,1640999.24,1907838.76,1572187.02,1762492.01,1572004.82,1701525.58,1723140.82,1648290.37,1764738.77,1614777.63,1688238.17,1775818.99,1673797.77,1745805.21,1711238.4
218154,906807.61,871560.77,906537.33,938358.47,921260.3,892123.17,899837.76,967268.19,831234.8,917392.64,876001.23,864749.74,916734.26,952156.55,897526.62,960949.39,897810.46,847704.92,872395.32,953121.09,925053.58,988363.62,929405.31,875908.08
219155,1039182.76,913017.18,1077530.77,925828.88,983001.23,976011.98,1010143.23,1004066.53,995585.15,981820.53,962997.97,848382.08,969197.37,986403.27,982128.16,1027566.6,991650.7,1022686.12,957082.51,924810.47,891136.08,917173.49,949482.53,965317.05
220154,1812254.03,1732412.68,1710283.14,1643308.48,1699669.64,1726014.85,1808856.51,1640933.63,1766638.77,1753130.19,1833294.75,1717795.48,1873700.63,1713631.03,1795536.76,1751592.12,1708428.14,1852653.21,1641834.28,1648647.71,1925944.57,1704873.82,1618379.4,1812384.46
221155,671501.29,673147.56,645347.78,716279.48,651089.17,652569.71,682595.59,697759.97,691330.91,637696.8,670698.1,608208.38,694110.31,651463.04,711024.18,624248.24,691685.32,675623.68,591354.11,639014.89,666819.96,663141.61,637094.05,692199.62
222155,608695.29,576375.46,577036.33,556718.13,611916.14,635154.76,609506.24,629001.23,581789.93,566994.1,579399.7,610151.02,632945.66,610564.43,536917.33,558954.42,617836.48,640968.92,593437.66,614069.53,614797.63,613938.25,576541.5,630951.57
223154,295070.33,288389.93,308348.3,293231.59,283824.57,264873.84,294786.28,298687.2,283963.46,285967.52,291425.58,294402.82,287238.46,301478.37,294356.02,289093.68,285747.32,273864.22,298583.92,299962.33,298915.06,296870.98,246138.6,254931.62
224155,844870.57,885549.0,903326.09,829035.67,883939.15,861481.63,908712.82,906931.54,865797.42,827159.49,811145.1,891549.9,825648.11,889795.24,892609.41,847465.13,963028.61,846822.02,870217.76,862676.19,940934.93,914961.02,846506.04,871939.84
225154,1341238.8,1478675.63,1281912.36,1294792.79,1212892.65,1267661.8,1354468.82,1240857.3,1242177.14,1299921.26,1281393.71,1379683.12,1278900.35,1416518.63,1260122.34,1411766.29,1343063.53,1238681.53,1293851.35,1375473.26,1219965.75,1306406.82,1320457.76,1375161.86
226154,1256446.6,1220939.45,1319903.44,1264506.33,1317595.87,1261758.39,1273135.39,1322934.48,1254501.96,1238377.24,1394734.97,1287679.71,1250467.22,1180409.48,1219483.12,1280228.73,1294613.63,1287584.43,1292760.38,1238789.63,1328365.99,1230984.16,1275457.47,1403149.8
227155,1430506.97,1261748.43,1381911.26,1465796.35,1345175.28,1367996.36,1310739.16,1390589.82,1482719.43,1453676.96,1597122.96,1455767.68,1411850.84,1401971.06,1498881.96,1483626.25,1383186.37,1458926.1,1418900.74,1513430.35,1540494.41,1402518.01,1357563.42,1462212.28
228154,565419.04,585046.31,572199.53,572195.69,535803.19,588907.05,545750.33,545927.34,583174.03,577147.13,559238.6,567396.23,562476.12,544836.36,587863.04,582631.37,569048.66,582624.39,569016.41,564425.09,602927.65,538218.02,546176.2,570486.95
229154,1112825.02,1159779.97,1146039.02,1059236.16,1138413.3,1150905.01,1226874.01,1209508.01,1175694.98,1157133.9,1137649.87,1113461.29,1197447.14,1082984.44,1140667.53,1073280.05,1071671.53,1147902.0,1154676.18,1198985.68,1110157.59,1141748.48,1101501.32,1137663.82
230154,1893548.31,1811584.89,1801837.32,1797211.44,1657138.1,1758522.68,1941850.9,1908766.65,1854521.05,1787983.97,1941100.09,1906980.94,1679760.46,1736811.47,1833308.13,1940462.44,1803796.66,1946572.65,1778512.26,1911906.58,1766903.21,1797373.48,1885405.18,1747637.85
231154,1653469.17,1641294.54,1820202.89,1776078.32,1706217.75,1653670.44,1615554.34,1616507.32,1741432.51,1691367.22,1750170.04,1629828.52,1581885.72,1658327.33,1768566.86,1808216.19,1702252.16,1558220.47,1830858.95,1872054.43,1695382.1,1600946.97,1652997.93,1855006.62
232154,1692848.07,1521731.44,1604705.5,1543720.79,1533881.04,1581621.62,1685908.88,1576216.35,1456180.79,1638089.19,1626141.02,1542505.99,1723049.12,1500937.04,1669529.23,1724603.64,1540190.47,1512273.97,1530075.41,1502068.99,1641434.17,1615017.99,1549658.61,1714520.25
233154,1295891.06,1386694.44,1267010.15,1231292.4,1403880.32,1261423.91,1295918.3,1328946.7,1268487.87,1306971.27,1294639.88,1319177.61,1337765.65,1297767.44,1399469.25,1326207.98,1202248.62,1345683.92,1344275.38,1278415.72,1333091.21,1361392.16,1253831.13,1168423.56
234154,1203912.44,1137722.94,1286001.01,1343032.01,1298111.06,1190319.51,1239621.44,1237206.29,1230036.63,1180126.77,1280094.51,1311769.76,1134395.11,1278534.4,1236442.7,1211109.59,1289632.82,1160155.64,1204356.3,1116667.39,1297959.83,1270091.96,1132690.18,1277273.71
235154,1823568.8,1670549.88,1556542.69,1651588.57,1735532.92,1642535.31,1801667.67,1845621.39,1892892.79,1819474.33,1623991.06,1587441.4,1838549.22,1788918.11,1634950.65,1790052.69,1698555.35,1650052.6,1691534.42,1704953.14,1577424.04,1779891.63,1765064.0,1691563.77
236155,1220870.99,1332494.57,1242711.22,1187903.04,1282421.09,1276293.98,1391566.93,1358462.51,1258621.14,1283306.8,1287799.27,1243611.61,1252267.98,1226512.69,1419292.93,1358881.22,1302736.27,1238454.52,1308526.79,1269470.94,1246120.78,1267343.57,1249997.22,1230334.83
237154,2178692.68,1997044.69,2152433.76,2061492.32,1933921.29,2063690.76,2094039.2,2020283.69,2027721.37,1866227.17,2122222.9,2112478.77,2037959.89,2183323.15,1841773.31,2036163.03,2151438.13,2027203.65,2123805.63,2001872.77,2165758.03,2005927.56,1761965.81,2136496.96
238155,1156596.91,1226861.03,1161686.1,1162489.96,1302412.33,1194917.82,1264485.67,1151563.0,1287848.98,1198879.34,1198971.67,1221470.59,1241240.95,1209922.28,1230404.05,1230187.03,1204259.34,1142895.41,1131373.64,1214152.89,1225127.52,1179376.8,1143105.41,1233060.81
239154,915887.31,838194.23,897103.47,882775.26,873689.57,958519.08,810460.65,906522.83,829567.27,875964.11,831677.95,869593.34,917287.54,830131.23,869955.29,850247.99,959940.41,817388.75,893421.18,819816.72,882312.8,901131.54,878683.93,834573.02
240154,1625969.43,1628946.45,1574224.58,1427257.42,1712762.01,1528511.96,1645142.87,1492922.3,1538811.15,1667791.52,1597462.71,1590031.93,1690954.39,1654797.12,1522896.21,1585002.69,1663416.96,1563445.75,1601093.35,1554574.65,1553797.74,1533196.87,1722283.23,1733924.78
241154,1388815.47,1294555.78,1481438.5,1472112.05,1373737.48,1432809.74,1475188.11,1361472.6,1547269.13,1503246.58,1458415.91,1491393.7,1506765.32,1362818.75,1474668.59,1486722.06,1604523.35,1446603.95,1384347.06,1562663.42,1481631.17,1349041.16,1372759.12,1477681.27
242155,1081639.49,1127846.37,1100042.36,993682.06,1102969.82,965138.36,1070382.12,1041616.04,1056464.83,1069843.97,1087728.72,945791.77,1077351.15,1064473.8,1039531.48,1059520.99,1029379.03,1004338.59,1132571.55,1088328.25,1067378.1,934333.76,945722.76,1118995.69
243154,1218273.72,1169408.64,1313537.61,1257329.16,1283482.33,1136969.69,1299045.1,1278381.07,1302437.64,1272122.01,1240286.14,1198422.58,1221699.41,1292503.01,1266858.81,1210950.77,1233028.74,1129783.32,1225070.59,1306519.86,1214889.21,1214507.52,1335909.72,1194976.67
244155,626163.21,803592.82,796052.52,765037.49,697976.2,722734.19,778377.0,707213.63,758415.74,793166.32,798210.13,747045.43,744070.04,772433.48,724485.55,769080.2,735248.54,756228.54,727928.25,776836.95,737389.92,657501.59,761694.79,778464.45
245154,1541258.51,1533409.81,1528735.03,1646608.46,1577769.94,1526923.39,1530893.15,1605744.17,1719158.96,1605731.78,1377060.28,1623243.88,1553912.72,1522568.99,1580617.21,1530610.41,1541271.94,1624725.76,1585648.16,1560129.29,1556362.44,1464033.56,1506310.33,1451812.78
246154,1065414.77,1118849.09,1106479.17,1134762.71,1152414.21,1174190.98,1073376.17,1127264.76,1082291.08,1008799.22,1064164.86,1026834.52,1109381.36,1041267.1,1011520.53,1083395.94,1055062.1,1113143.0,1058740.26,951986.55,1057644.01,1235743.73,1042250.81,1095902.49
247154,935510.57,978230.51,1014435.3,907517.15,947423.45,948992.42,921693.0,909793.83,910768.2,968777.62,948559.44,928306.59,950889.55,918182.3,925654.83,1006382.67,921056.84,874546.68,946822.43,909915.53,847567.03,992121.84,863880.7,937801.9
248154,966670.78,1066814.96,1000349.88,996550.93,1062840.47,1096478.93,1013574.33,992653.63,966421.8,1008783.19,959460.61,956062.42,1004089.94,990251.28,968654.65,951455.93,1079712.3,940087.76,953017.35,996505.53,992283.55,1094662.08,1032651.44,1062402.4
249154,1057472.68,1108762.88,974938.74,1016304.75,1056238.43,1051666.73,1185267.27,1102527.08,1078344.8,1062788.93,1016901.38,1040842.41,1054587.29,1073307.84,999728.38,1065999.11,1050812.93,1084719.59,1057167.1,1045193.46,1113516.63,1086590.75,1030057.21,962298.79
250154,336049.45,355454.32,368149.27,360373.66,372252.72,358430.42,328093.12,365969.09,343004.64,355098.93,370083.63,330238.97,338979.56,366654.11,333595.73,339325.82,331694.17,375385.08,354508.61,354910.77,375042.89,352842.94,345546.81,330364.54
251154,467553.94,496421.84,477916.36,450783.33,457456.43,467751.62,480817.41,470032.78,411177.53,453409.5,459326.18,482790.13,515516.07,458712.64,471665.87,416348.41,453613.25,470688.26,491866.57,480036.95,471598.95,496327.22,478891.25,467691.35
252154,448931.76,428396.98,465981.35,518321.75,453352.51,425371.36,443719.38,498646.79,436949.1,455395.08,475818.21,487841.52,487359.19,414087.02,481851.37,430227.94,436600.16,401096.14,440579.35,510211.02,452289.79,453612.72,499731.33,437234.3
253155,496378.03,493101.19,439937.46,473036.09,467275.39,468315.27,450042.94,485659.95,465545.58,514136.36,470243.33,462916.32,485863.67,482549.47,462740.22,487825.54,464569.2,473186.01,508235.38,445708.96,475755.65,463580.49,500956.99,526251.68
254154,1292110.82,1498345.48,1444910.29,1592282.57,1505650.74,1484623.13,1464922.85,1586119.65,1504408.78,1449812.69,1573786.17,1588633.43,1435536.93,1466743.6,1458024.85,1470986.44,1504437.86,1521668.33,1449986.78,1377457.62,1625852.29,1583496.66,1545215.21,1432022.94
255155,1343775.39,1315030.69,1272971.3,1258649.77,1159410.62,1442676.37,1344407.55,1318221.86,1312849.6,1240180.61,1336617.21,1347557.38,1311416.7,1313715.76,1244493.24,1268892.17,1263758.88,1339118.81,1440710.45,1342443.67,1408999.91,1332139.76,1319542.11,1331577.13
256155,1143230.51,1213564.33,1315676.81,1171897.31,1252086.79,1142898.05,1204875.91,1239643.44,1227087.84,1220436.12,1204820.38,1235414.22,1166011.57,1322369.9,1207665.32,1129448.46,1154921.97,1241951.04,1242233.27,1162175.38,1191273.11,1149095.79,1192593.33,1162914.38
257154,759099.89,805916.86,737656.18,789176.48,814766.3,889588.51,777805.63,769533.28,793402.66,834690.92,810089.13,793575.55,849119.07,844756.43,802378.52,846391.66,774393.05,801236.03,852445.5,815808.82,811939.13,826356.98,857949.34,866296.23
258154,1091995.5,1175766.61,1051027.9,1064932.59,1179125.71,1048558.78,1150036.04,1115350.85,1207997.75,982992.3,1118211.18,1060198.94,1075275.64,1190556.86,1090851.83,1108533.88,1122313.57,1076400.12,1202661.29,1027020.09,1178948.83,1160887.32,1173886.45,1097491.15
259154,1288376.91,1149821.14,1245370.48,1231238.68,1297350.14,1348120.72,1197002.23,1295221.55,1348181.47,1374084.26,1319518.67,1274925.22,1298535.39,1290255.4,1232210.33,1294166.19,1333354.92,1270238.6,1297365.3,1290399.65,1243911.97,1321555.24,1361852.24,1310241.42
260155,1509936.93,1574807.26,1389343.86,1277572.62,1363196.96,1456971.86,1498499.75,1406689.28,1415732.82,1450682.66,1455476.86,1427552.71,1337362.03,1404555.84,1380098.01,1406112.85,1411831.93,1471283.38,1425679.89,1402369.54,1369543.32,1472701.76,1553304.66,1497514.43
261154,1054357.66,1194848.49,1130440.65,1073159.67,1163267.32,1100081.53,1187055.35,1148557.59,1110248.62,1099086.13,1070784.41,1197251.85,1086800.35,1118384.41,1041765.9,1102289.44,1223811.66,1086991.53,1158822.23,1116805.5,1165042.95,1097145.53,1090628.92,1061791.19
262155,703103.21,682625.87,690040.3,797319.71,731976.75,670868.29,716668.17,735375.18,793816.58,719266.08,671201.96,727365.92,692625.22,661769.99,723715.4,683962.61,628806.82,719679.06,672819.18,708533.05,700854.25,665441.01,677489.31,667813.94
263154,923562.85,862583.02,901215.86,993052.54,976969.05,970201.75,1019119.23,976638.15,925415.92,1001090.04,874821.51,959544.48,928751.54,962277.84,939937.54,959150.54,920329.02,1089190.82,875890.61,995582.38,961486.75,919085.37,1008689.03,944717.21
264155,560191.53,563382.55,590172.25,588681.61,582658.64,551863.06,580262.11,585286.08,524257.24,550932.68,553222.6,544995.1,522057.98,548006.96,557825.69,623962.2,576145.25,606387.98,591814.98,546994.42,621888.74,563444.69,545424.8,578160.72
265154,392906.52,384262.47,382077.83,393870.77,426808.24,393324.09,404010.46,368101.81,411866.69,379519.39,385422.09,391970.95,388361.02,409929.84,376727.86,391117.59,393712.57,338627.46,368221.56,407310.74,425228.86,396699.15,394414.61,362058.84
266154,968685.64,814991.88,841065.75,868633.97,922495.14,818898.44,1001202.31,883444.12,923703.34,888358.52,890827.04,842197.59,906889.19,872575.46,971895.66,980855.44,985398.15,906339.87,837305.78,935418.97,910726.66,975028.71,910332.79,964265.79
267154,87839.7,91918.14,88254.45,87146.54,89458.54,91891.71,89430.17,92921.48,93497.43,85773.32,85730.14,84142.29,85137.15,82223.31,91314.48,83259.93,81633.47,89305.18,90699.55,91042.36,98686.87,89465.4,80764.13,86660.72
268154,332934.47,345385.45,404312.44,369270.34,352505.64,371900.0,348254.67,342239.35,345916.89,375400.08,360368.31,364598.67,354223.71,354421.99,361329.09,386096.42,352699.75,384132.53,339125.17,366175.16,385579.86,372376.06,359766.02,339112.23
269154,207492.27,200136.91,204967.43,212876.49,201694.55,200703.77,171195.59,200649.11,191311.07,212373.44,197672.25,174785.5,198731.98,179878.74,210748.32,194491.93,197806.57,204495.65,195917.67,190902.98,202846.45,231799.84,205122.85,208170.98
270154,905238.88,864330.0,832658.53,892623.35,829533.42,961270.43,763164.98,835937.52,849293.1,940825.92,887839.48,836286.29,749002.33,821575.58,902318.95,933174.8,881974.03,823944.51,784422.52,915373.71,813095.69,864319.02,831758.51,880361.19
271154,437814.51,421556.77,421118.24,434103.94,429595.53,452095.74,457871.3,444856.7,449592.89,439981.13,412877.91,419907.82,437342.99,428781.24,438483.03,430381.18,365972.94,443578.11,434315.79,443904.72,463584.3,443256.36,422622.17,424875.92
272155,312392.45,326708.55,328744.23,322364.62,327897.25,347101.56,311374.35,361485.32,340281.74,335313.61,356633.92,347819.37,310941.35,332243.87,341117.87,325914.84,300553.02,336693.58,361089.49,338617.83,323866.94,315796.29,344901.27,319794.17
273154,391672.44,366480.88,359903.53,356391.21,385951.52,373498.72,365525.94,383791.51,392101.99,374560.77,326035.27,406741.37,368260.27,379020.06,352583.54,391049.28,360678.91,343142.28,373959.72,357865.47,372007.55,369838.66,348865.03,367878.84
274154,282347.68,293568.21,263969.24,280777.54,281315.37,270764.5,287129.91,281121.51,284756.97,317432.73,278973.54,303280.89,286895.02,283291.56,272902.2,303038.87,279039.4,298323.45,286402.29,281313.26,297438.26,298497.31,286564.16,276945.58
275154,334196.69,303383.28,314774.15,296761.45,321467.2,289895.25,326313.69,331062.49,295951.83,287504.87,301596.71,301483.23,312101.02,323523.33,291080.46,333632.45,315430.43,326755.05,306894.96,319906.95,300154.39,316982.59,328320.58,331451.5
276155,284208.45,266344.59,291298.77,302637.14,280720.56,270098.34,309153.03,280254.17,268845.47,303318.94,274114.0,265587.88,291814.23,270952.21,306205.26,296333.3,273803.27,287213.16,286267.76,284418.58,276042.17,305150.73,268694.61,263989.13
277154,255635.39,244627.89,256672.51,244752.04,254552.83,241223.2,224770.63,246161.39,245375.34,220006.17,265781.27,258049.51,254068.05,259001.66,264992.26,243679.66,235048.72,249115.95,230876.34,232039.71,259781.34,260932.96,237700.3,252188.37
278154,77620.86,76574.77,75614.29,75334.14,77499.97,76175.08,83541.15,74369.68,69906.51,78389.33,81802.97,75680.84,69433.15,76245.63,71683.18,80172.06,82742.09,75050.07,77481.23,72790.75,75502.28,74353.28,76944.1,77300.95
279154,296715.24,274816.39,287367.48,279632.21,279999.91,255456.68,274107.13,274083.0,258117.08,307155.81,264831.89,308258.37,275338.33,270193.39,292567.4,289111.56,276486.63,263935.91,282214.78,277659.04,259672.8,265859.96,273239.85,283922.71
280154,667638.98,670299.16,621289.85,594296.57,564552.35,613912.98,659298.78,619677.82,641354.73,619058.95,603423.4,637083.68,659366.26,569910.23,579467.4,650711.07,655448.52,607834.27,591083.85,659029.0,619850.23,602782.75,596907.27,584630.0
281154,164324.44,161314.5,162380.58,162414.61,171053.92,150967.47,159972.62,162336.66,155717.64,166462.85,171319.23,161312.68,162379.53,162998.22,144394.19,156209.09,154437.65,159382.12,158076.57,164156.82,177631.65,156965.39,154809.47,151068.74
282154,167723.36,158293.75,155255.88,157321.84,151416.44,154552.97,151061.58,159401.64,173659.19,163664.77,148260.54,168460.79,170477.65,158125.41,164507.02,161487.78,164637.25,156779.1,156073.63,162915.9,149978.8,161803.55,155902.04,146270.78
283154,450964.36,441095.5,473427.74,406344.7,438223.23,432948.9,492344.64,475500.38,471514.02,425784.57,436427.49,398231.12,445365.2,437898.71,446939.52,464989.21,474109.71,454011.89,426622.81,406407.54,452724.64,483667.42,461241.94,433437.91
284155,382978.51,368695.17,369290.98,369982.62,377830.31,350534.25,367724.39,352531.76,393195.77,343359.49,405223.53,399722.65,378635.92,370165.79,379957.5,388395.94,368377.9,393843.22,347993.47,395494.06,369987.61,330829.53,354522.42,357462.85
285155,201249.62,200524.48,192953.13,198895.43,186177.38,187728.28,196844.77,209923.53,213481.91,205860.69,204001.25,204592.28,218617.36,199228.45,203708.1,201694.57,202635.47,199381.67,200847.1,192715.49,199150.2,210927.15,218473.29,201638.35
286154,352588.54,370703.25,331215.66,357953.86,353605.41,342712.11,325551.3,330787.55,351514.03,350313.87,382196.58,331860.18,350129.56,326551.08,363114.04,343456.29,328955.94,334707.99,315694.22,341297.84,338846.71,365944.93,360609.14,324373.41
287154,693238.86,758634.94,763563.2,788587.22,811808.13,754150.76,790307.11,742673.14,808383.99,733278.08,766267.03,782027.6,758304.03,745797.23,786133.33,770048.84,795731.38,703749.83,804899.1,774319.46,748167.75,663135.99,804337.78,744193.56
288155,506488.11,502201.89,510132.27,539718.92,528092.01,516885.88,529624.35,492521.15,575654.46,518098.29,555935.53,534651.68,522521.79,583485.72,509955.8,509265.15,494271.09,537915.14,469956.08,559456.88,483982.05,547223.27,542072.34,520988.03
289154,670810.02,627052.73,590351.6,649727.78,617452.35,604157.04,599870.29,615841.15,647632.3,571450.55,566000.48,612212.39,633296.84,596612.26,622637.98,647961.12,668493.73,602244.72,627534.81,598282.24,568687.84,581038.05,564766.01,567752.79
290154,366191.84,351595.83,405960.8,375824.06,407370.14,338758.32,365157.49,394835.78,381625.45,374072.33,363130.51,378870.19,368572.5,373553.56,353810.31,357602.09,380960.78,372671.0,379258.26,370766.53,345950.02,355442.14,363306.3,388921.57
291154,428321.5,489828.12,413594.25,417804.38,488077.07,472549.25,467662.91,481065.13,468272.7,446530.09,491746.68,506856.7,438997.17,450588.03,490339.6,464727.9,473433.42,495846.31,488753.23,514927.96,503492.5,461044.96,470079.48,450381.5
292154,818819.67,853696.26,852319.14,812658.87,848375.6,913713.33,729782.54,794293.53,920919.05,822857.27,850776.21,861043.22,779984.43,863576.05,859539.94,907705.39,841836.89,817692.2,862586.8,939253.96,885372.38,920587.83,878599.98,849988.28
293155,888216.04,1026446.73,985817.35,780910.65,993304.76,954602.89,989002.75,1022940.46,898580.94,953900.14,967426.2,992386.08,963768.21,958560.59,990192.53,1031728.34,966248.12,975832.93,981504.9,970845.64,920143.14,991520.52,1028850.74,913303.43
294154,759795.05,661647.88,687514.1,678578.39,667388.23,724641.14,666884.35,693216.7,722675.45,692808.46,683991.14,727555.78,672871.8,712073.28,731894.66,661598.55,725419.29,724704.21,699139.53,718190.1,694356.81,660139.63,698723.16,750678.11
295154,1047627.33,1097842.3,942636.81,1002272.48,1035808.12,1154704.91,1072550.05,1183999.75,1080025.55,1023946.7,1072958.2,1065864.15,1235412.25,1016431.82,1090788.22,1020099.46,1130168.42,1014386.85,1117947.59,1103897.3,1120017.35,1045669.42,1136489.59,1100594.67
296154,437538.51,401353.93,417242.18,394100.0,413754.18,382663.25,378824.62,381835.24,397380.24,445814.01,410178.79,424573.16,398052.02,412824.24,435174.67,407728.52,410857.64,422853.67,393579.09,381558.91,404315.24,382949.86,362326.86,414090.77
297154,523832.23,478295.97,494052.16,462109.73,498600.62,518716.06,520585.78,478473.8,479158.0,481141.37,515233.47,512085.81,500129.82,492036.23,539947.26,507532.57,518169.07,476489.36,483966.39,487653.36,505222.94,499209.77,558489.21,468673.4
298154,543412.52,549322.42,523606.51,547155.09,534789.94,540168.67,515416.04,570759.58,564694.88,546759.43,454197.94,520712.8,561062.23,536181.85,556467.23,541430.08,574600.32,545091.38,523089.89,567975.24,525093.33,568965.33,531328.87,595143.72
299154,377146.82,423854.11,441077.89,419821.05,405438.93,417793.97,417378.93,433596.15,395780.53,422926.63,390382.48,391203.33,393424.26,386180.01,430845.94,445364.72,391399.06,396437.47,361147.08,391136.77,464500.73,400527.39,362741.4,354545.1
300154,158430.03,141187.81,162987.6,150781.5,158618.55,150540.33,151904.13,142397.38,161006.39,155310.43,159800.17,166408.29,155841.69,148889.66,157251.04,149511.04,155545.69,148379.06,158183.37,150628.53,157609.58,143322.32,171801.88,153650.98
301154,71742.48,77878.39,75350.93,74166.32,71245.57,78624.52,74902.7,76651.37,77700.41,68734.96,72187.47,74681.99,74121.81,73479.77,70767.81,78525.13,68845.49,75875.94,78406.56,68072.47,82420.53,76781.34,72888.87,73200.14
302154,64240.5,60428.52,61136.4,64553.53,59410.29,66972.65,65985.12,65024.5,61125.29,64719.3,59810.0,59137.38,60178.96,55007.29,60234.94,59637.2,54747.69,63577.38,61849.59,64128.7,64719.13,56515.35,63433.1,59630.52
303154,232323.77,233687.5,222950.57,205114.56,219981.89,226537.62,217741.89,212274.18,226620.08,223549.41,232055.83,224942.62,220713.87,220006.87,225876.84,217725.25,216095.51,255180.09,204392.35,230928.1,228512.05,228363.9,201535.9,240138.11
304154,300773.07,307635.21,292775.89,296915.16,262425.21,303817.78,293485.47,277114.19,289763.58,304619.19,296931.77,312330.89,314427.0,305052.39,315485.6,269362.7,303163.91,307089.12,286196.86,293652.53,284654.28,306147.89,291780.37,291746.31
305154,537270.92,549287.6,521440.82,528208.24,545137.41,544352.37,494258.11,583267.93,554937.53,552195.66,560506.55,558113.08,514447.54,545990.05,532574.34,495983.33,581525.95,502491.29,515330.37,540085.7,528876.5,542378.35,630046.85,522156.34
306154,547773.87,552608.29,531588.68,516995.16,485694.02,490109.38,495457.42,499040.83,522532.7,514274.7,531228.78,508174.65,537785.6,485494.06,504487.76,550970.86,547736.27,520054.13,441195.34,526614.39,548525.11,521625.51,551355.69,506732.19
307155,453596.64,463460.28,430467.99,457310.49,473032.85,454210.42,483799.73,477706.56,486387.33,456925.15,450140.21,431158.81,501039.9,485187.73,477782.33,475900.52,442619.09,434256.98,455535.58,478520.66,480023.42,487830.53,430768.39,446236.29
308154,0.0,0.0,0.0,0.0,0.0,0.0,0.0,0.0,0.0,0.0,0.0,0.0,0.0,0.0,0.0,0.0,0.0,0.0,0.0,0.0,0.0,0.0,0.0,0.0
309154,1208571.75,1129338.68,1162381.29,1256604.73,1250778.58,1382303.49,1177301.51,1119481.03,1201190.16,1196983.5,1192092.45,1048391.67,1166896.28,1330877.84,1176611.96,1244665.75,1281469.12,1094995.39,1138048.03,1209665.47,1188806.46,1237042.03,1182812.37,1245886.53
310154,573881.91,593721.49,623367.57,614064.39,636780.21,642926.94,617484.11,655552.31,642332.18,632351.68,645787.14,619114.03,582818.74,651141.6,643036.25,618220.64,589957.96,583249.44,582648.43,619652.75,650657.56,600034.1,625674.78,567413.3
311154,611833.35,615621.44,556795.04,638760.67,562653.22,556886.01,567501.58,561025.48,540853.38,544569.04,540963.11,551389.55,546495.0,602093.74,535338.9,517790.67,573665.46,608361.5,571265.76,537101.5,583277.43,545063.2,607223.3,573922.0
312154,48256.04,50745.09,50073.47,48916.15,50367.36,50283.07,52023.67,53421.49,55216.22,53288.95,51649.95,49965.94,53765.88,53139.0,48747.03,50796.98,50632.01,52892.12,51292.42,55368.22,52582.37,50608.5,49463.37,53026.79
313154,734178.08,749146.63,741440.83,744766.27,711656.46,764425.4,754228.15,732549.39,778347.87,753939.62,733191.6,775067.4,744254.32,738898.13,766227.64,777797.46,844149.87,668479.25,788823.55,727283.8,758087.14,757979.04,817494.35,795699.54
314155,733007.88,724160.57,686678.91,712654.07,680363.6,656446.25,756283.15,722822.63,694468.65,746761.66,716852.36,664196.52,661133.08,715029.19,731662.35,708012.12,757732.67,669557.98,684653.79,710799.25,779946.95,739926.37,726600.67,683360.47
315154,517896.46,574901.69,615060.57,570196.97,559393.86,617848.62,577601.75,564104.19,572396.8,576657.15,529224.42,545177.02,573282.18,603229.44,558010.64,565010.62,565756.85,534765.47,521340.39,626494.31,532638.08,590082.81,552042.01,603850.96
316155,738999.36,662852.98,678359.69,646702.51,726947.92,712120.04,690366.53,712395.8,632771.29,666671.39,655845.07,676204.47,630504.87,704266.16,693149.25,739495.34,648284.06,702559.97,649393.88,727600.29,705927.32,734659.83,701297.33,671907.75
317154,486458.16,512859.75,486383.19,519263.37,523038.12,519019.6,484558.11,458102.16,460299.93,458475.4,473915.48,480755.88,487388.7,505593.35,474583.75,542136.8,511754.32,529704.02,452009.37,491095.67,477564.45,498379.73,463933.87,515573.86
318154,677140.4,654871.23,750941.69,668163.24,684123.07,707946.18,642926.51,691261.23,687631.31,687911.92,687474.92,752617.99,719118.66,767845.1,680819.8,693582.39,725098.73,698281.1,719445.61,758201.55,685349.96,679662.93,733145.28,729731.15
319154,364301.97,363606.06,354845.56,362064.23,362795.08,394596.18,409493.8,383590.96,385879.57,374372.33,380463.41,357825.36,377868.58,400469.63,352611.44,371607.71,352854.5,359557.23,367157.8,395838.25,384587.63,381223.87,375770.83,379156.13
320154,783865.71,817302.57,829310.97,808568.53,768358.06,757901.28,770429.74,844760.05,777034.31,825639.12,842740.01,805123.97,834275.61,850625.13,771291.75,890671.1,752110.62,862599.86,881919.89,714024.19,807912.75,849343.27,826747.42,744740.3
321155,799135.86,885757.0,835177.97,837543.58,930781.96,837473.16,901313.16,861437.23,833026.59,873332.79,835824.0,803963.44,766408.24,818326.03,856530.66,869441.81,846567.45,842636.04,822026.41,820838.32,873671.06,916970.68,900423.83,855534.58
322155,742679.4,725958.1,689199.22,660325.78,657304.53,737912.6,727883.36,689712.76,816414.0,742176.0,745405.5,691959.35,764761.03,708735.22,702943.92,748668.82,757059.54,705933.39,731298.22,712285.19,717954.21,711455.43,675085.27,710817.58
323154,728630.48,775208.36,761405.69,708953.41,734150.8,766140.75,740515.02,671924.49,775525.65,725284.3,755010.3,743275.47,829173.14,636952.8,680496.13,643066.8,738492.33,761520.7,678953.58,762549.84,696474.8,664853.17,717489.39,727806.0
324155,731916.06,662563.09,768227.27,735317.32,740082.29,752168.36,697629.01,738432.89,755687.12,693963.17,746472.88,716856.77,728437.15,753267.04,754456.3,720024.36,751288.64,741925.49,741274.41,731164.83,691665.98,702038.42,810269.61,708756.79
325154,564371.9,606245.48,558708.23,561943.53,576065.16,563577.88,563354.51,553636.96,535004.64,578993.12,573648.77,536487.79,610212.72,569429.98,594018.9,560468.55,567856.36,613200.58,563759.17,534677.51,591257.12,590500.24,594653.7,608200.04
326154,716031.37,672144.19,670555.38,703216.03,671421.87,716669.0,693956.42,748223.62,657732.85,710508.37,701250.95,708602.46,688473.53,795851.58,697729.83,682308.84,732600.43,763553.65,755150.73,700472.15,691318.33,776991.85,685082.39,723206.82
327155,769026.3,756457.26,797512.83,746547.74,746839.77,802273.92,698197.65,734707.0,762958.51,787489.62,705059.11,760075.46,704317.95,683725.57,765644.49,794583.05,808763.42,726959.26,843802.79,733187.13,728617.13,837886.73,769301.08,802964.71
328154,675149.94,747520.57,761542.89,718411.1,737974.51,729372.62,758798.8,700381.99,755185.26,784085.54,658191.86,770873.18,670402.07,714060.87,777193.49,702159.73,685302.07,698609.09,804158.26,731846.7,701561.8,742595.42,740453.74,701084.99
329154,672840.58,755219.99,778880.64,778169.39,750546.36,712622.37,799057.83,755070.08,667584.33,713721.29,711519.9,802683.02,733392.47,782781.38,756440.87,776017.15,721037.18,756257.28,821845.6,740826.04,771507.57,689572.97,793604.73,787696.51
330154,715862.99,836883.94,764632.75,776659.64,744895.03,738355.31,785441.93,731768.28,692246.13,766652.82,723990.31,792265.49,722550.44,759508.5,761698.9,744993.06,781450.41,724300.59,706072.48,750168.19,649887.29,802421.67,734489.23,790555.03
331155,763701.99,809829.81,749193.14,708723.65,797872.77,756862.09,734048.86,753358.36,785224.03,751484.22,788456.03,805070.77,751290.45,835138.57,737803.32,751003.18,732526.27,757444.59,729363.61,780400.19,799245.94,735111.87,799030.15,771597.33
332154,741519.51,727677.01,749255.61,715905.21,786633.57,805821.46,675169.31,743304.77,714707.7,738073.94,694594.18,723644.56,676602.97,772510.14,688218.15,714609.41,781947.3,732111.86,709405.63,633694.8,683953.56,711978.24,755597.59,749383.06
333154,767005.22,720571.4,763469.22,810412.27,763257.52,750718.6,696045.48,762974.15,819602.1,711764.59,740746.39,818156.48,752791.18,748289.65,763078.01,777989.48,767307.77,732560.2,783880.44,785427.68,863093.61,837910.84,765910.69,751932.88
334154,639034.07,608075.73,653508.09,595033.16,613788.52,643453.0,606703.85,652192.93,601817.91,617367.05,631756.5,578020.93,621315.51,618816.9,631202.67,578921.45,618811.13,590338.31,682064.6,620473.87,657860.94,595953.11,634052.53,645111.51
335155,801609.22,804860.79,827869.89,743352.81,821581.0,870204.61,893814.76,854935.28,919273.24,872459.75,792262.02,877041.39,824722.31,768585.04,863917.12,815189.12,745567.04,842774.71,829316.1,904424.91,855096.75,837716.87,790282.65,842758.32
336155,603149.21,566797.11,623307.25,618162.69,567767.64,625277.63,538724.84,627573.64,574928.32,643275.43,586560.92,591379.74,578840.32,592571.6,649474.18,587417.28,609116.55,629558.77,567487.25,593589.82,562835.44,583572.24,607483.45,600080.53
337154,770889.14,778430.23,752605.07,682261.79,678575.63,747411.55,698411.7,732486.63,710481.81,737364.86,825356.81,766865.18,649000.07,660086.65,700481.36,743894.89,671875.6,696008.79,684437.09,735284.63,695068.32,661753.15,772805.03,670236.32
338154,529829.2,498514.17,543378.87,514493.89,542032.05,545965.15,567727.5,564633.36,548918.66,535075.39,553423.91,600674.18,530528.61,565399.45,520436.65,527804.52,515960.8,535286.08,513330.46,554509.32,532747.76,522042.65,598753.85,525394.18
339154,826092.64,796484.06,739700.16,808063.32,812936.61,763523.28,855362.04,808319.15,845280.1,791383.46,807267.64,750522.24,808682.21,809275.82,709921.63,796038.36,819060.1,771558.33,808624.87,783836.73,800366.49,726499.12,753003.55,809743.27
340154,793725.95,782871.77,755044.22,741111.95,759682.98,787943.31,801152.06,694635.21,769059.31,771836.29,801319.52,784386.42,800814.51,767479.23,802758.48,755654.68,765135.92,713490.4,741766.02,705042.21,735112.21,671387.24,732519.3,794471.89
341154,614636.25,636369.17,594333.35,614476.01,640786.4,675949.51,638810.95,592246.61,675679.81,658654.24,619257.55,608241.2,649452.54,569447.01,640216.04,653340.54,599218.57,620285.86,634401.49,657532.7,562148.86,653285.53,646785.66,606122.59
342154,828965.88,815500.02,857675.05,793871.74,903848.41,893026.46,877869.86,817713.42,804159.63,826249.7,792259.35,868188.39,813905.6,787232.75,812955.18,855215.27,836410.25,822665.54,869959.17,820890.51,889816.92,821787.78,903110.52,829752.14
343154,946055.72,848758.2,860023.18,889584.92,879009.98,831976.09,895962.99,913384.76,804063.66,842755.01,927049.12,942898.3,904233.05,848839.1,907354.27,862944.29,813947.42,821281.67,857230.44,851055.51,870055.73,890919.15,827195.61,885485.67
344154,579513.29,528730.77,548379.74,496717.69,543488.21,589936.4,545084.43,528575.62,534109.89,511195.57,501709.52,532745.45,533493.6,590024.06,539436.17,563281.4,522442.31,524887.48,539975.52,568167.64,478449.71,572701.2,576886.12,557075.13
