0,796270.28,796970.09,836263.03,857327.64,805542.55,828065.22,876993.38,845673.55,861713.52,822518.1,826943.84,845621.27,866795.33,871879.15,854984.04,771811.9,855535.21,797834.83,843400.93,793905.97,856734.91,725098.69,791339.85,762102.02
982,1053696.38,1074595.57,1106448.78,1130497.74,1058226.78,1044302.26,1065477.58,1031110.35,1011744.25,1137666.58,1051187.31,1003946.18,1018708.01,1081889.36,999573.8,1017280.4,1116919.58,980694.34,1035885.41,1093868.14,1047858.26,1103114.08,1021576.82,1033979.28
1981,1129745.46,1102903.21,1135353.0,1209977.17,1203398.79,1157505.26,1167848.45,1150717.38,1143564.98,1146933.98,1078851.2,1203429.34,1107303.44,1155547.98,1145229.18,1225745.76,1139782.74,1101137.52,1106639.64,1101514.5,1070517.0,1072818.65,1150314.99,1212653.53
2981,1144276.54,1204250.11,1163766.48,1138771.99,1129323.69,1077959.64,1123231.73,1185021.15,1208825.69,1075657.22,1236867.43,1127882.51,1077896.7,1116452.04,1200122.05,1141172.52,1169282.69,1117999.5,1126654.6,1141770.78,1137365.88,1139834.62,1183436.23,1067907.46
3981,1268304.96,1238574.09,1208900.26,1171601.11,1211853.99,1223556.37,1286916.89,1225738.21,1139699.16,1166682.39,1248182.31,1127103.43,1148524.62,1214085.39,1102417.67,1197169.61,1157294.93,1238803.48,1043559.24,1195356.75,1131254.46,1263860.15,1205641.0,1143456.59
4981,1151449.59,1086102.19,1210622.22,1244876.03,1240170.42,1186856.85,1141318.72,1196313.34,1277607.4,1225771.91,1251235.96,1132759.17,1196305.87,1216511.0,1225732.05,1144206.15,1027561.08,1168132.23,1178140.8,1258185.01,1191144.96,1202071.97,1171906.36,1181132.3
5981,1248739.77,1300156.47,1185721.03,1139738.39,1285575.07,1286372.7,1263139.03,1291797.52,1309723.28,1278518.16,1219321.76,1284266.18,1329174.98,1153387.43,1242835.22,1301476.12,1199931.68,1258000.64,1297877.03,1237877.0,1252742.9,1301518.15,1301556.85,1272357.49
6981,1187896.11,1360349.48,1353309.91,1301147.73,1370467.42,1348573.16,1330499.86,1174260.29,1260501.08,1311181.75,1367749.62,1302115.21,1343617.34,1412101.1,1335504.72,1337979.62,1270475.71,1347944.31,1274323.49,1340696.03,1284237.94,1451213.15,1279197.85,1246207.21
7982,1340065.63,1467106.17,1358798.73,1520138.0,1415241.39,1435280.93,1384555.65,1384537.6,1365101.04,1417906.74,1409658.79,1464053.2,1423613.45,1365076.87,1370678.36,1324149.63,1400290.92,1329912.64,1252175.43,1384836.87,1477149.94,1381767.15,1391288.92,1333069.73
8982,1559985.53,1427915.19,1462872.7,1634724.05,1520743.68,1407620.28,1576388.51,1381469.14,1480218.25,1401663.58,1377942.67,1581677.6,1534496.36,1506379.72,1625349.56,1396764.94,1417913.94,1602236.93,1457993.76,1478214.93,1409399.86,1565349.4,1536815.25,1569877.51
9981,1893951.16,1736319.5,1779779.72,1865267.59,1830183.1,1866458.69,1807529.75,1956059.57,1782635.02,1843254.66,1845727.68,1865382.0,1840693.61,1794730.03,1994126.42,1759435.94,1761751.16,1984781.87,1736328.84,1747773.48,1863641.73,1723548.56,1818710.19,1827911.36
10982,2115569.49,2185985.22,2053685.1,1994172.0,2060101.28,2002418.85,2011242.21,2201270.89,1892970.82,2197541.42,2027362.31,2294399.36,2165798.49,1992129.67,2239568.59,2393144.31,2088458.01,2232006.57,2198324.25,2062310.51,2055290.16,2252899.44,2103595.35,2311702.2
11981,2562463.6,2420900.33,2386235.96,2554343.93,2533413.39,2438806.51,2540392.13,2595091.56,2403098.57,2465398.46,2321675.7,2497193.92,2632698.39,2592064.51,2474664.45,2452123.97,2875235.36,2211940.45,2652857.51,2634497.2,2457722.06,2549526.55,2582274.41,2401304.01
12981,1998296.54,1830424.16,1945144.1,1791842.23,1908106.88,1906652.03,2060101.02,1927414.43,1977693.84,2012440.78,1770778.76,1951420.74,1944694.15,1840364.48,1797347.89,1951812.96,1885662.51,1954283.74,1900033.14,1814312.72,1923241.17,2020468.78,1830090.31,1872192.25
13981,1648380.9,1797125.72,1644410.39,1759738.24,1639378.18,1547837.9,1793465.46,1819205.7,1868256.75,1664315.71,1720291.6,1674449.96,1725223.97,1655650.33,1712653.77,1695353.37,1722342.8,1833532.72,1531820.16,1680891.09,1631216.8,1586941.69,1699033.36,1805045.45
14981,1588766.97,1650874.31,1581867.78,1600645.73,1525039.48,1574578.59,1616759.97,1597955.18,1699828.29,1504782.01,1593584.23,1528509.46,1722923.04,1506317.1,1706820.38,1418515.35,1592893.44,1613708.48,1522810.8,1650598.19,1562053.39,1598483.92,1629995.96,1698303.79
15981,866498.94,838572.59,939002.34,840194.23,865586.44,883924.56,881700.83,830507.94,957689.43,908975.4,800269.52,889904.28,937608.96,915686.5,811858.55,892206.14,906301.47,946637.99,883136.39,902831.29,944631.8,896113.78,939628.48,955315.93
16982,2265420.34,2334419.8,2317151.75,2411702.43,2189020.07,2222449.81,2263491.91,2297029.36,2255545.59,2232788.83,2213935.18,2342219.38,2226806.5,2207012.27,2238611.27,2381064.27,2214959.87,2059418.92,2347129.96,2394934.96,2328335.4,2204473.04,2330824.94,2055394.71
17981,1865830.38,1952569.27,2106594.11,1839911.04,2085270.61,1735857.37,1749357.13,2033757.4,1862319.25,1904909.4,2055379.99,1953698.39,1786369.76,1885821.96,1733162.32,1904318.21,2040596.46,1873538.76,1779438.09,2147023.19,1875883.86,1772145.44,2015434.94,1736272.13
18981,1654203.84,1794680.54,1724080.2,1778679.88,1691562.32,1705383.34,1607985.51,1785628.19,1743798.38,1653072.05,1598386.16,1724330.77,1791198.66,1890154.72,1638522.71,1629407.78,1808338.97,1786106.84,1695603.47,1903295.38,1607426.52,1552576.82,1542560.3,1671574.27
19981,1541885.26,1524762.47,1495116.74,1599379.18,1695385.83,1661526.37,1618047.58,1547938.03,1749871.23,1541225.26,1622359.49,1621562.64,1535157.79,1623262.24,1625627.45,1543621.7,1655342.21,1583935.68,1771804.6,1585187.28,1653687.74,1486080.37,1516829.83,1500796.55
20981,1021196.45,1019795.23,1016241.48,982961.62,928302.82,926824.72,952595.94,922640.88,972851.23,902650.38,977656.99,954737.66,922649.16,978987.58,965710.38,987119.34,914998.12,942576.82,1012576.66,936838.47,962128.75,967081.37,948771.36,943934.79
21981,2526577.0,2396964.85,2438941.97,2404975.83,2379347.16,2362355.66,2560731.58,2581583.12,2616864.47,2328612.44,2388813.14,2435815.87,2620021.6,2451019.24,2396433.51,2431477.27,2253755.42,2364865.46,2311646.74,2222614.35,2363769.02,2402809.03,2534331.01,2651319.04
22981,1669995.64,1832993.69,1671506.11,1715508.93,1787787.3,1798138.78,1779077.8,1666724.41,1879971.84,1694095.71,1836209.57,1616269.05,1780455.13,1735673.99,1666680.48,1612406.01,1760905.72,1806905.48,1620708.21,1609518.16,1577844.08,1615350.01,1817101.25,1783585.35
23981,1621714.93,1617553.06,1688785.47,1694509.51,1774359.71,1800098.14,1640900.23,1816712.22,1532266.23,1744232.04,1763979.53,1601960.45,1564022.24,1639466.35,1742830.0,1816236.22,1673104.09,1613019.19,1668293.12,1699185.47,1745794.97,1784545.39,1565068.54,1712273.45
24981,1535412.96,1490979.59,1474323.04,1588397.2,1560080.79,1576674.24,1404961.33,1497606.36,1478022.49,1440636.59,1587643.22,1607212.91,1466570.17,1549496.28,1526460.74,1569296.53,1587737.84,1624542.26,1579791.49,1556249.16,1570588.48,1587569.92,1581695.56,1552941.38
25981,906358.71,911890.73,1050171.9,902943.85,1016997.62,967016.19,1100656.83,1033951.91,1054696.27,1036790.32,1022199.66,921673.0,1000073.96,846095.63,976160.88,999798.97,1008137.86,1031053.42,1053589.05,866818.29,1042418.3,1013789.74,1024112.25,1010907.17
26981,2359178.14,2170637.28,2497826.64,2309360.67,2345092.71,2399508.97,2586220.38,2419965.78,2409076.17,2239380.42,2456916.47,2516251.46,2335723.83,2524020.22,2194924.92,2303070.3,2327030.57,2355485.13,2256716.49,2372790.83,2599332.9,2506679.04,2327899.69,2406649.61
27981,1903052.45,1938968.59,1684032.28,2007821.39,1959316.25,1802591.83,1821497.72,2101638.85,1918674.33,1741095.89,1858117.39,1829836.18,1875166.52,1934731.11,1804386.38,1891963.06,1686077.95,1769939.81,2001838.43,1868753.39,1957627.94,1946821.63,1927934.13,1912219.41
28982,1652714.82,1876549.14,1677667.54,1685348.06,1758910.09,1840197.24,1844210.34,1777677.67,1675647.19,1796528.51,1675402.88,1565317.6,1614492.95,1654240.44,1726388.73,1670186.68,1810304.89,1821130.13,1652613.61,1662161.91,1589878.31,1723815.49,1610132.01,1738124.91
29981,1712852.25,1672846.19,1683874.63,1669918.32,1601793.38,1755972.34,1615900.13,1575032.28,1666941.92,1705686.63,1735976.38,1660564.46,1508758.3,1655959.36,1721645.24,1567763.1,1745457.85,1576683.42,1578441.75,1689328.03,1619102.1,1452287.8,1715975.62,1767471.1
30981,405283.6,379054.59,402611.85,419944.04,439831.55,399806.33,384486.01,388159.6,423210.08,389925.29,436049.14,405226.63,402785.04,408130.76,404398.32,391487.55,409576.35,442040.44,408142.41,398428.87,409316.63,435529.3,378441.77,415606.01
31981,1156316.46,1171256.07,1197298.53,1175172.82,1082281.97,1289584.17,1075312.82,1227682.06,1207389.64,1123276.92,1147428.6,1180730.63,1180384.55,1155779.22,1100957.12,1102567.59,1129553.93,1175192.24,1163557.26,1126319.16,1197188.82,1240069.53,1228777.79,1143010.19
32981,2593825.23,2491324.12,2571395.38,2521925.3,2669794.15,2639712.22,2749118.85,2645934.95,2566315.07,2427343.02,2641660.25,2790094.44,2701751.22,2562132.52,2889250.0,2605826.6,2419694.07,2491828.95,2785527.86,2825357.34,2699460.97,2646785.57,2722612.3,2653914.02
33981,2418991.46,2433869.63,2366521.75,2309991.49,2230548.99,2383738.55,2174495.92,2290959.65,2354161.05,2321674.84,2272978.44,2130417.13,2108311.44,2271712.12,2256524.2,2321265.58,2306938.51,2133811.36,2320452.21,2435040.53,2227200.42,2252416.96,2289284.76,2484601.95
34981,1828022.69,1845920.83,1804282.64,1800815.68,1828472.18,1778728.64,1694739.79,1775771.41,1635394.6,1771189.14,1906237.35,1787496.96,1923697.78,2085468.31,1848712.5,1878174.09,1739226.8,1893357.86,1810591.61,1871139.63,1787966.14,1664577.73,1773086.39,1921365.56
35981,1205792.15,1201257.28,1218514.24,1241972.35,1182071.64,1277234.6,1097900.8,1199714.02,1168990.0,1269373.6,1142624.7,1292581.37,1186957.95,1158276.11,1251897.95,1180146.98,1218105.45,1287222.91,1227038.25,1169838.63,1232692.9,1183327.77,1298080.05,1285299.43
36981,2073326.62,2180607.09,2216163.52,2267955.24,2247152.37,2148672.84,2297147.59,2317858.61,1969996.74,2082537.81,2158036.29,1959706.33,2238329.68,2224881.63,2212652.9,2320529.48,2210787.11,2173380.42,2135136.48,2240591.97,2035687.99,2192250.59,2100935.41,2125144.48
37981,1551905.51,1726039.83,1807903.15,1593128.2,1798192.35,1759596.77,1808477.67,1808606.97,1857262.77,1566485.34,1704414.77,1805266.62,1681050.19,1798659.92,1863341.34,1798115.74,1772053.46,1723549.12,1678015.72,1817497.85,1727337.03,1836137.48,1704488.0,1701602.88
38981,1778414.92,1830806.22,1700971.95,1726006.11,1676626.05,1731314.4,1695437.78,1610903.18,1649582.59,1697944.89,1738384.29,1806082.55,1745263.07,1645011.21,1553859.42,1912929.11,1833554.87,1559737.8,1718156.73,1725659.82,1748287.92,1679496.63,1587352.88,1706179.82
39981,1580535.11,1597361.09,1861146.98,1756115.62,1635153.97,1558786.0,1818556.06,1694345.0,1646405.0,1945235.0,1602427.12,1763238.94,1903045.27,1711238.49,1776145.96,1776109.33,1780713.91,1604543.53,1773285.58,1694294.2,1705284.29,1751555.77,1854425.64,1658962.29
40981,1343990.87,1312555.71,1316675.65,1356614.94,1244723.91,1340346.35,1339614.99,1231933.25,1214441.06,1347473.9,1352442.32,1229650.28,1221188.15,1245510.89,1339602.18,1282457.17,1325025.08,1292548.5,1176132.52,1346093.6,1252661.39,1381195.45,1363528.19,1146493.21
41981,2234326.33,2286250.08,2060547.26,2069602.52,2267141.87,2359250.28,2234756.41,2233856.09,2089860.24,2174221.05,2180819.4,2173589.33,2162802.11,2129652.01,2102904.58,2215237.12,1848210.92,2143482.25,2254714.13,2174925.73,2210895.76,2265927.85,2237231.99,1970876.69
42982,1788654.12,1603255.16,1588280.68,1607100.75,1717529.78,1601428.29,1729840.39,1712018.68,1657455.1,1816798.11,1702239.58,1673547.27,1645489.82,1593817.52,1665472.82,1618519.7,1624096.72,1599619.79,1808472.57,1695379.84,1707981.37,1598321.87,1645461.37,1669439.63
43982,1667078.35,1807967.58,1684579.19,1606007.1,1709302.29,1794817.61,1699797.1,1678352.18,1657241.77,1662245.43,1578022.81,1698015.43,1819596.21,1786833.1,1686020.57,1772397.52,1612527.64,1734974.15,1703673.85,1742264.61,1724868.0,1741396.55,1555026.38,1587553.44
44982,1655832.48,1646107.46,1688631.68,1557185.13,1739355.38,1616705.38,1662897.15,1723755.42,1708317.32,1533538.89,1496703.03,1691712.87,1574798.58,1668535.08,1639224.29,1799197.36,1588900.48,1712513.55,1668534.26,1678338.78,1776481.71,1624479.23,1618802.72,1597764.07
45982,1109990.03,1055286.47,1028905.05,1096591.07,1011144.86,1163745.51,1049968.43,1127416.79,1146343.47,1080235.51,1097660.11,969579.87,1141775.09,1086188.97,1077939.44,1165123.14,1077099.56,998698.21,1027976.21,1143842.98,1144145.87,1096342.92,1043351.98,1047129.47
46981,2257480.29,2233114.39,2501297.34,2326614.81,2496715.15,2255049.85,2609077.79,2453324.22,2475196.2,2427530.55,2456615.52,2344072.3,2330655.17,2249378.45,2540503.66,2442909.54,2411603.58,2401740.12,2345639.14,2444168.41,2536697.68,2540243.28,2288063.05,2346811.59
47982,1561764.72,1562817.26,1494346.13,1545626.82,1673619.48,1538894.77,1577598.68,1579967.49,1764847.66,1594444.56,1764460.01,1602168.97,1598953.79,1572642.7,1759285.8,1660829.74,1562714.81,1608118.84,1508656.14,1445719.55,1698456.67,1401413.4,1663762.15,1556186.16
48981,1061931.28,1032677.97,1033874.79,1018433.7,985013.63,1035554.94,1034217.66,1075240.57,993480.12,1059914.19,1057839.3,1093595.1,994424.79,1095912.5,1054865.33,1158415.03,1031150.02,1132661.39,989397.58,1083596.74,1058241.43,1029299.04,1003950.82,1045369.82
49982,1584056.96,1712213.84,1757491.74,1607640.45,1669994.32,1723477.27,1856181.0,1823628.47,1707254.64,1656079.81,1614448.75,1553396.36,1708293.0,1730824.75,1789968.89,1726750.32,1767190.9,1927628.45,1642607.77,1694130.94,1548580.79,1694021.14,1640441.2,1691524.88
50981,793311.94,742197.25,791301.25,791422.64,726208.5,776198.05,731522.18,819902.96,799178.29,767164.8,709251.85,756353.94,738984.55,728444.05,709150.03,770439.14,826417.78,822189.91,766185.11,752197.86,793651.93,747810.38,764173.67,745571.0
51982,1239064.25,1096264.45,1134005.68,1090253.27,1177314.05,1236381.42,1133406.48,1159885.05,1114762.83,1137575.11,1085859.67,1052362.68,1251487.01,1036268.8,1153799.07,1157493.65,1191462.64,1177789.94,1155329.16,1143039.41,1197415.47,1120692.69,1144982.16,1125541.1
52982,2152853.17,2394581.27,2267180.44,2254433.89,2480981.33,2423435.48,2365952.76,2388740.01,2435967.99,2504194.88,2410390.79,2378421.43,2209830.48,2462190.78,2244883.97,2588656.79,2346845.0,2459195.95,2367752.97,2337149.8,2304979.94,2463077.14,2123139.2,2611587.41
53981,1128934.84,1266088.48,1188045.69,1069453.65,1114247.99,1266182.69,1160114.67,1232228.37,1189037.99,1245073.02,1138368.01,1278789.09,1157590.71,1183666.15,1103296.0,1164809.78,1169529.48,1312396.29,1201579.02,1273686.4,1126369.4,1052904.51,1161015.01,1232216.83
54981,1436561.18,1329867.76,1402058.43,1424548.24,1430059.3,1356931.28,1391375.94,1349430.33,1333974.42,1320248.79,1443954.72,1471323.24,1473857.28,1464359.61,1443017.18,1421696.78,1399146.08,1316072.7,1481251.26,1506871.18,1324835.55,1354807.75,1434731.33,1324469.33
55981,1455812.25,1512234.97,1455131.99,1534210.16,1498584.42,1399651.05,1473049.33,1592891.61,1413815.78,1439740.99,1555792.98,1463099.5,1522323.24,1648994.32,1480362.13,1415014.47,1535038.21,1771629.49,1556717.22,1405305.96,1427477.03,1470640.34,1366708.8,1447381.72
56981,1092893.76,1111906.76,1070115.29,1161938.19,990056.34,1116273.25,1094479.38,1160845.09,1148981.94,1139485.48,1130431.83,1067903.5,1159844.11,1153924.82,1158316.14,1173486.78,1069430.37,1123624.86,1148106.35,944672.84,1042944.55,1130569.41,1072795.67,1137291.14
57981,2183034.44,2343366.82,2095960.35,2151226.68,2314812.15,2173934.39,1968238.22,2122104.36,2089758.45,2271599.45,2137922.49,2088872.71,2181209.36,2069760.2,2276551.23,2092903.57,2207783.53,2002708.61,2335136.16,2227891.46,2290293.15,2178622.86,2060303.52,2104691.55
58981,1722990.74,1586623.2,1535525.15,1607962.93,1666395.26,1639948.01,1640989.52,1548344.42,1606488.96,1588124.99,1616769.3,1579292.69,1716579.49,1621686.07,1687807.84,1755451.31,1604345.35,1613791.4,1680514.43,1569742.37,1507577.23,1598420.39,1624093.58,1667660.67
59981,1282687.54,1162417.62,1089232.56,1236162.67,1308592.49,1330422.66,1172120.14,1288097.75,1178341.88,1315971.34,1268275.43,1332440.82,1280868.11,1260317.17,1289500.41,1255744.7,1255597.06,1331886.62,1286194.84,1315930.22,1342166.47,1391431.33,1167974.95,1302398.87
60981,1055655.45,1038085.36,1017786.18,986751.29,972341.68,1092090.85,1096796.15,1121937.71,1027902.92,1032700.46,1066075.48,1058113.82,1115392.46,1109785.41,1033911.81,1098577.58,1052892.94,1053990.38,948243.54,1064625.73,1042068.32,1084338.58,1058641.29,1018381.56
61981,839369.95,881022.77,923394.31,838885.86,885513.5,835302.8,864625.24,879173.47,920804.89,875540.08,905149.85,835196.85,849578.61,846685.04,853812.13,947644.48,841405.51,804333.04,833777.54,844484.74,884720.82,923614.58,814334.83,896633.24
62981,1335946.6,1242005.7,1267161.95,1249768.34,1275068.63,1180823.68,1403807.19,1222950.77,1216179.66,1159110.01,1361017.58,1171321.3,1220887.0,1171127.07,1224752.93,1155848.87,1187124.46,1151110.37,1269950.94,1260510.12,1268971.02,1269901.67,1160618.25,1263359.24
63981,1087503.65,1019746.86,1098890.39,1006259.44,1122728.07,1082098.43,1174392.05,1050547.31,1086110.09,1037228.45,1051714.05,1069014.89,1109280.61,1056477.65,1043034.77,1196030.11,1001325.08,1133883.33,1056524.42,1143278.29,1077689.51,1069880.54,1008404.95,1108442.12
64981,971859.74,927949.62,986696.0,885341.52,1067381.07,919305.36,1055257.4,953260.21,899114.71,951422.39,922652.16,1004456.85,986414.79,981428.99,962343.58,972012.97,975427.52,972705.71,997402.79,927838.61,963442.11,995531.51,958397.36,834527.01
65981,1043196.59,1094471.17,1096277.8,1005706.44,947017.42,990290.14,1034363.06,1068234.11,1076097.57,1009503.16,1105677.83,1063481.14,1117689.41,1132753.46,1146918.99,1134941.82,1141489.8,1058940.73,1137442.4,1095359.93,1011694.39,1069099.74,1099873.17,1066408.69
66982,978588.55,919004.23,976628.01,933294.58,850088.49,898352.12,949393.35,925641.18,953319.24,1038163.28,958719.2,1003317.8,989658.66,894637.6,1000615.61,927852.12,1011783.23,855946.04,885138.28,972957.37,959637.75,841203.58,925935.99,1009952.18
67981,1231340.9,1307320.4,1273415.29,1278254.34,1255886.52,1278864.04,1296967.65,1165412.78,1195118.9,1228999.92,1250966.34,1158530.19,1255875.5,1339372.95,1265569.87,1199497.67,1111814.31,1256040.26,1248214.26,1185553.75,1281015.34,1204996.43,1326847.29,1260133.81
68981,1344395.17,1188739.91,1373115.39,1212271.7,1195585.18,1396099.05,1389697.02,1315972.8,1202786.5,1401003.55,1362063.35,1355189.95,1365650.44,1239718.5,1304681.07,1304559.46,1269049.4,1287981.03,1354460.38,1187132.03,1374157.75,1292424.61,1313771.65,1285184.87
69982,1124504.08,1129012.88,1224139.0,1161395.86,1255184.98,1157538.79,1201870.0,1257120.78,1264738.67,1332742.3,1222830.9,1160149.93,1208835.6,1101039.63,1298953.03,1167665.34,1078807.4,1239387.95,1235853.68,1223602.73,1189527.19,1140172.3,1142365.36,1198630.91
70981,1130415.61,1167992.16,1164666.75,1221640.01,1215554.75,1148628.01,1125668.84,1236570.18,1218708.26,1270651.9,1150037.28,1229109.07,1148539.65,1166961.06,1183465.27,1048676.02,1133405.76,1196528.35,1251405.83,1245293.12,1105144.8,1154102.82,1217313.58,1207239.09
71981,740602.04,741362.31,657762.94,665427.3,695283.21,686118.09,629577.72,656629.29,661415.78,747294.28,674526.38,682974.42,694081.0,701894.68,699620.63,772093.04,717901.84,698348.21,716337.97,686958.49,654219.74,666767.73,720961.07,698209.04
72981,904632.64,961649.83,876363.85,800429.3,1005194.01,948199.24,919375.67,911930.04,872226.09,912179.8,835499.57,924884.05,929733.84,972097.84,915942.65,933528.26,933255.22,872975.29,896345.28,938899.23,972349.77,798502.58,971885.22,954604.25
73982,1138434.71,1107334.06,1166093.2,1042545.65,1137564.51,1212840.4,1172670.97,1196171.53,1132122.48,1118837.79,1216583.06,1259580.33,1066293.87,1047722.61,1058554.16,1163728.32,1087648.76,1150100.82,1101612.39,1204504.72,1197422.86,1189544.91,1219312.61,1095607.59
74982,980228.29,906792.47,1044318.84,994021.15,980912.88,999563.36,1037593.96,1053898.33,1002487.46,960152.12,974412.66,985660.41,1033832.65,985815.9,1018913.18,1064807.6,1089075.05,1023254.2,1087483.3,1037289.48,964155.48,995696.96,960949.72,957494.79
75982,843617.56,882393.4,910323.89,882179.33,889325.21,942925.65,860006.08,818120.13,870902.47,924827.86,851442.5,903171.97,873770.67,857662.84,850554.2,887863.21,824885.56,859110.68,934581.5,917850.61,820757.25,916023.65,913687.52,840181.02
76981,942987.24,874108.68,865555.33,884946.25,898445.34,930834.61,804982.31,871153.34,847803.03,915814.08,897986.78,815965.81,829099.34,907823.04,807313.02,898630.22,824249.13,909478.12,915724.79,858704.45,887015.86,868091.32,896785.38,944339.78
77981,1105221.24,1090943.12,972675.56,1016451.77,1148443.39,1036491.66,1036361.08,1046166.04,1008256.31,1095092.62,1034424.81,1122719.61,1016003.83,1071479.67,958973.75,1066113.68,1018262.21,993216.51,1093368.64,932083.68,1068928.05,1076189.5,966945.33,1121008.4
78982,1121257.42,950212.12,950811.85,982100.19,1042243.91,1129218.64,1070813.92,1006300.19,1084482.78,1078010.64,982491.55,1113134.21,1112798.22,1144256.72,1106409.6,1003029.56,988256.65,959822.5,1027472.45,1037103.39,985024.67,1054627.17,1020613.69,983356.53
79982,886493.11,878729.55,880329.89,904388.3,885093.0,965378.89,906751.6,827613.36,883877.49,858288.5,929965.18,869767.83,872409.45,952396.4,912510.9,857963.81,924772.25,856582.09,941543.28,833193.65,905211.25,882989.34,879413.42,859749.01
80982,651465.54,657179.48,647871.24,674863.91,660852.25,658967.25,666672.93,687862.62,714419.2,682993.33,672703.66,692056.94,660359.8,663635.34,694315.64,663822.67,684047.77,697458.73,726442.14,741738.93,649245.15,702975.67,646160.98,688341.89
81982,1084747.49,1052812.78,1067660.95,1088358.81,1091815.64,1019588.5,1088285.73,1165029.64,987473.07,1062656.77,1097352.43,1044680.4,1124961.99,1049717.71,1133805.25,1068236.1,1015728.19,1028200.96,1110894.67,1096357.81,1023023.54,987149.14,1074379.09,935678.87
82981,934748.47,906477.88,1027061.92,944433.79,986709.16,997909.92,942054.58,1033579.47,1095385.17,1086933.53,1029536.39,1027926.0,1120296.1,1015339.46,965359.49,1015673.07,1082351.62,1018770.15,968093.28,979112.45,1008503.2,912728.32,1047396.56,1084863.76
83981,1144365.3,1255500.62,1193957.4,1280672.07,1164442.42,1133484.32,1219217.14,1178813.1,1154367.42,1102253.64,1141663.46,1032276.48,1233820.98,1139391.94,1127389.6,1243981.53,1224638.13,1153031.83,1127548.9,1052749.98,1180499.88,1190094.05,1133841.16,1205805.64
84981,946249.87,878789.22,938652.34,996535.19,974997.7,856951.0,935644.54,955553.23,1025510.55,939698.69,976188.52,858185.83,967767.07,1051795.22,921505.22,898553.11,816477.52,964660.89,972619.26,903435.09,922919.4,921997.39,1011206.65,817531.7
85981,922239.44,969151.38,862943.9,949302.87,1009290.33,959962.82,990474.73,957051.13,985147.81,999695.79,973730.57,920388.62,899465.15,929422.55,881234.05,924057.03,902643.25,988599.6,944996.95,971314.27,945579.27,988980.76,933012.27,914343.43
86981,1200580.96,1060106.54,1040643.56,1052146.14,1139010.19,1026219.36,1088735.46,1140916.78,1085692.28,1066815.19,1148498.8,1082772.01,1048164.04,1182073.68,1128559.43,1118379.03,990919.82,1118657.4,1057396.85,1078692.11,1032777.73,1120304.83,1026608.4,1070421.86
87981,1182766.72,1162186.23,1150005.3,1098574.09,1052541.68,1173935.93,1078876.95,1040571.01,1081021.03,1130853.97,1011743.78,1065343.03,1086294.24,1162515.56,1129885.12,1031742.17,1111014.48,1078701.46,1181910.65,1140985.14,1055370.95,1084068.44,1082223.04,1130036.14
88981,1027271.95,1021563.13,1035614.19,1056149.32,981841.99,1036475.0,1082224.04,1125564.33,1126743.9,1040474.52,1090371.98,953542.53,1004708.83,1035556.73,1054047.6,942254.2,1096718.11,1011173.35,1118292.5,987360.62,956653.44,1049931.08,1020683.99,1016683.46
89981,687178.04,751550.7,769230.73,748105.13,708119.56,662506.42,644062.02,735088.06,668330.63,726117.16,681117.14,679187.98,725698.32,736002.74,736400.85,663195.49,733264.34,654337.01,711528.29,713037.55,732122.06,737382.97,766233.65,747292.71
90981,595492.36,524497.83,622888.25,562636.55,593430.69,600554.78,561644.63,629557.56,574772.03,578033.18,583127.26,599220.56,585232.29,585532.01,589303.91,610867.56,630143.09,565314.87,580561.56,580983.24,614508.65,625498.28,533134.05,622128.31
91981,748402.55,822446.23,744320.33,827676.97,814132.09,874757.62,781886.65,864499.79,811404.47,737882.92,756313.24,748833.34,729534.34,812197.18,810887.8,803724.94,791686.74,743472.88,768772.96,816495.82,848301.91,832970.13,801918.24,806032.93
92981,799243.83,720556.89,774129.52,802902.71,829713.15,676272.79,811328.3,757635.08,769815.21,813961.28,791440.4,762810.41,727799.5,803674.16,710800.64,767202.03,745217.61,780713.34,828007.29,730777.24,864111.51,765692.01,782480.81,726198.24
93981,428548.33,400471.93,417630.45,394167.95,406194.69,433669.85,446485.93,419490.35,417199.69,462523.04,388183.58,425632.05,435661.21,383261.61,435283.0,393944.09,422250.02,392570.95,433530.65,377320.57,393332.46,401121.55,372882.34,441760.32
94981,1000723.08,1043949.78,1067098.25,1147298.99,1158988.96,1066435.58,1113633.59,1152135.4,1084989.46,1009993.66,1134565.64,1093899.65,1039186.2,1095974.13,1105207.63,1147004.86,1147567.69,1159704.37,1039195.43,966799.77,1049596.16,1019059.08,1091611.85,1203491.83
95981,1123051.49,973809.93,1002455.1,976483.9,1105695.48,1055084.21,1043023.09,913290.21,1049328.57,1087889.23,1010510.66,1058945.89,1080785.43,992819.93,1019960.59,1022112.53,1002909.63,1049561.77,1101333.8,1023778.93,977384.16,949918.57,1093522.82,1061384.6
96982,1342740.56,1283974.21,1355142.35,1407872.11,1360587.41,1392788.46,1397882.7,1215287.66,1446140.54,1367341.65,1477922.29,1536925.12,1332461.48,1385903.24,1381934.63,1296535.65,1428978.83,1396958.36,1303970.62,1293252.35,1351163.58,1429964.87,1420667.03,1415493.25
97981,1075494.51,1206123.39,1032616.3,1020133.08,1030785.48,1131675.05,1074505.6,1058132.59,1097033.37,1102076.18,1074448.87,1017861.02,1138712.08,1124469.5,966234.44,1119462.46,1082377.85,1117657.54,1060411.83,1080054.5,1044945.76,1112094.73,1074758.46,1072282.35
98981,801272.26,835443.37,855862.78,936650.59,924353.37,833483.68,888815.86,894546.92,881436.85,849367.23,860048.79,842140.57,918106.65,836376.25,883195.93,926596.83,832564.86,885407.24,915275.01,904466.17,866265.79,911526.04,789132.73,910452.81
99981,598505.9,615251.72,607345.91,618616.33,591876.07,624935.49,634047.82,646643.97,595367.44,626422.33,621538.99,581396.19,685535.67,600368.85,591381.29,648598.99,589040.72,575722.05,635086.39,602675.58,605454.62,595423.68,616952.12,625593.85
100982,567849.82,548219.62,527180.58,542853.8,548966.93,556059.47,578144.08,555080.25,549954.64,529416.79,524209.53,523681.84,541576.18,525018.09,553893.12,533391.12,579197.2,560046.09,524564.65,555115.99,541388.12,568215.62,621316.09,551593.56
101981,307247.04,303569.73,313036.25,309029.14,335277.29,321756.22,329268.44,317370.23,330670.37,317337.14,326103.6,323804.09,320297.11,278751.05,335271.64,322448.14,302053.04,302671.55,309547.86,335398.12,341850.17,331115.09,319773.35,346257.79
102982,311029.86,290546.59,302246.48,290031.43,313887.86,292022.58,310907.81,284152.93,332948.3,317249.17,298599.7,304395.26,297409.96,303983.08,327552.74,302909.33,308976.14,319062.09,307741.58,310063.9,314197.15,288956.4,328203.44,274111.87
103981,408637.94,372969.54,372021.19,391380.81,381500.44,388264.5,368056.63,406543.13,356329.81,369697.23,393943.36,388169.03,398416.84,363889.32,406002.63,384881.4,383169.23,419799.74,379610.35,383066.91,368995.26,401422.09,411184.41,420489.18
104982,303158.5,280937.41,287424.93,277232.77,292093.2,266756.72,275180.59,275158.22,308740.77,267622.84,296767.56,271798.73,293191.15,284583.78,290085.62,249297.37,257535.21,276054.13,283061.71,277464.24,279464.61,297526.24,300144.72,273538.06
105981,557210.38,532841.82,518145.35,546229.7,514530.7,513026.28,508930.5,544226.23,495110.24,493142.34,543306.56,506288.47,538274.27,477287.68,539629.99,501783.81,516706.53,535396.72,528152.19,519862.91,491672.02,540049.84,517384.75,501991.5
106981,974213.34,955380.14,886249.3,925934.65,869597.78,1004939.17,971755.49,971999.97,886720.35,1009539.59,924386.19,1029525.08,1022576.87,929520.02,940295.52,914595.81,1032379.84,963643.72,938764.19,941675.13,1010094.42,1008484.42,928664.1,1041915.5
107981,812149.37,808542.42,758042.17,827768.35,774193.26,815414.36,734134.98,776589.48,759182.83,757577.62,805822.42,756698.94,805728.77,730845.79,768542.92,784618.09,794356.09,790113.24,794895.2,798471.4,797703.43,761807.09,765633.71,709914.32
108982,616204.5,621746.26,675625.85,722232.65,597111.62,614690.85,650565.94,704335.85,647148.55,675968.75,681381.97,652582.2,627065.53,650236.59,664617.45,679210.38,638279.16,699554.81,648742.72,657142.61,698860.88,715345.58,699762.32,688141.49
109981,907719.43,982880.86,1047024.79,967771.86,1057945.98,959525.82,952916.74,961449.88,1005203.87,1010426.24,935309.68,953769.38,1056411.31,1021880.22,942857.03,989468.89,985980.12,1013973.21,975509.65,898431.16,958459.64,932634.97,932882.86,876802.51
110981,1028934.95,935225.69,1010070.4,1010874.06,1004427.12,990089.48,1049821.04,984434.39,1037657.74,1060689.92,967346.13,1067780.31,1046238.76,994396.75,966651.11,957852.78,1040528.57,1006359.73,989052.09,1031110.87,958957.48,980462.19,1036427.63,1117231.27
111981,1014556.56,1148286.39,1024154.53,1147468.25,1090710.47,1075055.39,1150877.36,1088298.14,1060438.03,1062208.53,1141937.57,1116716.88,1190895.09,1144759.88,1004226.22,1112219.66,1079531.77,1032405.98,1108224.47,1075753.7,1042363.36,1083370.57,1104772.46,1175619.51
112981,951466.57,986461.94,955254.63,1013916.01,921776.59,880944.18,922920.57,1033917.35,871761.54,921685.1,921472.41,962899.35,972298.64,920961.66,949210.49,895515.92,940063.45,873994.03,877312.52,913121.69,937950.47,955670.93,941899.84,915530.39
113982,971486.65,1110172.16,1089458.71,959069.17,976126.9,1071906.27,1063597.95,1005356.55,1047601.85,962618.32,1093671.87,986783.87,1031913.81,1017380.94,971520.29,980869.61,1026830.39,1139886.84,1007776.18,1069164.17,968349.92,1138556.42,941934.58,1010033.13
114981,722761.07,674563.95,704267.16,699602.76,717501.96,718588.27,670492.06,656092.94,712788.36,745473.65,643286.15,721072.25,762064.22,623255.18,668278.07,640346.3,670547.11,711756.06,709698.89,654509.32,704982.74,701986.96,707807.32,701998.37
115981,732035.51,722986.81,704663.94,699314.56,668637.64,728993.31,622107.72,702848.77,770539.68,701519.14,700710.22,675553.72,710717.17,689328.74,730257.52,719310.76,671510.33,685505.54,711715.48,653196.86,716146.0,708958.77,617688.51,694373.61
116981,531553.2,591256.35,577778.06,587696.19,547055.33,586377.96,540042.96,602885.25,509404.17,576489.06,545570.83,551694.73,567632.16,594547.58,606663.3,564189.22,549608.16,576868.46,566170.66,561883.71,529532.11,632875.85,517682.05,492694.94
117981,599574.98,582079.74,609544.49,646399.81,665177.8,619036.58,626716.16,599815.57,591211.33,577951.59,614574.55,636588.58,611617.63,605504.02,560393.31,607035.46,601528.32,512291.42,532526.33,622924.72,570653.77,593429.4,625531.51,652160.69
118982,389507.89,376664.1,437476.09,382455.04,416587.08,413950.07,392715.14,396716.69,399709.45,371931.3,374605.11,416902.69,410765.98,415124.67,385906.17,375025.47,379729.72,431971.97,402523.05,401631.46,418917.76,404667.5,406389.95,402901.95
119982,690696.02,738011.93,664876.74,741755.45,754081.88,705465.37,672595.96,711698.23,710806.39,741607.43,667560.23,660084.85,710190.07,737319.62,702424.63,737940.99,731567.52,759016.27,684607.51,744028.67,615607.47,670919.55,689603.3,702911.56
120981,609516.28,590410.86,649851.46,651392.8,636926.61,624286.36,622526.65,617817.26,597541.52,643210.05,547735.7,595817.98,593154.25,535212.38,607808.33,626073.18,595245.31,602799.73,669891.95,615461.32,628435.51,614063.7,540610.95,580376.41
121981,670275.38,697605.54,699892.59,659243.54,707671.6,689778.04,614218.33,695838.02,721265.34,635554.44,580015.03,674785.74,695636.81,711638.5,668906.77,650624.06,673252.1,666728.97,629196.53,627124.65,639526.69,660726.87,643784.29,652213.58
122981,570489.0,558910.03,635227.0,624454.11,636666.88,555802.54,596429.67,564970.54,582804.4,568253.12,594551.41,557324.61,551024.38,610862.99,597078.16,592774.38,595932.48,562308.36,589541.29,597196.94,619529.78,604733.83,601042.75,592092.81
123981,67982.35,66657.18,71521.14,78711.47,72976.62,70065.62,78659.52,73804.38,69863.53,71949.15,68969.52,68074.75,77904.02,73584.31,76976.12,70653.75,69298.71,70117.47,70222.54,65629.98,66539.39,68519.66,74965.73,72064.91
124981,523517.59,489925.81,529616.01,460165.99,541348.51,531949.93,557419.81,508141.23,538081.98,528228.81,519399.09,535372.95,503960.37,487524.24,549256.21,570290.44,518529.85,511362.06,522655.76,469749.25,495448.34,524678.54,539841.04,530030.42
125981,748487.22,798219.84,710481.75,771835.28,706938.03,684195.06,695687.23,693330.65,733982.77,800516.65,779961.14,799944.87,751249.08,746862.69,714854.6,856042.23,781445.38,735453.7,781082.61,730950.33,689230.73,699478.4,677981.3,766567.02
126982,427658.04,431452.6,435566.39,461790.54,461301.66,463109.74,437403.62,479068.31,461915.28,440080.27,493851.67,434377.95,432847.67,458937.49,466820.34,429003.82,427872.48,433263.62,454220.06,462663.74,454876.05,440747.17,394016.6,437917.69
127981,376798.32,358183.91,399672.38,377418.16,391763.43,362483.0,434332.21,424872.87,410222.36,400544.98,387290.06,367843.91,395333.16,406100.93,371926.87,362730.81,399660.06,410137.38,351395.67,430283.99,382222.67,379890.46,390919.57,373208.9
128981,642946.6,654986.27,632303.65,667185.92,678384.63,652216.69,691881.0,637779.78,668382.78,641953.43,686498.64,628354.54,706003.72,661018.82,616446.28,623305.21,643417.58,597506.87,733232.09,691784.05,599129.87,673235.49,709588.9,651218.79
129982,875928.33,834138.68,792505.4,794410.63,849291.99,813525.06,841643.04,871771.73,850026.34,820280.79,799624.22,826073.54,786385.3,839598.09,903527.66,762954.3,747036.88,817136.78,837976.27,912093.78,867670.85,888194.14,841766.29,882620.21
130982,777003.86,663083.7,782848.01,706188.44,749797.86,764532.11,750831.98,788159.23,768747.47,851821.4,806929.72,741245.57,823816.17,740147.9,722762.69,664722.19,769903.51,757837.7,751319.22,757769.65,755557.86,719317.23,735276.15,743652.21
131981,1002310.27,983741.17,907435.72,903324.62,1009213.28,1005575.63,968017.39,997724.65,943862.18,876890.02,913961.38,986950.63,981775.94,968155.4,925424.72,989189.64,933744.55,873451.61,964914.19,966845.91,961512.93,984699.78,972934.39,898358.33
132981,1088943.32,1100087.92,1183488.66,1186075.67,1106822.46,1182392.37,1146083.59,1130629.77,1132499.73,1085692.15,1221015.45,1138581.93,1201367.5,1088016.31,1186060.92,1159076.39,1128091.28,1217893.19,1229483.37,1194560.81,1241963.8,1104617.28,1059504.04,1085725.05
133981,1031568.27,1078516.09,1129506.29,1166322.16,1082791.2,1127088.41,1189063.39,1198641.28,1107462.97,1090553.63,1078332.4,1090212.01,1115773.19,1055924.38,1130594.59,1134267.38,1117060.02,1027765.92,1165792.18,1111734.03,1257931.07,1152801.34,1166128.45,1258893.72
134981,1432606.72,1424651.14,1326647.67,1327290.23,1311420.29,1338364.04,1453574.18,1310177.31,1300479.12,1472709.13,1418141.4,1416650.96,1474808.22,1332508.04,1399169.45,1405890.67,1389558.38,1343807.95,1288284.68,1361373.41,1468217.47,1387014.96,1462817.13,1347930.14
135982,1592642.8,1594539.26,1572980.1,1444417.3,1490601.16,1548328.71,1475145.13,1612961.71,1588146.74,1548746.33,1627220.57,1578160.71,1658117.43,1570088.74,1590124.39,1696976.79,1647105.67,1509631.35,1545741.27,1586166.52,1629486.08,1521446.43,1441676.67,1502194.94
136981,1099809.42,1092079.99,1162225.36,1099575.43,1086603.18,1248370.09,1150299.56,1152736.89,1107722.88,1107120.54,1116113.71,1164365.73,1195967.1,1156827.15,1192986.02,1115786.83,1117226.42,1098207.15,1150874.49,1147879.41,1047035.84,1118740.56,1175677.01,1202329.71
137981,1347937.1,1279675.23,1276265.43,1310330.58,1270416.48,1259719.38,1274194.24,1357870.92,1193102.06,1324832.81,1343252.27,1322218.33,1254910.45,1320888.71,1335709.39,1355419.35,1196668.92,1203971.4,1262395.3,1224909.5,1341603.94,1140612.78,1397968.8,1241555.79
138981,1152317.84,1214116.17,1175793.16,1222807.17,1165196.26,1154194.96,1158458.97,1157220.99,1180653.87,1279602.52,1054946.98,1131542.3,1165057.08,1258009.61,1193885.68,1297050.44,1223561.8,1067520.06,1201469.89,1300844.24,1272917.96,1155988.77,1147961.68,1298542.67
139981,805716.53,820475.79,913066.82,837645.32,785176.16,774896.45,862335.88,882298.92,849876.57,906790.69,847127.94,852238.33,868947.94,810693.24,775609.76,804049.07,813936.78,867603.65,883285.39,793087.07,806281.26,804517.7,772269.73,829140.44
140981,773728.45,744733.42,751868.67,743264.02,881769.0,801171.59,931623.76,756328.55,797562.13,754697.13,832868.94,820671.69,830032.96,771512.19,811497.21,735719.39,770384.67,849376.78,753722.6,850822.29,867307.78,822827.98,776334.0,852953.85
141981,886885.02,891331.85,863752.82,849151.18,880087.58,896024.86,818658.48,914731.28,881586.45,830667.34,902911.41,925523.94,821803.27,875760.48,903626.78,873687.66,917923.35,867292.94,820711.69,800172.84,840211.22,910214.06,897729.96,817234.73
142982,481580.27,573134.3,546784.85,583726.76,581002.16,566461.13,589308.44,546409.09,569428.9,587303.96,551192.61,616261.12,584264.99,558233.57,582528.77,540561.91,528838.26,587361.37,545197.59,578631.79,554605.5,606793.03,528261.22,552549.05
143981,760680.85,739908.09,735094.08,759744.26,752157.99,780386.01,730379.94,746267.94,773790.8,711053.07,732662.06,696101.61,756843.95,728582.22,807389.49,743969.98,707221.81,751389.69,751095.98,772537.28,762702.65,748202.52,720702.23,733329.88
144981,749200.34,725335.03,746408.88,760309.41,829639.24,752284.5,697256.02,818633.23,758073.4,714437.19,736256.21,707735.45,757441.09,721489.16,722629.92,736122.53,738509.56,775399.37,732801.12,758538.46,824430.76,798748.47,740043.08,786173.49
145981,602658.21,661113.73,652191.49,637464.17,614803.89,630881.72,712181.58,672464.4,600624.33,587737.92,657319.66,602892.12,594879.41,675903.46,602502.95,620972.8,697180.32,538860.05,596505.93,605076.71,639065.33,648185.87,671340.79,638938.95
146981,638946.71,644173.76,665802.36,696200.36,683691.6,651593.65,651361.26,666477.04,622431.18,602882.55,623504.01,649518.2,735465.98,660985.77,632829.63,675290.61,649281.81,672605.47,645001.57,696842.76,708266.58,627637.39,708601.83,648420.07
147981,634113.24,652071.39,684012.12,623193.55,736650.5,651836.55,697194.08,673206.65,698595.47,663818.84,629782.0,663689.45,647936.29,616524.86,632733.24,732512.71,661692.11,639282.61,680390.3,686788.76,637533.09,691281.72,710658.84,677988.99
148982,846110.93,897433.26,910519.49,855289.13,832461.58,803660.87,834807.1,831167.86,802382.9,871338.75,864430.38,847325.95,870819.2,747341.34,872672.8,864847.17,793342.78,878248.79,858417.91,821517.8,827831.54,783342.03,931414.54,870318.26
149982,585105.84,569436.4,632966.54,591983.96,585144.26,616232.1,584294.13,629330.43,603887.28,625771.58,565552.21,595413.05,528285.72,621215.62,627011.3,607715.19,580411.03,608483.34,607229.0,594431.78,621609.05,578971.97,566194.48,540964.43
150982,664744.37,673967.03,715317.18,676412.13,661773.42,665737.04,656670.26,629919.11,672843.26,647855.1,692081.28,584328.67,682844.49,673893.02,704924.46,696829.18,683126.67,643210.47,656957.76,677629.35,649337.71,638661.28,657835.34,672025.4
151981,199952.92,211323.64,182172.16,202828.13,208012.85,206745.56,209498.5,210304.29,184280.35,205381.83,196388.93,200892.83,213844.64,180082.61,206291.29,191324.46,202299.89,209139.76,189609.85,195238.72,199353.11,196530.7,198014.92,218261.51
152981,1473076.49,1254225.88,1477741.61,1314540.26,1483129.17,1390451.1,1423281.2,1410578.03,1332936.27,1292165.26,1355598.99,1406482.85,1361084.29,1433555.74,1521940.74,1351714.79,1353095.63,1417106.94,1424517.45,1450608.09,1396041.55,1376857.2,1404401.76,1455615.86
153981,667563.44,708263.11,711535.38,642041.07,642477.35,704452.62,710099.49,687657.48,619269.42,664527.59,697320.01,702559.24,701632.47,690788.46,651250.37,665228.64,690673.58,691329.03,690266.57,727370.91,682873.4,656889.74,662842.14,635539.36
154981,1337860.37,1281213.3,1219363.39,1310441.7,1332126.75,1296116.8,1201397.44,1324534.31,1344523.47,1288822.6,1307281.12,1225611.72,1218888.84,1247830.19,1316560.24,1301811.95,1274964.54,1261115.84,1152706.27,1309708.96,1244200.49,1362459.37,1274626.31,1309583.83
155981,924654.77,998035.09,1041979.31,999616.43,952115.68,985442.5,890178.31,1009032.92,984261.8,905508.04,981938.76,965580.34,1019051.92,920827.87,1002005.06,992810.07,1042930.43,1005432.33,1035573.97,1063551.42,1028913.47,917308.26,943808.37,1019529.92
156982,1020108.05,974466.29,1040814.84,978269.64,998209.7,986977.96,952941.57,1020561.12,1017912.25,1009713.48,1069043.67,1052592.02,944504.07,1078493.51,989380.69,1023458.53,1059471.3,930928.58,1031870.11,1032871.17,1026596.85,1074933.38,990909.9,1057247.0
157981,1122747.05,994390.69,1100208.76,969134.79,1056430.17,1029327.48,971344.22,1040487.81,958310.31,1089002.94,990763.74,1006256.75,1078651.27,1042955.0,992548.75,881991.82,1082063.33,1050169.34,1067048.0,1052363.76,1014905.59,1039158.7,997368.65,1011699.02
158981,777401.08,738197.13,711712.42,727993.84,775934.89,782442.01,665556.86,749919.19,757201.63,795001.02,767686.79,777907.97,732052.56,675787.83,824051.2,694615.75,715967.31,722476.27,799983.36,737384.06,720994.81,818855.01,738272.18,816030.63
159981,585655.86,641344.88,659520.41,632597.26,637814.34,585538.36,613506.98,635019.51,640782.27,603669.14,606246.28,592837.7,628279.03,617264.12,705275.01,615853.03,569718.68,652776.35,654308.56,552213.12,607747.41,584192.42,579759.21,585258.61
160981,417979.18,388925.15,418961.03,404521.23,423342.27,418360.08,416545.37,414928.99,415909.54,453938.22,475462.5,450654.68,451908.69,417469.31,430930.12,429342.3,428257.09,422522.59,438854.83,411652.6,423146.48,433258.62,443043.15,403803.91
161982,408430.83,434719.96,378323.91,400822.5,403824.82,410441.92,417667.14,437475.71,406249.74,430237.53,408397.94,408265.67,391047.23,399975.57,423414.26,417034.2,461174.68,410586.58,402922.24,445966.84,400122.33,445008.89,405460.09,347103.33
162981,223503.0,235477.02,242956.27,230969.83,244083.27,237362.14,237911.87,225974.24,219283.2,242532.9,230716.64,234235.9,243157.74,236737.97,237997.84,219190.79,239135.46,245987.58,236834.19,232228.52,218072.9,213632.46,222138.76,241166.84
163981,752443.81,727081.67,733829.6,754204.72,698907.03,734014.49,736573.86,791720.64,730786.3,682781.14,735252.37,755246.0,785323.59,816784.87,640341.86,750394.48,752858.21,664752.79,736722.43,712154.36,690099.56,782184.23,760782.2,772186.77
164981,5690.53,5991.09,5679.64,5375.85,5140.03,5392.57,5578.82,5464.5,5888.79,5294.65,5818.99,5009.16,5913.04,5571.16,5842.43,5516.03,5679.84,5780.45,5856.83,5406.7,5909.07,5872.21,5341.16,5587.61
165981,58525.37,55483.4,58912.83,62284.36,65167.58,56654.93,64244.67,63801.83,51777.54,60327.22,62839.82,60007.52,65758.51,59643.69,59211.12,64592.28,57398.65,59255.26,59583.2,62942.77,56598.53,59204.62,62116.48,64169.63
166982,1188798.94,1217816.18,1179869.08,1220061.29,1287382.55,1216514.75,1303421.78,1325361.37,1325743.52,1225380.0,1307137.29,1182505.47,1183813.7,1231736.67,1278956.49,1393574.06,1208832.28,1418325.48,1306791.7,1307344.77,1310992.42,1319641.73,1177357.01,1302593.47
167981,1219466.37,1209690.23,1274432.44,1287435.07,1263520.34,1245706.52,1249396.83,1310256.77,1317200.56,1285655.59,1311271.55,1272649.07,1231097.08,1347018.57,1361233.78,1363015.21,1295098.5,1321994.12,1368787.63,1335565.98,1347960.55,1410160.76,1283473.17,1248558.27
168981,797088.52,879542.84,815749.11,883872.89,774460.96,817643.33,836756.62,829768.21,796484.44,786733.72,848563.11,854677.41,772970.14,785064.71,775981.74,825286.34,873650.87,852773.65,863078.12,840944.1,839290.82,798629.07,844010.43,795975.78
169982,1119476.55,1207665.84,1239327.67,1193765.18,1182970.77,1168231.16,1184083.52,1180970.84,1301758.28,1193575.37,1249410.79,1245490.62,1192677.94,1239391.26,1249373.7,1101278.34,1163045.22,1161918.47,1111954.66,1207607.0,1210651.1,1186353.19,1239712.76,1117987.38
170981,487357.0,494664.06,487319.42,470751.73,491821.81,515520.94,523098.85,514295.66,492082.49,443926.3,465812.93,483486.5,454759.23,533044.33,466560.42,502265.33,477196.2,474915.58,469562.78,475157.17,482592.91,496912.33,446710.5,512220.56
171981,1442731.99,1454766.96,1605983.97,1590046.08,1408438.76,1605867.39,1491195.95,1571320.33,1512836.96,1551332.25,1414453.15,1521098.19,1528509.34,1500560.44,1522787.82,1469427.53,1544749.02,1591889.98,1621268.78,1568215.2,1488254.31,1430672.99,1528952.27,1439915.11
172982,1242371.92,1151756.62,1157759.8,1240987.89,1164174.76,1218228.93,1153244.68,1209672.57,1120921.46,1196830.36,1336466.79,1178237.54,1262369.46,1288595.77,1260001.21,1325340.87,1173282.99,1177806.22,1181303.23,1237311.51,1143984.66,1224894.16,1111568.56,1281329.38
173981,778865.73,754342.98,821881.55,794880.31,754332.14,774754.42,839252.57,860408.34,766383.25,787879.17,723345.35,773448.97,808661.15,798141.37,788322.98,783483.71,772842.16,769079.13,767592.14,787503.1,778508.33,806255.02,809082.73,731919.8
174981,1383425.72,1270638.89,1287891.94,1283592.98,1330589.68,1259022.61,1354446.23,1220422.58,1212164.17,1331223.47,1426211.04,1371503.3,1291968.4,1413148.88,1307587.38,1340829.33,1161318.49,1182026.35,1371434.95,1379482.53,1328781.06,1296111.86,1429906.99,1278776.99
175981,752877.22,735329.96,833511.0,770835.75,786990.1,697501.25,760052.92,864276.73,813449.53,836254.53,800753.52,765801.9,820070.72,706870.32,765879.58,738477.7,808940.45,789081.45,764176.82,724406.47,809936.94,790787.26,804832.34,846365.79
176981,1141931.12,1129029.07,1069464.67,1131767.79,1087831.25,1136184.62,1025889.35,1065784.31,1162511.47,1157224.36,1192671.76,1106391.28,1087695.51,1063975.47,1115461.41,1086500.29,1135372.7,1121064.96,1066497.99,1140980.37,1207080.9,1131226.64,1129434.43,1126758.82
177981,1059799.02,972126.5,980036.84,964751.68,1040389.96,963579.2,1003273.1,1073785.56,956794.92,984361.56,1009472.88,961601.65,951339.22,963930.05,1019422.56,1061163.29,1019732.11,1069726.12,1033190.78,1009076.0,935538.67,968142.81,1077854.94,896760.3
178981,881911.05,922901.28,899871.08,877033.4,928429.77,883730.82,918084.14,925553.92,907216.79,896740.08,968510.23,932263.22,923500.63,987873.92,987176.76,979313.87,932346.77,963078.96,930770.52,980156.79,901759.71,986017.23,962955.02,1035851.42
179981,654059.34,638828.87,727854.94,727635.11,738507.17,709388.79,702240.34,664653.44,668942.53,673545.53,697581.77,710281.92,661683.97,694812.8,689382.79,697722.06,656711.04,707124.04,697623.06,670573.54,661425.31,616658.5,691453.9,713732.82
180981,755663.0,751058.47,716043.55,662718.61,745366.74,687804.95,748409.12,731222.72,697903.53,685323.39,683689.44,742549.61,757105.17,772703.0,829277.48,715881.71,716644.51,697414.45,779599.05,707009.66,672250.86,741580.98,722199.39,776510.93
181981,282957.33,251535.11,286320.71,259118.41,261367.64,262345.18,264461.53,242128.85,287675.97,264736.47,236996.57,249594.06,267679.48,287637.04,271280.9,270851.8,259430.35,271057.01,238130.28,271939.91,274609.21,273478.05,291600.62,290374.78
182981,912503.42,990883.5,954197.12,1028505.0,1043368.59,977989.25,1123542.89,1028694.07,1002992.19,1037632.16,1057174.06,998793.53,1039219.59,986488.68,1085989.46,1056055.26,991023.5,1025535.88,1044391.3,997357.87,964778.67,984022.51,1064523.13,1069276.19
183982,652825.69,648064.0,719138.25,675875.79,657469.32,662484.22,596962.24,604181.69,651367.86,657961.82,664311.01,640545.01,636095.18,659821.81,637867.05,675749.89,663128.75,679662.32,619196.05,601507.94,694730.3,672423.27,639044.49,671050.25
184981,996797.82,1064460.46,951387.78,992224.23,1004496.01,923366.71,1088414.9,985561.62,1041768.52,987081.44,1037870.18,1004969.0,1043493.16,1032037.31,941519.18,988077.95,982092.01,990826.68,997863.76,964275.82,958867.78,1079119.29,925591.26,1016190.28
185982,974883.96,989972.58,957425.85,915204.58,914940.21,982321.49,978809.64,1003456.02,950758.39,927714.11,971274.44,983320.54,846012.14,891110.23,956370.72,1037122.7,920963.07,885920.11,946968.4,957372.87,1050459.93,1024449.24,938606.74,945848.48
186981,1187537.19,1178293.82,1191017.58,1175736.21,1119148.66,1292054.22,1114405.9,1377519.76,1174728.63,1265620.67,1282935.07,1379513.56,1183672.54,1196236.86,1199118.96,1178545.01,1123116.92,1207515.21,1260576.53,1257705.76,1213163.98,1270124.85,1198408.17,1135767.17
187981,1012637.11,969754.48,1032016.17,972311.57,1042116.29,987807.88,1059936.8,994036.06,1089366.84,957925.73,1029593.39,993571.78,1044959.73,949325.1,1055628.17,855213.2,1102658.99,1023471.31,1029881.61,1114541.92,998011.17,1015213.93,1070934.37,1019931.84
188981,974418.51,883776.39,854017.54,832470.09,792096.1,928123.95,907956.04,839207.54,876040.9,929071.94,849145.0,829072.87,894487.96,879308.35,847517.35,857606.57,767852.62,908743.24,854309.29,926824.38,887778.12,869320.42,868056.36,897736.04
189981,851914.93,872923.61,829858.86,858159.14,869857.89,855327.55,779615.46,850559.79,793900.41,836157.99,854479.52,842343.43,872124.12,878733.05,848729.96,793481.46,875900.46,885782.97,901421.4,818834.71,848477.05,839530.04,843459.29,838701.74
190981,796763.46,899944.24,896224.85,896862.36,813691.16,868697.36,939215.69,900660.46,918575.79,793461.02,989387.06,906949.04,953743.36,872633.03,881054.85,916306.99,914429.12,908976.54,893335.37,914246.86,830115.98,985108.63,875791.21,904627.59
191981,710203.39,750946.06,747504.8,743852.88,801681.45,700258.94,714009.73,751571.49,697953.28,699718.93,749497.0,792104.22,788238.66,723234.05,729816.78,754052.24,783262.44,836594.5,738614.02,720817.73,738712.98,778013.27,632782.21,797514.79
192981,725779.39,695894.1,684867.43,754290.75,683941.75,758839.39,730328.14,795178.36,709176.13,665534.28,779976.63,698338.67,743723.36,735167.38,734737.56,796358.53,733669.21,724827.25,683485.76,743738.13,684079.07,728411.4,705532.96,688680.27
193981,701741.58,740517.57,780804.36,741438.51,796107.83,746984.41,699048.39,787568.68,742789.56,772057.02,810043.2,703969.26,721814.72,752159.91,769189.5,723082.83,785729.01,764136.94,740685.65,785389.45,730366.39,745158.37,712863.45,822243.13
194981,558569.75,495451.07,518685.26,500480.19,514664.06,497774.91,502067.01,505614.93,527073.73,512916.78,545877.28,579475.34,522671.83,561920.61,501039.09,488757.97,519124.85,498298.41,527523.02,510984.15,523596.23,499626.09,531029.15,531856.04
195982,548898.26,575107.25,498507.07,571409.71,560630.28,608503.9,563874.31,563893.62,479474.9,572992.18,547245.87,575739.4,577170.8,549896.57,576605.59,497045.54,562976.65,591790.71,540001.77,594617.22,522889.7,577121.42,573772.06,549609.72
196981,235950.77,267004.2,261761.31,241002.87,253021.05,240304.75,250988.14,253190.02,227693.86,260165.15,249302.91,247013.29,237691.65,262911.49,250608.25,253108.6,251675.51,254134.69,258049.11,237653.1,252443.76,253763.56,241067.28,241778.45
197982,893914.71,837654.58,812109.21,846092.04,980347.54,903315.03,796356.45,888420.9,863569.38,855611.8,874286.41,864808.39,893471.41,825187.03,883052.69,791045.49,862430.14,900009.06,834169.68,849711.06,830877.76,910340.68,803006.03,944212.41
198981,663694.49,752762.21,665176.6,681289.29,701511.62,676627.23,727074.02,697812.28,703875.48,675040.4,699275.08,752317.31,644373.6,697094.49,674143.35,619040.34,692704.55,617397.87,632624.06,689172.14,703758.21,728288.85,697033.26,662728.9
199981,597305.52,607007.61,569486.81,550610.55,638349.3,666483.73,649327.8,650186.91,627180.42,691469.33,624547.76,650044.58,627946.32,600327.21,618977.59,564212.08,614320.5,607336.47,614310.57,637140.58,677306.25,533313.67,627424.27,592186.87
200981,848410.14,866078.42,905734.61,918374.97,858974.82,838352.5,911984.66,915269.82,856593.8,803812.86,922645.38,879440.08,803935.78,894758.38,857674.86,845863.83,931988.5,793643.78,915078.23,908489.27,842958.07,946777.38,888257.25,761954.77
201981,1074556.13,930119.64,903614.02,931503.77,961475.33,913331.01,932485.4,847199.04,928835.91,971394.71,974981.33,972850.47,917467.83,953572.86,978080.73,912354.64,973987.01,860791.49,956607.09,925846.62,933990.1,926105.73,956393.98,928349.32
202982,654653.04,742944.81,705782.1,701733.51,761288.82,720779.31,737063.46,712801.61,659104.45,678047.41,688527.49,672969.92,748157.99,691361.73,743936.85,724673.74,659686.68,719417.88,741776.18,683667.57,734269.13,669598.14,701451.77,737531.13
203981,1579274.86,1643785.58,1610287.74,1758901.81,1653768.49,1699742.66,1722151.7,1751526.52,1792811.0,1647133.64,1702033.02,1734291.33,1717401.18,1645578.15,1592260.58,1668446.74,1828812.05,1587471.67,1777287.84,1591847.13,1856549.03,1798845.12,1755089.19,1633267.14
204981,675434.18,693168.61,720580.36,671076.41,694762.72,706222.89,665735.0,650704.16,698348.13,689876.13,673916.42,659677.01,664014.63,692631.97,700872.22,680750.83,728186.13,715281.37,690613.02,736854.73,685146.28,690492.87,712970.43,725579.22
205982,583238.05,628677.92,551789.33,574737.64,533628.25,614482.74,623552.93,600757.16,615178.47,545917.31,576642.1,565109.54,568643.91,622013.63,622370.02,584289.1,599979.53,574295.86,654245.18,577251.34,551135.13,620884.88,613413.66,617925.59
206981,407822.83,422091.55,419462.04,406086.2,414208.02,385318.73,417537.49,435192.68,422082.06,364123.09,413278.55,407048.6,425676.37,434106.13,401288.42,431655.49,423401.98,455108.62,452891.02,414367.91,417181.53,460311.74,445557.45,421081.66
207981,329607.04,303806.31,320035.45,328008.58,337798.38,309084.85,331368.89,345505.68,307886.36,342673.72,299428.15,333949.7,350370.0,340223.25,349755.62,340813.5,339537.38,321759.34,322727.94,351496.18,323415.51,330668.31,317234.92,345496.18
208982,249728.67,272717.1,269843.61,246350.75,256658.23,252622.4,283427.63,267058.63,264676.19,249262.14,298792.21,254399.0,264910.03,276505.47,269612.93,261906.47,276297.1,281686.2,254788.52,273119.47,287696.04,258403.75,266810.31,290494.53
209981,858645.35,920813.78,964016.05,886255.56,829489.57,931748.35,847975.81,871165.07,836028.76,811052.5,915223.12,849659.69,851311.46,840432.32,840799.97,891727.96,906189.83,931415.27,981635.64,894306.61,911409.61,889293.62,849502.89,798147.19
210982,452884.62,460027.98,497131.66,515073.01,470262.63,507654.14,462055.16,436923.59,523539.74,486743.06,490905.08,454589.23,477341.78,445392.22,530005.78,479308.54,485471.63,527590.01,442591.86,496546.03,492697.45,475889.79,484382.6,492238.41
211982,920916.01,809671.4,929917.08,809645.55,914964.83,759713.91,881327.83,828054.22,892005.68,852257.12,816861.4,831744.92,849881.45,864941.42,864233.35,846518.66,832010.03,856746.3,823371.31,833226.34,985187.04,937114.56,839967.18,943575.31
212982,996679.41,971749.76,974602.96,949498.16,950764.92,908491.01,1025479.2,950195.53,865863.72,902230.8,980279.87,904344.46,832531.1,917257.08,959066.22,987709.84,948122.04,808398.11,922921.59,914449.96,970072.48,896726.27,807682.06,915762.48
213981,719054.44,665777.1,664812.09,732226.16,645255.12,723263.17,639379.19,680858.38,681576.9,686423.86,739006.75,754437.34,740728.38,663639.3,711066.22,704927.47,690026.14,661482.58,641886.13,661368.88,663918.87,640710.61,746190.09,677252.58
214982,645326.56,695253.75,728697.44,729585.83,658918.02,665993.28,653546.66,729879.1,686248.99,671605.31,717140.5,691052.69,629757.07,688358.57,698461.82,647583.31,704706.73,701375.64,655761.2,674303.75,645603.93,738619.57,675749.58,704580.0
215981,711232.37,701279.39,695723.98,709314.42,661589.66,683341.75,686403.92,666041.22,715777.2,692687.39,610857.54,682756.6,645503.58,636751.52,659446.55,631682.83,640136.47,669437.81,642405.33,694183.36,676953.96,673887.68,649907.96,710143.15
216981,668264.41,627681.99,608790.43,644043.93,591881.25,647737.07,554732.59,590146.07,587153.02,642678.73,660043.49,663267.96,647394.68,560268.28,642187.6,605848.93,593571.63,584059.02,568045.93,559631.29,645996.57,604850.71,594420.05,640259.46
217982,705972.74,679755.21,641844.48,649684.61,629243.07,684327.57,633894.01,684240.65,608056.89,637079.34,685276.5,657768.72,711049.7,693836.71,661635.34,711845.24,697476.76,735000.35,638032.83,676831.18,726758.67,647568.93,627304.59,689631.73
218981,743209.81,710649.01,733403.95,746585.38,734182.54,756516.76,744325.13,672786.39,662671.44,690492.53,738796.89,686306.81,724002.72,695334.95,762689.45,723030.41,778480.27,750429.32,726418.63,759272.6,788872.51,789093.37,695560.1,785210.49
219981,575274.54,568117.6,561585.91,585950.59,553816.88,537612.67,555308.22,510958.62,557788.65,586407.84,580485.46,563197.2,485846.99,547184.13,588659.16,565964.14,559065.5,528435.13,515484.42,564187.79,538022.01,532070.89,561322.24,543062.09
220981,462192.34,489282.77,511797.58,462849.92,497609.31,492646.85,503160.11,462376.32,458016.83,499649.44,502072.29,464252.57,483828.54,479741.55,441780.04,502403.31,488178.0,488816.57,512390.93,473669.76,521561.29,472627.25,457074.6,491351.61
221982,620687.14,641772.55,594817.57,588069.14,607490.95,625644.58,591825.48,571499.35,639647.31,568063.47,635521.42,554963.12,587319.11,599354.79,646541.42,629158.17,648570.69,616462.31,604483.71,583149.13,595010.95,651194.71,574214.13,604354.58
222981,732470.4,676878.96,726610.74,697301.04,732147.08,686692.4,673588.53,699436.1,708979.65,700104.48,680873.65,694404.54,706394.27,710519.19,712213.72,688939.31,657637.72,675460.34,678454.29,678258.39,693390.24,737350.06,621914.93,712704.23
223981,612831.24,578463.79,542880.13,610936.87,556114.24,567926.47,592951.45,549133.22,558901.68,574216.82,584397.99,603006.48,589250.51,558155.98,603559.24,551014.41,579163.6,610020.16,621840.04,614181.1,608747.14,627983.67,574989.11,532181.93
224982,37931.95,41189.58,36566.72,35811.33,37253.84,39350.88,38595.85,37895.84,38413.69,41275.24,38310.9,35559.63,36174.85,39038.43,37980.54,37297.07,36584.79,36627.75,38500.51,38397.29,35594.57,38051.43,38195.67,40468.79
225981,887031.68,713839.91,778307.64,790214.74,862649.74,869742.84,884042.8,855457.04,796999.18,812477.7,902721.71,868717.54,878577.51,807014.41,816841.7,867717.08,800710.58,829991.0,791585.77,835799.98,843638.15,850179.24,844156.36,799908.08
226981,866394.86,857707.89,897781.49,920379.15,930881.76,927826.49,868196.22,850832.07,884375.74,924624.56,823573.81,898400.14,858644.15,918623.01,877730.81,835175.19,941507.33,860150.81,860755.35,861290.17,913027.44,1012420.63,902561.75,789134.22
227981,1002500.32,1062740.12,1003277.16,1058877.23,1003642.61,1044466.12,1139677.39,999217.62,1043178.09,1011593.06,1041864.64,1107953.27,1098180.2,1008095.34,1120301.83,930489.32,1085048.36,1027091.76,1028639.24,1001943.29,1005963.93,999661.45,1099802.49,1082270.79
228981,967097.78,913356.18,918762.86,926244.78,908022.87,883854.06,903240.73,935005.88,913832.09,857177.17,978482.77,891687.72,858931.51,961622.96,939046.92,866241.59,858566.34,831353.24,958744.48,913000.3,901018.94,931544.02,908119.98,891494.71
229982,912914.18,881372.67,922753.62,853851.32,807121.02,859384.99,927983.52,891180.41,827043.72,935945.3,870415.81,837836.58,833183.23,977436.61,895845.08,963282.17,857101.69,916563.13,939323.08,947379.17,884585.33,848745.77,951413.01,909259.9
230982,1126252.59,1150819.52,1226532.5,1317195.27,1318069.94,1126675.38,1211612.07,1230970.55,1138435.39,1152326.48,1148599.35,1196261.32,1200120.7,1316344.32,1235646.57,1285638.99,1054287.92,1231342.36,1193911.51,1130658.29,1187920.03,1342062.7,1266915.76,1108891.27
231981,909655.9,821072.44,796496.33,826520.48,892076.4,827984.02,839422.67,823392.32,846635.03,831197.21,828044.31,859224.38,868542.64,808723.23,883664.12,770870.77,827379.51,813269.6,896322.55,937323.57,866369.08,812291.22,845353.66,866532.52
232981,434499.06,473635.51,384758.83,414757.6,421407.13,400005.09,421542.97,402519.5,409036.93,443177.94,433445.05,443598.66,445902.11,475470.59,427844.27,443130.9,437945.18,445394.17,418234.98,431817.44,440222.04,393764.87,423237.97,454801.44
233982,469907.62,452929.96,459355.35,448206.88,415068.5,471533.12,415707.34,439792.78,428825.36,485188.56,440570.31,447624.7,459768.2,422305.5,447329.27,448867.62,465633.63,452971.43,432382.55,447268.6,485130.47,412009.6,469354.28,402887.14
234981,413931.54,387493.17,439651.64,409466.19,407170.51,405568.61,399693.61,443984.67,406451.94,382096.62,414346.23,413136.53,397532.88,406533.76,395699.21,372270.29,393857.46,408246.76,393677.59,427401.05,385192.92,401786.72,385720.59,393769.45
235982,419546.82,388041.7,409386.0,370905.38,430524.27,358304.43,403456.11,419420.38,379088.16,410070.27,399293.47,398508.15,418632.58,432266.89,406014.91,433273.61,418253.4,396020.77,381507.11,388930.01,477262.55,427117.12,414539.82,384533.3
236981,726487.48,761171.56,821396.11,685944.25,749191.53,797827.43,744987.85,740659.44,716270.92,706412.03,815458.91,787286.47,760861.73,816972.4,792191.19,791069.68,819624.02,779113.61,839502.01,768121.5,787962.68,746917.82,771721.75,786199.74
237981,1145151.64,1141553.27,1130389.55,972703.32,970383.25,1063186.51,1102385.86,1055449.85,1044795.21,1107166.33,1017930.5,1080382.5,1003193.99,1145047.92,1000805.67,1042386.42,1015300.19,1013962.01,1027202.56,1005293.03,1026828.83,1052411.06,1093441.96,1068410.26
238982,945426.62,939290.45,930382.08,914248.93,997370.44,977657.51,955152.16,991392.65,1001249.13,911918.09,917891.01,967360.82,965275.67,958335.79,1042797.23,988312.07,864060.1,942938.78,939918.68,918538.05,1014510.4,902032.56,979674.42,910929.47
239982,625128.36,744110.9,620012.4,708737.71,651475.19,665273.81,677367.84,638231.59,649412.7,664740.94,641619.87,671450.8,673091.52,646666.39,662441.23,658517.91,657851.85,689106.99,645833.01,707254.27,709374.64,688211.83,667779.97,704139.63
240981,400409.95,348397.87,414742.32,363406.51,348318.72,392564.9,378455.89,395950.83,389424.03,369172.51,395284.78,354209.93,348376.6,357534.89,368344.2,360837.85,348027.41,362923.23,347207.01,356771.89,381684.25,398638.41,350509.34,386816.7
241981,469184.21,396448.07,502488.7,500662.15,478002.3,485498.21,518013.21,481548.25,484705.3,506015.14,493103.77,504120.02,551254.5,505451.85,487821.07,483474.7,524598.95,459956.0,460165.67,472540.17,474686.7,493312.26,465814.42,477499.96
242981,630981.15,644182.3,640271.41,656035.12,620421.48,618299.96,668561.86,645615.89,620705.07,618877.63,629386.69,694519.48,608328.65,646223.03,648484.01,602258.48,606230.72,603104.03,628316.65,664370.02,667012.89,666932.84,614455.9,658907.75
243981,324399.65,324990.83,309211.85,326908.7,317585.16,336989.02,314183.1,318800.88,312078.75,339228.1,300853.24,293955.77,268153.58,308544.93,338508.83,313069.33,332874.2,344146.33,321980.38,317037.77,310964.49,315965.04,350636.28,307799.41
244981,1030195.78,1095429.24,1031755.66,966891.89,1060294.82,1051858.14,991269.24,1041260.85,918183.67,1011863.36,1038162.05,993662.88,1025638.97,1116490.45,939005.3,1003302.47,1027748.33,991043.91,966840.61,973265.06,885356.83,1012838.16,875042.36,887915.6
245981,591169.69,581084.55,679452.42,643240.78,626393.88,636997.19,667396.69,670956.02,637581.94,630239.74,616804.71,650734.2,644074.97,684886.13,684138.77,628095.34,645881.22,652098.64,670306.63,655474.81,659848.82,619058.7,655275.67,692166.63
246981,361372.38,371032.15,356957.49,357286.61,357599.43,362979.02,376750.67,368041.14,360767.6,368793.55,386007.33,397584.09,364160.3,374121.52,347533.68,371244.07,319281.66,381218.86,377362.55,367176.13,344797.0,385334.27,387396.59,360562.89
247981,0.0,0.0,0.0,0.0,0.0,0.0,0.0,0.0,0.0,0.0,0.0,0.0,0.0,0.0,0.0,0.0,0.0,0.0,0.0,0.0,0.0,0.0,0.0,0.0
248981,1729813.77,1441499.05,1660188.27,1560257.4,1581782.28,1554393.67,1599614.41,1749008.46,1541873.12,1458442.7,1447515.98,1525195.91,1547787.48,1689181.3,1559469.04,1555929.89,1491373.72,1594148.69,1602066.49,1465060.8,1535503.04,1675816.87,1525684.89,1616916.43
249981,948387.79,921462.32,876784.93,895940.1,858928.84,952271.41,893120.96,845313.73,877311.6,859703.06,869502.3,856460.84,906820.22,944309.04,816208.63,904805.0,883872.82,888999.96,828767.73,931348.08,912594.37,894598.19,860143.66,748533.84
250981,696157.26,734705.56,733282.3,750059.71,681334.21,738130.4,735900.8,758521.4,716225.86,684178.18,712218.79,700484.26,697252.53,703492.66,691410.81,781148.67,743631.12,750257.01,724111.85,672178.53,749473.71,759991.75,696776.25,701578.67
251981,507447.69,599721.77,545785.53,558451.41,520159.99,538605.45,537722.02,528875.57,528520.23,563285.79,551981.88,553220.73,582611.81,526169.96,534978.63,550234.26,540925.88,579377.7,621931.89,551901.44,548968.49,562344.08,575646.24,570150.31
252981,477718.38,527773.49,467995.74,505559.3,475157.18,434548.03,523479.9,501899.88,465541.2,457550.62,517754.1,476760.75,444627.16,500323.12,517162.68,517290.74,487545.45,473822.58,500041.24,439677.79,478925.73,492431.38,489363.14,506078.55
253981,474617.78,455782.19,440462.5,488396.3,511579.9,468584.37,484723.53,444658.62,447325.59,481866.28,455200.04,463600.24,467201.4,444408.87,492057.32,485842.34,477926.78,428589.94,468433.15,441616.68,433533.81,480884.74,424902.43,454561.71
254981,628871.31,668927.71,677017.78,652256.86,644722.62,645083.03,641999.84,609126.15,704665.23,626666.61,672909.78,667159.12,637250.02,666244.49,674574.99,652062.96,662181.2,673950.79,686551.14,606419.0,683630.52,654756.63,656876.81,632405.56
255981,525562.11,539607.81,580806.1,564506.63,523321.26,567932.52,555405.16,550778.73,566755.72,563059.34,526440.72,538208.07,554372.75,590021.78,546885.55,539513.21,546063.34,576908.76,519321.64,544289.48,515373.95,579302.64,507753.68,572304.57
256981,461305.66,477471.26,511678.74,465333.44,447053.73,429669.53,496193.0,448373.13,465680.65,476886.57,492104.12,440170.27,465266.19,484066.88,424802.07,427088.18,479196.19,450439.3,471397.99,423973.05,470254.38,435870.41,488682.01,450932.04
257981,890943.05,909187.53,917776.05,930994.56,837717.21,863992.1,911687.0,835128.8,784357.05,883325.87,852304.92,943731.01,864130.75,844576.38,858803.18,766230.6,921707.21,838811.79,923459.48,868606.6,796563.71,828196.83,842811.43,890496.47
258982,691443.94,704443.49,729420.17,730964.58,748106.9,721842.63,653471.83,700514.63,664656.7,721122.0,688980.61,755539.75,776629.53,705832.01,700047.8,684050.04,733909.31,742307.75,769249.72,697337.68,732433.64,729204.8,798763.52,675128.19
259982,744250.67,884178.82,809096.39,838809.84,886622.42,849588.23,912244.65,807673.26,884894.48,861633.38,850067.69,894199.73,893375.31,894827.69,782105.75,845458.86,809337.45,866059.36,852803.5,887152.05,870594.29,874854.28,839402.79,803516.38
260982,783075.12,776005.76,716517.09,704198.94,739932.69,711955.65,804420.24,744907.54,693286.47,732092.02,768782.52,690826.38,694596.88,768293.21,791919.74,769643.52,795447.58,724238.17,718730.97,828080.57,696122.17,643971.2,706837.86,714677.93
261981,696913.73,655944.61,633469.66,663115.7,627103.2,686080.8,687968.78,648586.42,722117.13,671378.17,692793.3,662827.93,696726.81,648445.77,781681.48,706334.51,710304.07,664686.5,706427.92,643966.99,689536.5,704648.0,668448.16,654495.91
262982,674439.9,736428.82,675745.55,658592.34,686943.72,730160.69,717403.84,687048.89,725652.3,679843.03,732824.13,674364.01,722334.08,702147.76,596644.25,713713.33,669345.51,747905.64,732142.94,700975.27,752278.06,769125.85,662788.48,657216.29
263981,640314.79,633716.12,654869.67,600977.38,684182.06,643562.04,647067.18,658304.46,689282.47,617852.52,658126.7,615026.3,658559.18,633857.86,632245.91,604817.37,621751.78,693481.7,602931.8,619884.14,682860.22,595871.45,649171.74,624752.03
264981,670625.11,761746.07,749202.94,734307.2,679796.45,762954.57,709688.87,747076.63,649390.6,639329.88,637338.54,627870.3,696717.03,754981.74,699963.85,656118.35,728964.23,684571.85,676356.8,711895.1,696987.95,731584.94,698821.72,623990.13
265981,607560.24,568670.72,603511.9,591222.67,610436.88,654636.17,600346.05,607699.81,559131.63,620539.78,582654.08,605871.89,550210.3,607654.56,605070.18,580283.52,572765.04,602300.96,635780.19,599120.14,558739.83,626472.74,602777.97,505869.04
266981,471535.37,465109.24,501029.2,495110.57,526870.2,501617.54,515298.68,483379.38,474276.04,501676.75,490068.11,487139.0,538047.75,506513.78,495508.47,522205.91,476586.67,523585.17,492959.82,486424.73,532832.26,529494.43,519752.0,492791.66
267981,320343.54,321270.1,346063.75,333413.23,318391.37,330038.98,337465.87,312107.43,307557.67,323174.7,334446.19,337289.7,333158.24,338939.99,327238.06,335782.38,335786.27,316982.78,355796.81,342827.12,328480.48,334038.87,339532.57,347298.69
268981,260158.47,281497.52,251739.17,239098.94,278252.84,250159.82,279378.65,252934.94,248014.52,261843.79,276534.88,220965.87,250951.94,271759.46,276584.01,284497.62,247106.01,257206.61,261213.78,277911.75,281170.35,257408.77,258969.22,284497.7
269981,435951.88,421634.09,465929.51,454341.36,438406.03,451350.66,432813.79,444216.04,446923.62,456421.31,437436.02,413367.31,441330.59,403186.35,455664.23,446073.65,451986.02,443329.53,488396.98,401050.48,401908.62,446388.28,436292.42,438342.38
270981,276083.65,261912.73,273684.09,279207.37,283991.89,268021.29,287121.66,268876.76,277899.92,268279.62,266734.87,254831.59,291029.15,253995.89,284061.07,263578.68,253959.65,262125.81,260748.57,274734.49,268928.76,268007.55,276338.09,267111.38
271981,152143.24,160056.62,163523.99,156686.76,162711.48,161661.03,138563.22,160288.17,177554.37,156837.57,170545.41,163486.5,153964.2,162099.13,154697.59,162446.22,161900.74,173611.05,151044.28,171417.44,170189.73,162880.36,160125.89,159226.15
272981,76509.87,85040.97,82952.07,83007.26,73146.24,81386.76,79843.63,83371.67,78740.51,90063.84,81539.93,79170.06,86493.87,78658.55,80124.73,85248.93,86236.6,84803.04,80813.54,79406.02,82753.25,84795.68,79874.33,79115.78
273982,588290.89,550613.13,562504.38,548774.4,585694.85,538594.41,528451.69,573943.75,597709.06,519970.33,561263.52,619738.75,592405.29,510210.19,541855.19,508380.38,566591.3,496151.94,536062.23,520838.2,502014.99,589121.75,536373.09,580434.56
274981,157232.93,140829.25,139046.81,154244.52,156716.83,171412.11,143691.56,145030.36,147930.22,145634.11,152764.73,144346.02,148711.53,156681.52,136076.23,157200.58,167976.77,144098.82,152892.57,156827.8,141207.3,141440.93,152452.59,148562.2
275981,22809.9,23514.11,23602.95,23245.17,23463.26,21584.24,24415.65,23522.6,23766.12,20678.77,22513.77,21604.88,23893.95,22218.88,21048.61,21450.48,21964.0,22779.67,20883.63,21584.98,21644.12,22126.57,22261.03,22647.45
276981,0.0,0.0,0.0,0.0,0.0,0.0,0.0,0.0,0.0,0.0,0.0,0.0,0.0,0.0,0.0,0.0,0.0,0.0,0.0,0.0,0.0,0.0,0.0,0.0
277981,0.0,0.0,0.0,0.0,0.0,0.0,0.0,0.0,0.0,0.0,0.0,0.0,0.0,0.0,0.0,0.0,0.0,0.0,0.0,0.0,0.0,0.0,0.0,0.0
278982,0.0,0.0,0.0,0.0,0.0,0.0,0.0,0.0,0.0,0.0,0.0,0.0,0.0,0.0,0.0,0.0,0.0,0.0,0.0,0.0,0.0,0.0,0.0,0.0
279982,0.0,0.0,0.0,0.0,0.0,0.0,0.0,0.0,0.0,0.0,0.0,0.0,0.0,0.0,0.0,0.0,0.0,0.0,0.0,0.0,0.0,0.0,0.0,0.0
280981,0.0,0.0,0.0,0.0,0.0,0.0,0.0,0.0,0.0,0.0,0.0,0.0,0.0,0.0,0.0,0.0,0.0,0.0,0.0,0.0,0.0,0.0,0.0,0.0
281981,310134.61,293874.86,304603.93,326190.48,317625.49,313042.01,313006.26,294718.6,270092.08,319787.49,338927.03,313219.61,299318.55,297036.42,302495.0,291275.26,325594.93,313370.21,303649.82,302520.61,313447.81,318659.87,304041.03,309889.13
282981,619049.63,654123.34,650624.18,637822.64,620297.48,619651.06,620738.52,659793.04,656745.32,642559.16,662102.49,671433.7,604927.86,631847.62,635146.18,598325.5,616169.35,655800.08,653964.8,663053.94,579081.35,689949.61,665038.19,595353.28
283981,280270.24,254404.39,275444.93,263799.1,248172.82,270804.05,247418.13,260552.98,265954.77,260314.44,264889.42,256984.03,281968.93,288836.83,264596.77,246064.94,245503.63,255940.24,278804.19,258918.51,260213.72,258084.87,291732.8,259928.0
284981,0.0,0.0,0.0,0.0,0.0,0.0,0.0,0.0,0.0,0.0,0.0,0.0,0.0,0.0,0.0,0.0,0.0,0.0,0.0,0.0,0.0,0.0,0.0,0.0
285981,830070.02,911761.55,898374.27,836448.84,961504.98,846565.79,787834.36,892495.71,928104.79,896223.92,970242.13,879489.6,1000413.25,918330.49,905344.08,925316.96,925696.99,943541.89,934742.46,934863.18,900827.08,896125.91,933896.45,864786.55
286981,349230.51,370723.59,423679.28,388100.93,365415.29,372642.3,351675.86,334078.0,400037.38,383886.5,401411.21,355866.3,368223.77,368096.52,391683.09,376425.6,397407.27,343644.59,376106.39,387711.18,378374.05,380531.03,381201.12,397161.2
287981,343822.58,354701.24,343490.87,331431.14,330310.32,334383.33,342163.92,365224.97,352384.62,352556.35,316720.58,347967.46,334633.02,327078.27,336872.8,329847.32,353851.45,336603.58,348510.04,343099.45,356149.3,341699.93,338276.28,357211.61
288982,209293.73,230194.44,188849.93,224672.48,210595.64,217935.11,217683.03,204991.54,213449.55,223506.06,231216.16,204838.07,216963.31,199919.98,207288.36,207626.61,226340.0,208997.42,218769.54,230896.81,200152.14,236800.84,223835.05,231059.12
289981,311215.9,307702.84,294159.32,292776.37,308103.54,276121.84,301552.39,302660.86,308337.46,277069.47,304122.78,294732.78,295479.67,304471.0,286709.22,315575.13,319918.24,313072.13,301743.26,318036.46,311006.74,281372.55,292537.07,287850.62
290981,466998.28,443119.42,429641.98,450775.12,403702.28,432007.72,464868.4,443422.44,455463.2,461878.49,416728.21,439968.0,445687.26,430163.97,436736.47,451906.58,439220.6,501108.09,441947.2,431366.22,470582.42,456931.7,456561.01,441258.98
291981,353359.63,383580.31,357418.22,357256.85,342614.55,380401.52,348289.25,344836.14,358461.59,353325.06,338804.63,334201.75,378113.07,398470.79,345993.11,343375.92,374680.08,388184.81,371854.38,338367.76,366399.58,368139.63,342179.44,365245.47
292981,158231.93,159868.52,151441.25,159376.65,171179.83,143481.77,142405.96,153665.09,153521.56,156936.49,168758.06,141572.14,168334.42,159851.12,148491.47,162613.58,150981.15,153845.67,172122.82,166276.9,154940.58,158949.96,157366.19,149581.08
293981,681589.04,682716.25,683392.29,690654.22,676102.64,666265.92,691378.8,644094.35,690894.78,614692.9,737708.08,680143.53,701663.14,682470.64,617427.54,615552.43,640431.41,732123.09,649324.34,677714.78,709025.08,695324.59,700442.6,678672.46
294981,426030.63,388671.07,388667.5,408026.7,375015.27,361895.37,413247.16,412015.48,394128.72,362748.22,406204.27,377309.62,380408.31,389640.65,368045.74,400411.63,379867.79,392990.92,363020.81,406759.14,392884.54,353316.36,389879.37,398021.17
295981,408075.73,412492.47,429333.04,430158.72,384555.07,391107.04,392050.31,413459.82,399845.67,383838.88,410151.25,419830.14,397660.88,421488.59,403360.36,427823.23,434129.14,425499.86,427276.99,419896.45,448762.65,380678.52,424237.05,411256.28
296982,318680.07,341667.94,351396.54,309845.31,321578.82,346996.04,328458.21,329215.53,326034.9,297261.68,339560.95,358717.3,324380.22,310352.5,312779.7,315246.65,362366.25,342839.06,344908.12,351069.85,339523.44,291225.76,316104.85,308750.63
