0,0.0,0.0,0.0,0.0,0.0,0.0,0.0,0.0,0.0,0.0,0.0,0.0,0.0,0.0,0.0,0.0,0.0,0.0,0.0,0.0,0.0,0.0,0.0,0.0
79,481272.05,483401.72,460864.37,469251.85,488874.28,467295.78,457673.13,500129.04,537486.41,514454.49,482695.22,524703.03,430397.72,433822.76,453787.9,509756.8,475365.93,454408.44,464830.66,478917.62,497373.24,463978.97,486951.03,501980.11
1079,1306145.21,1271195.31,1175553.56,1303045.27,1318268.59,1244068.08,1219308.62,1198774.7,1271390.11,1246612.22,1283410.58,1256753.19,1130601.97,1329944.96,1163171.81,1318086.57,1132533.4,1321270.14,1304593.46,1201612.79,1270902.96,1274966.43,1249025.01,1271674.25
2079,1489115.79,1539693.74,1559194.14,1431732.47,1592322.32,1690088.5,1417668.41,1552132.62,1527473.9,1479631.61,1668399.0,1689687.52,1624613.34,1505640.61,1590503.23,1495715.22,1588216.88,1647705.95,1763843.97,1508298.08,1584349.09,1541606.83,1434320.41,1682455.9
3079,1900132.72,1848106.63,1858663.27,1775038.55,1812208.69,2003113.95,1893869.57,1740498.43,1850001.48,1824691.54,1699017.26,1941176.71,1808739.01,1710497.96,1813424.66,1820218.43,1779560.82,1907672.16,1800320.92,1570932.68,1719194.47,1971269.11,1786693.63,1831494.24
4079,1265096.72,1378999.43,1124318.56,1283689.83,1381202.58,1226981.7,1261720.72,1234727.25,1265472.67,1316612.18,1202654.78,1287803.43,1292569.05,1281589.85,1174137.05,1260874.86,1238292.58,1232818.18,1215831.14,1263239.63,1301119.9,1357104.51,1154974.93,1221610.22
5080,2172932.64,2308992.38,1998059.55,2109107.89,2232572.15,2313284.75,2211074.46,2210079.83,2115701.72,2034380.3,2049699.54,2118659.0,2153428.28,2158567.53,2275312.57,2379112.47,2200622.37,2081086.37,2126364.94,2003657.29,2147183.63,2215568.52,2056553.42,2198736.86
6080,1362004.49,1398106.3,1461443.6,1339243.13,1463241.15,1366946.42,1520431.5,1497841.69,1360567.02,1427718.53,1412402.53,1371554.81,1413038.29,1383996.29,1381087.72,1385045.76,1361770.84,1387519.83,1503663.96,1331747.46,1401087.65,1328835.49,1445567.59,1509915.65
7079,1878311.19,1686279.56,1780413.89,1859132.22,1772613.22,1761078.21,1688944.44,1745273.89,1846394.99,1709963.61,1773868.37,1772061.07,1809281.92,1722985.24,1905413.85,2046435.66,1675214.01,1753958.64,1775361.81,1726900.54,1799737.25,1869272.3,1865111.09,1607929.56
8080,2004345.63,2098895.49,2129769.17,2080029.39,2075975.99,2255410.96,1936121.79,2191112.12,1877567.14,2185647.56,2024535.15,1939947.26,2199494.31,2181423.33,2276463.52,2237306.28,2229518.65,2066685.16,2067731.68,2082290.56,2073598.71,2274029.08,2088744.8,2092995.15
9079,2249648.86,2493810.03,1957045.06,1935314.12,2217556.89,2235565.39,2425421.75,2217497.66,2443828.47,2260000.6,2071681.48,2182458.38,1982091.09,2170214.46,2131080.38,2130604.48,2103127.58,2331196.71,2306682.75,2057026.12,2092316.44,2204189.37,2192758.08,2165638.89
10079,2513903.54,2292080.04,2209840.75,2390079.04,2334400.22,2494915.16,2093634.26,2475972.62,2369411.7,2243888.58,2273411.95,2137078.7,2364036.93,2508544.54,2178277.95,2435754.48,2503852.66,2135165.23,2335697.82,2339480.85,2581806.93,2250477.99,2160559.55,2401096.04
11079,2161909.19,2186012.05,2322330.11,2103415.98,2135788.38,1942333.34,2205713.83,2167328.59,2376278.32,1989883.62,2052103.42,2187198.62,2227263.1,2100951.56,2179229.53,2156402.13,2092005.72,2035681.18,2237512.59,2164035.81,2101349.93,2217257.81,2058673.37,1918800.74
12079,1534624.21,1519846.8,1595837.23,1634500.09,1558854.34,1517095.73,1598751.5,1522349.08,1596284.71,1555857.76,1706405.91,1694488.61,1621779.94,1684983.94,1423400.62,1632106.08,1507079.67,1598357.76,1704509.68,1629509.75,1632064.66,1456359.04,1656988.32,1568148.34
13080,2194046.16,2445373.07,2318157.86,2463078.36,2346361.96,2429740.35,2368231.88,2047438.53,2420215.82,2494957.94,2314899.31,2330390.96,2265608.58,2268467.94,2268800.79,2369399.87,2552378.53,2267091.35,2360966.15,2222496.63,2355908.42,2518164.48,2298159.26,2206308.74
14079,2574965.55,2394309.48,2503300.51,2486057.05,2472343.94,2534005.04,2471034.17,2511278.93,2507915.55,2602265.27,2674408.59,2428277.45,2561747.32,2669905.82,2440375.26,2619567.56,2619519.72,2432976.46,2592625.43,2591901.52,2698198.65,2673917.29,2342415.9,2677369.34
15079,2737767.28,2599469.79,2408400.02,2612112.51,2504228.96,2604414.5,2503638.86,2432745.77,2521243.11,2729871.78,2498118.17,2519226.9,2774008.19,2526019.44,2562467.22,2299979.31,2699289.72,2543068.32,2588107.36,2619793.1,2665615.47,2756347.03,2475727.59,2616034.27
16079,1365064.6,1473943.52,1329759.02,1451564.43,1353974.05,1379174.35,1326470.2,1121640.26,1387841.44,1312885.94,1351156.58,1403246.26,1405709.52,1380023.57,1450595.6,1290037.67,1389258.08,1234706.87,1288688.8,1393701.94,1403544.72,1257637.01,1428257.74,1392853.23
17079,1311891.32,1238770.74,1203223.93,1381108.92,1261577.37,1237945.26,1288337.21,1183932.29,1210315.81,1228621.18,1260916.17,1223868.13,1127887.02,1234239.76,1110273.61,1205372.88,1263686.18,1103231.65,1259105.88,1310368.69,1256691.92,1271270.0,1206678.07,1187679.64
18080,2845597.25,2476998.58,2594344.03,2535609.47,2724119.06,2647567.36,2723673.58,3023954.69,2633879.13,2571012.44,2643634.36,2775444.73,2573575.55,2395129.18,2627851.16,2764803.8,2505731.27,2756005.59,2774189.58,2709617.55,2735666.18,2810457.02,2704641.86,2605161.96
19079,2581787.81,2696478.84,2492853.09,2545547.53,2675944.85,2718413.32,2617917.01,2725140.49,2889448.83,2744393.02,2717916.47,2669983.51,2910121.73,2647829.46,2726364.52,2817691.29,2677339.49,2585402.89,2426599.64,2599358.05,2580505.65,2837340.39,2610391.94,2630526.61
20079,2730610.69,2633382.07,2726020.35,2609095.4,2799113.46,2681528.06,2764181.89,2431222.08,2745145.34,2789236.27,2698494.32,2733743.15,2650219.32,2703701.89,2514576.39,2606985.13,2855409.49,2911274.17,2507762.04,2653057.48,2575304.1,2598754.3,2618164.31,2532958.84
21079,1824343.16,1644629.19,1816043.52,1693501.79,1623122.93,1750795.9,1828059.23,1668221.17,1732422.06,1680341.37,1798750.15,1606243.46,1767697.79,1619317.04,1665690.6,1677336.88,1834767.11,1736577.79,1674081.01,1813146.24,1638584.87,1627938.69,1777207.09,1633822.5
22080,1095205.45,1309037.66,1239537.87,1100475.85,1115586.5,1149680.88,1155033.06,1253375.34,1161157.06,1167493.83,1110417.63,1129138.09,1237373.72,1188432.04,1145638.03,1175606.08,1257215.59,1208924.3,1220334.68,1214029.17,1092185.42,1160218.13,1032176.2,1278407.84
23079,2960773.64,2741741.28,2946882.83,2896314.61,2923011.09,2723359.01,2647886.19,2708671.53,2855289.14,2608023.56,2961129.27,2901588.79,2975078.37,2767465.8,2873928.79,2883688.07,2803915.61,2650443.37,2614040.78,2801270.04,2907631.81,2703326.09,2938540.12,2660807.73
24079,2470486.01,2548989.51,2243064.62,2404181.83,2553778.54,2552781.32,2537519.1,2732892.86,2466418.5,2475898.7,2793526.55,2409369.02,2540980.34,2659770.96,2363384.4,2499492.99,2528171.48,2541470.36,2549401.84,2133461.48,2492137.62,2401865.65,2556096.3,2561637.73
25079,2884183.85,2644745.57,2452589.95,2640018.44,2849030.8,2744333.4,2579902.58,2864479.87,2587354.64,2477641.72,2777991.04,2459726.11,2493293.78,2449196.28,2597329.64,2379977.79,2593241.38,2459590.0,2705127.05,2583688.92,2626930.36,2726258.99,2578061.53,2612311.03
26079,1563786.38,1532071.06,1523340.97,1463113.88,1389871.35,1435961.33,1440691.6,1474692.41,1491283.02,1443840.22,1546064.47,1485759.81,1448212.37,1348566.82,1453709.24,1608943.13,1425194.11,1409834.78,1395211.17,1619541.43,1508988.32,1445588.96,1523798.98,1400604.59
27079,1304922.89,1367306.29,1344882.05,1521713.63,1389843.56,1297193.91,1399354.3,1384695.76,1491293.35,1546377.16,1352157.38,1493461.05,1430778.25,1376796.98,1380415.87,1323776.02,1369155.86,1385869.95,1417457.61,1381989.71,1441753.63,1338283.67,1324054.5,1411558.81
28079,2431943.38,2368801.32,2503193.26,2561237.91,2424806.78,2662374.77,2426911.63,2275052.94,2403240.01,2451429.83,2489976.81,2397179.95,2439675.29,2426672.32,2471068.89,2377108.67,2694202.0,2511422.08,2741201.12,2444481.45,2487487.87,2419123.14,2435837.25,2196108.26
29079,2605783.58,2696325.94,2742490.55,2488973.45,2639766.88,2649585.55,2604542.06,2690906.66,2414969.92,2600280.92,2783873.94,2515899.91,2513650.99,2633910.95,2845215.52,2659955.49,2644905.66,2403601.72,2288762.52,2675715.21,2619111.99,2581680.34,2504005.12,2637412.93
30079,2636311.9,2548020.9,2593103.74,2520107.2,2804334.61,2648186.44,2509704.11,2766961.51,2650715.4,2695230.47,2486598.13,2515566.12,2410833.03,2578124.7,2392564.57,2791168.85,2546937.29,2729604.04,2575151.38,2549472.43,2786185.27,2559092.54,2753077.48,2925288.48
31080,1514640.58,1311183.75,1427552.4,1398424.27,1445734.92,1572458.03,1410421.15,1366377.45,1414304.92,1383728.68,1370094.1,1369986.6,1534683.32,1417845.12,1357761.38,1520968.4,1497728.89,1431905.12,1498911.36,1517206.9,1384766.34,1451577.48,1450639.78,1457303.84
32079,1015742.36,998049.94,1068632.23,1030698.71,1097033.26,1049524.3,1032246.47,1077073.3,1024126.83,1033566.27,996534.54,1064721.26,1051560.47,1090232.12,944957.12,1190722.42,1017997.93,1092026.4,1009604.95,988441.67,1065115.84,1019166.28,1039471.97,1027470.03
33080,2471947.21,2505931.13,2615746.74,2643441.95,2553520.69,2726549.45,2527243.63,2704480.96,2487132.51,2454479.7,2514194.77,2787938.39,2554471.77,2548058.39,2694845.72,2643813.59,2427656.49,2616373.13,2404849.53,2473575.38,2398485.84,2691108.53,2668560.47,2552164.07
34079,2662346.49,2757931.93,2389840.93,2643616.34,2810299.78,2734648.15,2503312.01,2462024.17,2419429.45,2562760.03,2750417.57,2688013.5,2703697.22,2753493.78,2782004.09,2596360.32,2415780.65,2532695.69,2725805.0,2590322.32,2670174.18,2408180.47,2582693.8,2480781.57
35079,2548269.38,2535482.17,2543320.08,2798793.16,2628456.36,2475021.7,2551191.05,2459837.71,2533072.61,2703132.85,2562356.83,2455876.25,2667792.38,2548258.56,2426813.95,2583577.13,2500077.92,2459355.79,2950617.99,2657021.59,2855436.34,2641742.49,2473120.0,2754513.12
36079,1626970.03,1530681.81,1740489.95,1684296.65,1525328.93,1623067.1,1800700.3,1742914.37,1673820.33,1768368.37,1647956.28,1641721.85,1569696.6,1677186.52,1656928.85,1470675.51,1544739.04,1440666.09,1587545.6,1483820.3,1624230.23,1695287.38,1501258.74,1585146.71
37080,1357461.95,1323511.09,1268793.66,1295975.62,1230136.1,1441846.53,1373779.59,1341101.1,1328563.55,1272522.49,1363506.31,1313242.6,1238547.88,1340345.42,1379307.83,1373080.27,1306266.46,1186240.93,1332913.05,1323008.6,1312167.5,1365550.18,1208529.37,1188485.38
38079,2307848.77,2528855.32,2306407.35,2167142.82,2268010.71,2459595.34,2330854.92,2242425.78,2512231.62,2432348.17,2288970.88,2261965.26,2169992.15,2169769.43,2390722.28,2408119.41,2352328.22,2265421.54,2395388.43,2360498.95,2362705.36,2306398.34,2346730.19,2318389.39
39080,2841386.95,2567760.57,2478348.66,2682193.64,2640307.91,2566098.45,2514202.99,2532306.31,2377857.42,2694299.07,2425792.37,2764599.61,2566432.12,2419028.17,2568239.16,2767147.21,2658934.83,2662173.76,2837846.32,2607659.89,2534141.09,2522677.74,2610240.86,2733668.46
40079,2695318.83,2792633.01,2570274.55,2679807.79,2762142.72,2615114.03,3017639.28,2717307.41,2813127.82,2736543.4,2665322.94,2842429.84,2822494.52,2838899.14,2788484.29,2664177.09,2529625.09,2723603.13,2861402.98,2471659.1,2931479.11,2638050.68,2565924.23,2639082.29
41079,1230399.66,1289750.94,1181143.1,1294580.72,1296849.18,1293857.45,1219051.65,1213058.1,1248575.42,1272840.37,1197902.37,1261632.69,1234637.95,1177611.06,1274752.71,1147438.75,1191842.79,1233893.91,1264970.01,1240889.89,1260735.87,1263303.09,1405999.64,1265895.77
42079,1414058.78,1356297.86,1332926.02,1329624.72,1381945.76,1485478.99,1457537.61,1485997.08,1511434.15,1241207.64,1454840.39,1265884.28,1260562.23,1434937.86,1568423.69,1477070.86,1282876.37,1393478.54,1425257.37,1367590.29,1310641.22,1333003.1,1353228.51,1418275.06
43080,2515984.72,2624508.06,2607221.98,2435568.69,2524375.82,2597787.42,2404238.15,2577692.75,2489510.87,2511966.29,2586093.63,2501750.55,2283397.6,2586769.17,2521232.37,2499439.22,2746749.96,2649590.11,2465878.42,2352073.28,2612353.79,2483144.66,2474999.86,2624087.57
44079,1698645.37,1867831.35,1751527.27,1511874.98,1637074.34,1693951.9,1556810.24,1666069.73,1773174.98,1644013.5,1748073.17,1611215.56,1870102.99,1662224.94,1745452.53,1746013.35,1647344.8,1676493.5,1605274.08,1891412.53,1772534.97,1624347.36,1698770.98,1885648.15
45079,1649524.97,1585603.6,1595172.36,1622181.54,1615839.91,1634326.61,1414759.72,1700716.94,1529283.98,1456287.2,1564648.11,1516291.81,1702570.68,1616822.66,1578233.42,1630499.34,1563874.49,1595390.69,1472083.51,1623370.5,1644558.87,1486089.8,1445356.22,1670708.64
46080,1264436.31,1261178.42,1196120.22,1272803.2,1168743.04,1150051.56,1115708.72,1285608.65,1291584.64,1131211.07,1134446.46,1232551.35,1138913.3,1263067.53,1306934.3,1195496.86,1266331.33,1313080.13,1212361.71,1277248.77,1374695.9,1193844.85,1159098.47,1287902.89
47079,1774667.43,1822101.83,1798213.39,1722287.07,1808788.1,1770193.16,1808073.22,1874169.58,1797944.45,1752351.54,1766411.26,1782434.83,1726286.56,1817553.63,1767533.07,1599228.56,1668307.8,1666527.78,1738684.31,1627835.1,1686597.26,1776748.03,1916510.1,1732926.25
48079,2101128.29,2110996.07,2028534.86,2111680.37,2076854.7,1989378.41,2044687.78,2117401.82,1922507.89,1987521.03,2322799.17,1989399.57,2019639.26,2076388.88,1975204.14,2156125.41,1883646.16,2139403.1,2216405.3,2224641.28,2139875.7,2014784.4,2022250.68,1929883.57
49080,1278659.58,1210665.21,1127548.69,1220781.65,1222458.71,1198712.27,1170412.13,1108786.19,1210136.73,1192077.06,1167611.44,1200493.43,1141963.25,1142724.55,1193095.36,1115574.84,1145677.44,1141146.02,1184579.52,1114739.81,1234930.72,1314932.41,1202368.59,1190553.37
50079,1553319.28,1504175.99,1537560.16,1480776.2,1545521.3,1398562.23,1411834.85,1556608.27,1486073.75,1333629.98,1593150.05,1590873.67,1531558.31,1525645.5,1652369.47,1414288.55,1457931.72,1548076.36,1471633.2,1560759.55,1521285.8,1632764.42,1571310.46,1462043.76
51079,783738.35,752722.19,828664.88,770458.78,815821.48,856039.73,806529.43,796395.24,808410.79,797589.99,747952.64,758404.78,777587.04,751298.69,849278.33,794367.06,736721.72,724532.33,793048.55,785109.36,727568.99,799377.93,833113.55,793325.38
52079,1628327.47,1611672.6,1697993.75,1566453.03,1391916.88,1492611.03,1548067.38,1495913.3,1579982.85,1568089.62,1578521.86,1580758.24,1562416.9,1677717.32,1623350.52,1694242.78,1587154.8,1569676.99,1542147.64,1575722.6,1646428.44,1490282.41,1585233.14,1592213.78
53079,1226387.63,1076076.72,1164899.2,1247761.75,1104247.37,1163645.9,1085970.09,1252779.57,1127527.71,1094067.67,1203756.77,1194614.37,1104420.03,1105303.1,1158556.89,1203591.61,1163104.57,1163874.12,1190921.7,1147827.01,1108780.26,1075672.05,1185495.58,1103027.0
54079,1421939.87,1387373.17,1467664.56,1372920.24,1326031.54,1305487.58,1338019.79,1415149.07,1256908.87,1381142.1,1507452.15,1341478.3,1386751.27,1485444.51,1557197.23,1372118.32,1387617.4,1248657.46,1466031.02,1378195.88,1325087.77,1354522.99,1534218.67,1522513.96
55079,1745142.1,1708235.83,1659427.59,1464724.19,1647737.59,1689904.26,1471252.26,1526563.73,1693285.97,1551653.7,1562080.55,1557463.61,1593491.84,1523772.32,1514243.75,1500843.11,1553596.01,1722664.39,1559889.16,1536836.71,1635631.6,1574724.41,1613160.43,1580683.43
56079,1384577.5,1448116.75,1382587.18,1418752.99,1376426.75,1453895.43,1449224.77,1396610.81,1358602.06,1489074.52,1419444.9,1426005.74,1553630.13,1483135.53,1421519.9,1356920.86,1455472.73,1504848.83,1403909.72,1422019.81,1336389.85,1462274.83,1465480.36,1516704.69
57079,1450035.67,1645326.67,1537066.16,1636137.07,1474256.23,1590031.35,1527422.89,1499307.34,1631971.21,1570745.37,1781441.55,1614403.43,1671781.79,1672828.12,1536339.91,1665913.45,1618568.51,1698212.73,1533279.09,1512650.03,1642285.62,1718311.08,1622294.12,1580513.97
58079,2643655.48,2548216.8,2747472.93,2343055.13,2478720.04,2328198.01,2549984.7,2587356.3,2649711.88,2444975.78,2676042.79,2542779.15,2721303.4,2571252.34,2645296.13,2534888.0,2712362.88,2376164.67,2475856.18,2587393.69,2548159.02,2548436.3,2498555.07,2300755.06
59080,2604985.62,2547947.84,2552081.86,2552981.15,2580348.02,2710792.92,2253864.84,2608263.62,2597014.92,2587315.3,2673974.89,2525015.24,2710048.52,2563548.67,2620488.03,2486567.77,2731503.89,2553911.9,2509304.93,2549680.32,2482229.31,2850370.97,2555830.27,2727618.56
60079,2360188.6,2532798.97,2214898.69,2600507.44,2472833.37,2241108.04,2330493.43,2342549.03,2274395.82,2423195.27,2248938.22,2271082.02,2604605.13,2374225.65,2407559.57,2320141.54,2363346.38,2358437.07,2491449.62,2523673.4,2316169.82,2505171.35,2435708.72,2586551.77
61079,1652840.49,1681990.3,1668529.87,1636227.82,1718467.43,1695292.5,1594081.27,1554575.41,1831269.52,1554625.55,1693723.57,1587741.94,1453713.63,1625330.25,1674100.25,1604579.0,1579079.32,1600992.8,1514723.35,1716597.3,1623074.11,1557514.86,1552895.54,1437862.97
62079,1084479.0,1352579.71,1066339.34,1170536.7,1261192.47,1252334.68,1172279.34,1106074.76,1335113.85,1237153.72,1251992.24,1226646.97,1185372.9,1179656.81,1180597.14,1194274.29,1197872.96,1209380.2,1219652.16,1158461.07,1149719.26,1216649.76,1224933.23,1200306.73
63079,2460497.73,2299536.09,2495703.62,2697927.36,2636380.65,2304960.98,2363723.18,2648367.83,2467289.57,2572314.89,2652303.06,2354344.08,2622149.69,2626400.26,2787381.21,2313008.12,2416073.62,2601011.42,2537715.65,2632749.04,2638421.53,2640108.26,2650528.63,2206400.9
64079,2864375.42,2457476.26,2726226.41,2593735.62,2604859.49,2482560.72,2569691.39,2655435.9,2417832.63,2569926.84,2471540.38,2605586.88,2379701.2,2371572.74,2777800.61,2681035.07,2515082.71,2708927.66,2589634.48,2279991.14,2724660.89,2979155.12,2940390.26,2598604.79
65079,2594495.12,2528603.04,2746665.47,2308047.23,2840780.02,2663413.23,2547459.63,2397977.23,2552641.18,2669692.39,2717435.56,2576327.42,2727487.55,2941493.32,2639133.0,2761322.54,2899881.22,2380332.16,2768418.12,2588192.36,2643308.73,2609279.0,2663086.58,2547502.81
66079,2296376.53,2404113.25,2224523.59,2360062.48,2250163.18,2378786.9,2365573.21,2244807.58,2324279.71,2352281.79,2243516.55,2080474.97,2106639.36,2311649.99,2334199.15,2154413.45,2212813.61,2341972.41,2391277.0,2449740.33,2336286.14,2436722.33,2583724.32,2314791.4
67079,1214551.38,1238747.68,1205074.93,1282604.22,1365574.74,1291058.76,1264161.15,1287925.45,1247153.53,1404307.62,1217116.22,1194963.75,1232744.85,1257687.22,1296877.14,1263948.01,1406906.14,1280170.43,1191570.87,1373942.12,1351261.29,1236469.71,1281913.31,1320068.26
68079,2823973.02,2785881.33,2984214.93,2738896.65,2449907.15,2753942.86,2551450.44,2550835.38,2768006.47,2811656.89,2781664.38,2892286.16,2748993.73,2626077.86,2729581.74,2580996.86,2508094.31,2678068.6,2508159.34,2669207.82,2569832.86,3027960.21,2854738.97,2759940.73
69080,3022633.36,2615016.27,2606513.76,2499556.15,2781423.53,2695312.32,2644444.12,2838664.59,2964061.54,2787228.49,2521716.42,2874826.76,2555730.15,2601650.43,2646065.82,2635562.87,2787133.27,2671704.39,2540738.98,2676161.98,2656854.37,2591083.22,2536335.14,2645947.7
70080,2693349.91,2546351.66,2646583.54,2722977.75,2784757.84,2425240.97,2673863.61,2707802.91,2794151.29,2715774.34,2674943.27,2546610.55,2446948.92,2631513.01,2624850.06,2549167.94,2740906.96,2654639.44,2793735.15,2650572.43,2656146.8,2506704.59,2587673.78,2289892.12
71079,1941351.02,1779301.71,1923302.07,1916688.84,1800343.5,1844199.67,1893326.92,1801769.64,1872381.15,1861916.91,1931044.35,1845117.25,1756313.62,1871687.64,1790789.47,1779559.81,1760508.61,1804597.07,1804511.06,1734031.55,1830370.75,1740388.71,1750900.56,1692066.46
72079,1712898.73,1515821.58,1650891.27,1652115.92,1823076.53,1781002.8,1804886.54,1824982.27,1702097.01,1680248.41,1637012.13,1703432.69,1707922.55,1679435.94,1489510.52,1561756.3,1432309.73,1528792.06,1631157.86,1521583.12,1659592.62,1784333.33,1442865.84,1528530.29
73080,1611511.81,1874408.27,1711588.69,1879316.3,1732297.31,1743649.02,1527431.86,1682311.45,1862298.66,1606277.31,1725003.75,1597080.85,1566279.94,1657316.4,1840257.89,1617972.49,1844732.96,1761035.41,1567206.65,1705107.4,1734871.07,1684008.81,1570681.95,1727620.18
74079,2632046.73,2714015.47,2553245.49,2708629.57,2677949.5,2832941.22,2458946.65,2678665.55,2759555.93,2567477.83,2688424.29,2645565.11,2460236.93,2643355.31,2714394.76,2698927.43,2659517.55,2709670.74,2748039.2,2677147.52,2725186.49,2644770.17,2784975.2,2755432.37
75079,2694861.28,2395121.24,2510165.65,2565795.34,2455842.23,2733508.78,2458904.62,2441642.27,2401724.83,2330695.6,2557301.55,2642785.1,2549643.87,2599426.95,2409086.6,2463158.83,2496271.76,2427275.99,2652174.83,2697950.36,2489308.39,2495928.08,2553033.52,2406357.7
76080,2332648.72,2053980.03,2021205.3,2055056.36,2123568.12,1988617.24,2207166.65,2041657.32,2018024.68,1985831.23,2017442.19,2424426.32,2068390.27,2216982.13,2318668.37,2129559.46,2015272.54,2114546.58,2087658.51,2040459.49,2173762.72,2007246.21,2158058.32,2070430.28
77079,1198787.72,1237490.53,1159379.75,1203058.31,1302888.76,1296320.93,1123107.35,1207593.63,1276202.77,1221439.85,1199290.72,1146342.5,1217811.14,1283948.87,1264930.31,1212838.46,1330251.66,1293426.13,1243942.4,1279793.05,1305602.97,1222498.78,1200047.73,1208907.33
78079,2544474.21,2374140.46,2318497.41,2203560.82,2524298.23,2480369.7,2336615.82,2445609.29,2252000.73,2306963.36,2421621.85,2326589.42,2270388.76,2270422.1,2132845.58,2342480.28,2349595.46,2336825.33,2262056.93,2349492.85,2367122.64,2347678.44,2269875.74,2220535.84
79079,2682899.59,2922823.78,2518312.64,2626160.67,2812124.14,2589754.99,2637196.12,2636816.53,2616467.91,2616739.21,3120030.95,2542564.38,2531047.01,2555872.29,2660396.68,2606149.31,2629748.99,2554386.53,2714015.21,2711036.35,2879225.56,2526368.44,2254257.17,2926741.4
80079,2693941.83,2783899.73,2798015.91,2966304.21,2802983.92,2998050.54,2824384.88,2921520.89,2685507.68,2634438.07,2550536.12,2932192.53,2894117.01,2712319.62,2751283.53,2867923.96,2731913.28,3016074.9,2757075.77,2548765.15,2780793.9,2603106.5,2753979.97,2941171.91
81079,1993389.43,2104358.02,2117152.72,1912072.64,1995969.23,1939029.78,1903068.48,1830680.1,1963634.83,2049818.97,1855364.72,1984943.33,2135154.92,2019261.97,2147323.28,1793765.92,2068944.76,1979218.53,2138800.24,2015912.97,1972484.45,2051743.89,1920679.92,2185978.82
82080,1010130.45,1046898.83,1024156.82,1162416.56,1008124.66,1067998.28,986086.52,1020165.92,1235578.62,1054130.66,1157467.86,1168586.17,1106971.96,948986.24,1133502.03,1181775.63,1107668.88,1081200.16,1088405.76,1032428.95,1158737.3,1171344.5,1080650.49,1052185.16
83080,1303606.69,1433331.75,1460208.95,1502144.74,1449970.54,1398366.14,1338191.44,1407320.87,1303227.24,1461685.17,1445941.6,1433280.42,1484882.63,1419473.23,1399807.96,1418764.67,1373938.47,1406856.03,1430568.1,1284328.09,1329786.85,1397244.28,1523001.31,1505425.36
84080,1275809.92,1289685.66,1163697.08,1248503.27,1183329.97,1274154.38,1194836.22,1151480.08,1239996.4,1285663.32,1080186.25,1249369.42,1228464.73,1236055.81,1279346.47,1227315.11,1228729.25,1264384.68,1212021.49,1182121.18,1224177.71,1162490.7,1132480.2,1221260.28
85080,1166842.7,1204958.4,1274930.94,1382284.84,1270305.05,1265754.08,1252514.55,1357561.12,1255884.74,1239050.08,1372531.27,1241184.66,1269985.69,1284405.1,1351906.13,1168469.14,1240088.92,1298862.05,1154723.86,1349261.37,1227690.07,1337418.54,1398069.39,1418240.08
86079,1335471.21,1308802.74,1348566.99,1339663.12,1218437.45,1301940.18,1302006.67,1295317.62,1383361.91,1218343.03,1259272.84,1340908.66,1283953.1,1246629.03,1409202.99,1283134.17,1140277.03,1268982.62,1260639.65,1394157.2,1246010.09,1406552.03,1257540.6,1245623.51
87079,1385084.32,1234817.96,1403826.7,1434743.35,1286459.0,1295661.99,1298262.69,1199618.53,1266951.68,1307402.8,1317004.77,1433829.87,1369132.92,1255544.88,1244817.05,1280731.2,1371923.32,1415238.61,1380796.76,1264134.07,1163062.02,1289983.07,1388818.01,1374366.83
88079,1338572.84,1427231.42,1401313.45,1305544.11,1361134.1,1505352.49,1431381.25,1286677.35,1374785.77,1428950.49,1312452.72,1418303.69,1423557.37,1394517.68,1412766.44,1377100.33,1378474.12,1244032.88,1366144.16,1460687.69,1295934.39,1419037.51,1397870.04,1378543.92
89079,1406147.08,1312569.94,1465934.3,1420045.64,1277488.16,1399270.45,1452080.7,1415659.27,1357288.96,1444542.53,1300087.26,1448755.98,1327376.93,1422996.32,1372139.86,1401945.87,1305396.27,1296066.08,1348678.31,1449832.62,1343077.48,1244001.99,1310774.34,1363022.58
90080,1675189.32,1603928.74,1585373.7,1549704.73,1698353.33,1671868.85,1550661.67,1433287.45,1568457.74,1394273.65,1612267.38,1634649.94,1469529.6,1531596.33,1615532.06,1580911.92,1553706.18,1622542.42,1410469.88,1454735.78,1612767.13,1666189.78,1589734.95,1566992.39
91079,1730630.78,1896524.87,1740013.12,1675212.09,1728241.94,1730197.53,1845233.95,1795239.78,1781441.1,1934216.29,1778428.46,1792515.99,2004451.47,1659514.01,1745500.69,1837623.75,1773893.21,1708243.1,1886580.26,1599720.39,1705243.33,1722560.73,1876467.96,1916107.93
92079,1936492.95,2021790.94,1939702.47,2208951.69,2128682.38,1987853.71,1921937.99,1939780.39,2112427.34,1986272.73,1925382.4,1822366.62,1980534.32,2202964.55,1934403.91,1971125.78,1883278.29,1869023.85,2119299.08,2174735.58,2189760.13,2041683.53,1965002.32,1798107.65
93079,1584687.4,1529498.56,1455003.26,1366135.86,1559016.23,1482168.89,1447856.4,1603352.08,1474516.06,1462075.62,1521968.72,1493639.55,1517860.81,1649737.68,1510015.06,1528824.45,1583033.27,1523909.36,1502926.12,1465237.38,1495112.95,1478824.52,1571660.86,1446649.01
94079,2011669.23,2000625.86,2044173.51,2095506.31,1772185.75,2016261.63,2090374.94,2090781.29,1862146.48,1997747.87,1984238.93,1872780.71,2055772.55,2314407.72,2173139.34,1945836.32,2075280.95,2022921.51,1967178.85,1994336.88,2043116.76,1965306.22,2039970.53,2017605.95
95079,2672345.4,2338214.73,2373003.8,2624734.74,2474742.74,2509083.51,2472937.91,2747956.98,2680193.06,2628347.39,2618993.32,2470782.31,2668920.13,2439561.01,2593590.98,2674003.44,2445933.35,2490158.72,2676321.56,2668631.69,2710415.25,2323081.08,2708457.91,2302531.82
96080,2592164.73,2724268.83,2566040.62,2347431.84,2559318.74,2701506.61,2854350.36,2609119.5,2918792.61,2572626.82,2693118.67,2692277.11,2453323.77,2529528.89,2504620.65,2537267.01,2820565.96,2655616.48,2517406.64,2582158.75,2390984.32,2512024.43,2583210.57,2455478.64
97079,3191866.89,3142231.16,2953856.04,3289066.28,2967141.63,3041267.88,3092845.72,3286643.63,2860729.56,2918613.82,3289045.37,3082887.76,3109360.44,2770039.35,3090064.82,3320675.92,2779386.35,3268359.82,2964527.52,3113358.18,3166895.09,3221275.71,3127113.2,3112677.34
98080,2079691.97,2049485.81,2003792.06,2135076.93,1979606.79,1924704.83,1919965.41,1889123.65,1884102.67,2042128.11,2029891.74,2075405.24,2125788.45,1981273.78,2196662.89,2149510.23,2005757.75,2196365.47,2122495.91,2116537.26,2019884.36,2148801.52,2072543.12,2170289.34
99079,2803677.28,2641852.07,2540151.46,2579195.91,2797005.26,2627714.93,2575667.54,2698043.74,2712443.48,2710516.49,2848860.43,2735757.83,2634838.12,2645593.22,2771483.81,2452216.42,2697280.37,2746922.14,2510786.95,2917037.74,2746481.16,2794040.52,2603943.83,2841692.68
100080,2836983.65,2740554.98,2374128.54,2802156.01,2988806.64,2959279.86,2844022.86,2605084.32,2612863.57,2643165.75,2892540.63,2697896.71,2910199.7,2916957.21,2801862.62,3097939.13,2629844.23,2568579.86,2766094.64,3095023.09,3071332.73,2820016.93,2786531.26,2509579.15
101080,1678719.91,1838404.48,1654181.48,1598161.51,1762628.15,1764644.78,1716521.13,1756040.85,1678131.67,1691938.14,1785444.65,1887337.33,1941689.44,1588766.15,1819191.1,1666564.84,1735939.45,1666750.22,1838153.37,1824698.31,1774336.03,1862213.31,1749133.31,1578901.6
102079,2138888.92,2218484.88,2490490.38,2381344.7,2405317.74,2579596.73,2355800.81,2343425.56,2489674.65,2401181.85,2381538.46,2336202.02,2523390.32,2493348.28,2490024.97,2591818.24,2401067.34,2478346.19,2576640.5,2462478.81,2588906.95,2474297.19,2452819.11,2485486.7
103080,1675252.92,1701229.95,1784114.36,1704547.55,1642905.75,1907002.52,1707098.21,1773584.35,1765548.7,1723942.43,1787935.27,1741044.61,1668621.12,1806001.38,1709007.34,1767086.22,1793987.5,1899989.04,1785094.17,1703549.5,1652357.95,1781808.13,1763285.79,1635017.28
104080,2412456.69,2091249.24,2410470.05,2320366.04,2210033.64,2211551.75,2366384.27,2245557.16,2134923.17,2215810.33,2035893.94,2350910.84,2157091.82,2108262.42,2200928.51,2341124.99,2251578.63,2283145.55,2193931.14,2191019.49,2294573.16,2312907.74,2053961.9,2350510.92
105079,2728561.92,2693846.58,2865699.41,2586315.68,2635257.85,3025947.78,2547063.39,2750621.22,2783151.28,2821234.26,2706906.24,2808322.4,2970311.98,2861665.02,2756893.32,2770425.34,2787904.81,2981455.12,3055311.22,2821280.99,2705864.2,2715504.9,2828609.93,2963462.65
106079,2560085.63,2690264.62,2497597.85,2535965.03,2741836.01,2798330.39,2620334.06,2691870.76,2576358.88,2757986.03,2678883.18,2578976.67,2770999.58,2591076.69,2647305.42,2403468.31,2652896.41,2867345.58,2498077.09,2929275.63,2464079.78,2511358.87,2733076.92,2632303.96
107080,2519469.46,2375081.13,2434380.28,2221891.14,2377832.94,2226448.85,2285916.0,2447997.57,2267322.65,2324146.93,2307533.83,2500186.49,2531351.52,2475217.61,2288602.63,2499158.88,2305708.72,2429218.03,2259977.61,2377484.03,2222343.89,2374790.17,2291427.18,2356719.14
108079,2392964.97,2353953.64,2319319.27,2362254.54,2583289.16,2697825.89,2313071.66,2528998.8,2538381.86,2385245.09,2446414.06,2533628.89,2574530.45,2381085.33,2631621.79,2482153.62,2401624.42,2447956.51,2435037.79,2533743.21,2512784.13,2560715.86,2388520.64,2446933.82
109079,3764455.91,3524689.58,3729379.87,3579864.25,3746406.09,3907058.06,3898443.37,4085703.65,3955255.05,3865486.54,3575674.81,3831483.35,3978792.35,3831245.21,3906822.2,3780736.37,3607692.28,3818573.47,4024378.51,3920992.89,3616781.95,3642641.49,4034473.32,3735847.21
110080,3760766.3,3768022.1,3944229.33,3405759.4,3789103.28,3716595.18,3598263.15,3652355.61,3494698.41,3507210.17,3578159.62,3510293.01,3843578.76,3773202.31,3538426.02,3809522.56,3482198.09,3374151.37,3611499.27,3599625.24,3657201.93,3462587.69,3667049.73,3879798.05
111079,3273427.86,2748509.05,3156537.98,3291259.1,3032632.57,3164169.42,3087095.32,3155681.75,3150190.05,3277456.06,3445299.95,3272959.48,3097055.91,3350919.28,3552620.39,3228154.44,3461058.86,3148247.54,2954533.05,3543859.59,3193475.96,3061200.86,3448659.71,3198614.82
112079,3948796.35,3786206.72,3695039.3,3386701.08,3355963.41,3424611.01,3588459.23,3622877.55,3551992.19,3516775.24,3428330.53,3716066.2,3625999.07,3526057.27,3552670.22,3642446.78,3551179.3,3466584.95,3907985.27,3503724.43,3879881.15,3603163.25,3414194.52,3316538.6
113080,3482307.0,3670487.17,3295060.62,3586497.61,3771818.6,3471159.51,3549845.45,3522528.5,3684912.12,3224176.63,3767252.42,3505221.66,3460911.22,3576937.71,3657846.89,3693579.37,3445550.45,3436925.24,3699206.99,3515395.64,3539791.21,3967466.24,3605027.29,3774227.14
114079,2954454.6,2649252.04,3155503.33,2908494.16,3082313.15,3198251.29,3173062.9,3074798.76,3128063.03,3082463.12,2954699.39,2866117.89,2821435.52,2932987.39,2968037.55,3047568.08,3007621.13,3185382.03,3050150.45,3055868.74,3208079.87,3133321.72,3260567.91,2926614.34
115080,2779828.82,2783348.57,2989316.77,3022446.62,2875138.32,2576273.11,2892016.29,2841412.02,2704241.56,2788256.18,3126748.27,2740228.75,2786963.33,2669476.88,2673819.47,3056737.21,2844850.72,2966810.55,2845296.05,2850601.1,2704133.73,2770080.49,2847534.17,2915067.68
116079,2828153.07,2637841.17,2752837.74,2578483.7,2836688.5,2854435.03,2842891.1,2693349.92,2702019.62,2692724.96,2783558.37,2780388.48,2714150.92,2960193.83,2738642.69,2794928.38,2832453.46,2782782.54,2601391.93,2761937.2,2933596.04,2735347.58,2770154.36,2730086.76
117079,1189687.99,1247341.52,1303134.61,1196092.42,1199257.71,1180419.84,1156320.29,1223252.05,1214781.17,1243889.15,1208458.55,1205086.82,1169630.87,1291116.35,1212338.39,1303392.2,1211749.49,1310344.56,1324363.26,1121037.38,1160876.25,1166853.12,1252694.91,1221734.75
118080,2557799.48,2385420.47,2319298.23,2535672.68,2475500.95,2329103.56,2660930.78,2484013.01,2563387.85,2325513.32,2597961.18,2215366.03,2568318.16,2381525.63,2486779.69,2432372.93,2661192.27,2612010.26,2604249.1,2785710.1,2546004.91,2520964.48,2630683.91,2714511.12
119079,1655303.48,1576874.65,1682205.8,1583981.56,1770263.98,1804017.88,1546270.52,1662162.39,1555623.52,1563494.19,1665091.84,1576126.23,1661807.83,1593254.24,1803358.58,1597218.09,1524831.91,1699317.12,1747524.57,1582562.02,1769006.62,1641570.86,1663348.19,1717541.69
120080,1806516.73,1801631.37,1615990.6,1741296.4,1905618.58,1683397.2,1845375.48,1752765.36,1627823.57,1904086.61,1794269.82,1830760.91,1854598.63,1748464.92,1932359.2,1674178.44,1783710.16,1755948.81,1619377.31,1756993.98,1788559.84,1849715.84,1607581.43,1731513.34
121080,1685786.67,1833909.56,1614669.69,1830087.87,1699134.36,1494327.09,1910565.87,1805734.37,1738429.14,1735109.53,1940455.6,1724065.72,1763226.85,1634624.53,1786374.25,1789859.68,1730115.62,1720546.69,1620820.78,1578774.04,1583594.47,1739340.53,1684580.04,1832572.23
122079,1705015.32,1888599.84,1667748.03,1770490.77,2048659.53,1830697.45,1797464.73,1825779.79,1737777.86,1917403.53,1647501.35,1927225.51,1879964.09,1963027.7,1810225.68,1883426.36,2013653.82,1751473.02,1793353.72,1721124.32,1785890.86,1904801.85,1797241.18,1743963.17
123079,1693246.51,1790650.26,1843343.56,1748676.05,1735202.93,1855199.85,1751436.68,1667897.0,1847811.5,1675187.32,1837189.94,1877886.92,1781610.98,1804887.52,1949112.14,1950634.87,1709305.86,1845245.72,1803143.63,1972864.01,1915129.78,1950233.72,1797609.98,1944391.85
124080,1782743.97,1860018.74,1597672.58,1680391.2,1724397.68,1786610.84,1894797.86,1793242.74,1755302.41,1694887.3,1718134.13,1712874.85,1722565.37,1764750.87,1699163.03,1733582.45,1708262.48,1684343.74,1712371.58,1665402.64,1960982.19,1774024.31,1668026.07,1602403.28
125079,1758121.26,1723576.07,1818530.69,1736991.65,1849764.37,1730119.19,1582680.38,1765878.01,1860462.16,1903373.83,1754087.53,1610032.94,1945877.33,1870495.26,1802030.1,1717781.18,1684057.07,1775412.22,1889323.19,1681492.13,1653386.92,1873383.92,1741228.99,2024407.15
126079,1423822.73,1772203.75,1549050.38,1704050.54,1736008.96,1703912.14,1715162.85,1699193.84,1640931.77,1615968.18,1674433.73,1744241.69,1718449.67,1719001.17,1591660.94,1584653.63,1757125.44,1640725.77,1659070.71,1634229.06,1644652.09,1694323.87,1756014.58,1614035.55
127080,1705535.14,1799165.37,1790853.24,1789841.86,2041039.56,1681550.22,1871442.58,1693833.44,1836066.18,1909114.64,1702484.3,1839694.84,1715653.19,1799746.71,1681440.51,1676041.24,1676816.85,1776446.17,1711801.35,1811385.01,1651707.48,1765632.15,1917250.55,1635239.59
128079,1919147.99,1891252.43,1829534.65,1867281.51,1846648.79,2007977.73,1972515.45,1941320.74,1961614.81,1944172.38,2037578.93,1943675.33,1998015.67,1995250.57,1934917.21,2089369.18,1991265.35,1983377.66,1986544.26,2061786.6,1898825.32,2020606.65,1919456.88,2102570.73
129079,1694694.18,1790118.49,1885414.49,1966877.69,1837110.8,1909924.17,1756932.67,2045959.71,1846365.29,1811660.15,1881561.34,1768446.44,1803274.01,1920086.49,1713285.37,1958668.57,1711983.25,1782580.51,1662612.88,1858657.97,2045634.67,1760067.33,1776645.75,1926959.04
130079,1850340.56,1650769.55,1713548.51,1773796.85,1754226.4,1868201.05,1835168.28,1699727.3,1773593.15,1718521.77,1797035.5,1710330.9,1941128.6,1810053.02,1871665.66,1763263.87,1907091.32,1678163.43,1817320.71,1844980.85,1736548.93,1740203.49,1768555.2,1597334.34
131079,1762446.25,1731359.62,1769615.42,1575609.04,1657824.35,1668303.71,1680141.84,1697746.61,1852554.26,1696273.09,1716655.57,1608489.03,1636108.87,1614290.74,1760734.26,1685048.25,1751004.67,1724748.11,1675142.52,1765727.9,1752035.47,1542981.92,1798685.12,1752782.13
132080,1534552.45,1352118.62,1554570.1,1593358.7,1557013.78,1423936.56,1750894.93,1527641.72,1464446.0,1579461.94,1605240.85,1725396.96,1558649.68,1575621.05,1490775.34,1562164.0,1473348.55,1504877.53,1518920.54,1639620.19,1622334.02,1559585.73,1596211.31,1596965.61
133079,1183168.41,1338983.85,1294623.59,1407525.6,1379177.49,1421029.67,1461354.77,1278696.27,1400741.47,1373088.91,1292744.77,1348376.45,1393612.54,1417488.58,1548675.35,1338019.69,1408825.99,1396262.3,1259090.98,1370475.47,1352799.34,1361203.21,1337283.49,1346843.11
134079,1726183.24,1811390.79,1888743.63,1935298.29,1843470.55,1906416.75,1822675.58,1846513.04,1703755.96,1741714.03,1647065.56,1725209.96,1738693.54,1782403.1,1752600.88,1625370.65,1884380.4,1771887.92,1762996.84,1969013.04,1870826.29,1641229.57,1799619.38,1828732.54
135080,1207959.62,1253718.16,1267181.82,1269151.76,1279953.2,1332621.24,1304006.77,1409773.6,1279739.46,1318580.58,1314109.84,1294933.59,1277246.17,1314264.11,1388376.58,1287412.23,1204945.67,1283194.28,1243483.28,1382769.92,1280264.02,1216876.42,1361495.16,1218585.46
136079,1281613.03,1342808.89,1360957.94,1338789.04,1150556.01,1235325.94,1336674.93,1274966.95,1379440.86,1227042.39,1283007.87,1387197.64,1345059.64,1127719.96,1383682.32,1261503.61,1293521.28,1328298.64,1299212.98,1255132.45,1260090.77,1387264.25,1236409.02,1326614.13
137080,1836127.39,1770754.83,1722089.48,1785598.15,1981969.97,1886182.9,1720827.67,1720249.43,1820316.84,1773887.97,1953264.77,1889691.43,1796383.64,1725692.73,1905961.49,1913756.98,1755998.11,1934128.77,1896441.12,1932473.56,1895548.72,1908201.42,1779765.57,1824867.06
138080,2023398.41,1871337.41,1851467.6,2003228.58,1900157.63,1815070.64,1739554.89,1864835.38,2012406.98,1696786.15,1892327.82,1908885.94,1929507.6,1926555.1,1811280.85,1824615.36,1955424.72,1892314.42,1852567.88,1797880.08,1953889.44,1835404.0,1911196.52,1871651.92
139080,1845135.5,2127334.46,2047485.81,2128203.21,2025812.56,2025924.4,2001622.3,1904732.57,2263211.28,2090809.07,2068944.12,2107078.63,1931150.36,2140136.28,2124515.4,1901352.94,2165424.79,2034971.09,1964015.99,2119964.87,2030495.12,2044355.59,2088220.94,1952833.42
140079,1775412.77,1905038.48,1861658.72,1972344.24,1921400.11,1905453.61,2008963.31,1820321.41,1895992.71,1818161.99,1948554.23,1803574.31,1839594.41,1812740.53,1955161.85,1930100.31,1836333.56,1888486.89,1821272.27,1819656.29,2008451.61,1777903.65,1941173.31,1859367.41
141079,1711070.84,1742896.84,1852202.1,1920033.33,1720929.84,1715395.7,1848690.36,1921721.32,1772344.1,1658742.85,1740593.2,1743352.1,1957336.77,1867053.94,1714586.71,1792879.01,2044886.94,1766671.71,1823844.16,1868793.29,1730497.47,1841855.04,1835008.61,1778542.74
142080,1800651.61,1530575.67,1794539.84,1559318.32,1900177.98,1606138.04,1698796.81,1540465.32,1596137.15,1728154.37,1731557.59,1657392.06,1577678.73,1812940.99,1654730.9,1600299.23,1640731.96,1651904.87,1715120.46,1669426.03,1632580.26,1632297.66,1637487.87,1585464.36
143079,1183906.04,1410588.87,1282508.64,1282744.99,1288872.3,1352687.29,1149824.37,1288381.08,1312171.3,1360610.79,1156865.93,1216153.69,1356869.05,1283369.71,1165756.13,1128035.03,1336531.6,1278188.71,1215489.38,1219425.03,1220710.81,1229171.37,1308373.35,1354275.71
144079,1203678.11,1140942.21,1138343.24,1175517.61,1165705.26,1155537.07,1113022.71,1224591.74,1105102.95,1238937.87,1109429.3,1140792.09,1268781.09,1244869.26,1005819.15,1150598.61,1217022.05,1190994.42,1072868.43,1132537.87,1125072.82,990471.28,1140456.48,1141060.71
145079,1246746.42,1264202.87,1194706.38,1076784.39,1158710.58,1260782.06,1262174.16,1237281.62,1220782.38,1202927.43,1183438.05,1242685.2,1156750.93,1234184.41,1034297.95,1380415.78,1244982.75,1251325.28,1356079.23,1215084.5,1397051.03,1212132.88,1269501.26,1266624.8
146079,1344723.51,1351844.16,1365031.84,1235301.08,1373876.24,1391382.91,1240122.21,1303538.26,1254121.62,1227501.82,1177124.65,1321345.95,1457510.06,1283577.22,1420312.09,1288067.54,1313634.04,1444003.85,1288453.32,1412652.19,1417031.39,1293143.19,1287325.69,1305187.08
147079,1341485.34,1286062.21,1204652.57,1325840.77,1294510.84,1351380.58,1193453.69,1375468.02,1165525.31,1295260.53,1289354.12,1339404.86,1292585.33,1253153.97,1268038.98,1339895.98,1257090.78,1109800.09,1300301.74,1300831.31,1161383.9,1315044.38,1331226.6,1311200.44
148080,1072211.93,1044248.72,1186406.39,1308827.37,1032215.2,1209792.41,1066173.23,1189788.02,1154418.94,1179141.09,1152997.73,1139359.16,1092278.94,1207687.2,1182707.44,1178030.27,1152919.4,1008016.51,1161146.78,1109635.71,1217067.3,1022077.98,1086358.23,1054751.98
149080,1158396.27,1121899.29,1188647.29,1085157.18,1165975.72,1250104.26,1195399.5,1234972.32,1102017.15,1193935.73,1193802.17,1122826.17,1092313.85,1116426.88,1118061.21,1111107.13,1110851.25,1137006.64,1191044.42,1199676.52,1132370.31,1025016.37,1071026.86,1090314.78
150079,1183411.93,1092626.12,1139266.92,1087365.25,1058268.89,1195288.92,1210761.19,1118978.25,1091952.5,1079048.14,1184708.16,1136462.54,1021473.18,1162272.93,1098666.26,1095127.47,1176003.19,1149163.12,1174253.99,1170450.29,1172128.25,1233072.0,1095939.37,1088567.05
151079,1726430.47,1695878.93,1643613.18,1636539.77,1623647.14,1622279.89,1775162.63,1799476.64,1608211.31,1736515.9,1712860.73,1841791.59,1907964.28,1752315.94,1740428.24,1637594.78,1591350.77,1722740.5,1758924.39,1701380.9,1707970.7,1604743.78,1604979.95,1543715.91
152079,1711285.38,1821601.79,1760163.66,1756025.48,1767722.84,1863702.33,1717774.07,1602134.68,1884099.03,1859520.77,1739315.63,1746717.35,1754441.0,1816964.43,1814791.65,1572265.45,1687085.57,1771972.7,1613714.08,1841682.48,1689626.67,1733726.69,1715528.21,1674887.98
153079,1944823.44,2024753.54,1911687.99,1798445.68,1785115.59,1790308.19,1756662.28,1775262.11,1824935.67,1899448.9,1849073.13,1986967.77,1733175.93,1878942.32,1834603.87,1872875.71,1839470.47,1745299.96,1902352.78,1668334.58,1833628.59,1691807.53,1792243.79,1977043.34
154079,2398446.17,2679065.25,2362220.58,2416147.8,2610233.64,2481533.9,2380546.6,2387399.9,2696834.6,2536544.18,2498934.2,2489147.81,2440013.22,2331113.54,2471940.28,2507908.9,2541351.17,2166775.87,2627936.86,2563551.12,2536872.86,2217314.29,2489541.97,2178968.25
155079,2995654.44,3260456.66,2848198.59,2949323.92,3064818.03,2797711.97,2830702.69,2869875.1,3028639.41,2763261.21,2817162.34,2770426.02,2948717.24,3093408.88,3094841.81,3161324.96,2813848.07,3092548.0,2919529.77,2873861.05,3086139.73,3287638.09,2858558.48,2935969.27
156080,3180766.3,3405405.43,3048773.7,3212365.99,3419668.4,3226853.26,3584578.47,3322510.3,3112447.29,3228055.49,3012934.76,3286651.76,2880784.06,3149844.47,3225273.38,2994108.03,3094409.76,3557626.65,3139364.27,3576281.02,3514406.14,3237440.68,3003472.45,3133987.09
157079,4294266.8,4170069.25,3987253.41,4164286.33,3990055.37,3835959.17,3803602.34,3867653.97,4117738.71,3963660.1,4369584.02,4087355.69,3912629.87,4193177.8,3923612.58,4100038.27,4230180.93,4045221.7,4015855.17,4351456.56,4167287.59,3979800.52,3624557.75,4368881.22
158079,3562371.39,3684439.98,3649296.05,3582174.81,3770727.15,3711384.94,3743845.92,3582596.57,3587655.05,3632044.29,3479332.49,3743267.01,3671096.58,3528495.11,3615712.02,3615059.87,3450177.23,3730560.72,3592539.03,3581446.91,3275640.26,3271621.67,3591063.85,3896473.37
159079,3827107.28,4318567.22,3868891.92,3918824.45,3942340.39,3969014.59,3809161.69,3700861.36,3957651.54,3775579.36,3358431.05,3495028.96,4037058.6,4118287.51,3781022.21,3885937.13,4202112.78,4174483.93,4136834.78,3971719.72,3960046.9,3895701.92,3818262.33,3735855.67
160079,3786478.12,4112327.39,4386462.18,3727436.8,4358191.74,4089202.59,3799014.08,4045985.49,4062770.87,4055859.81,4158579.32,3809656.46,3997090.24,4136771.78,4084451.19,3868409.29,3752791.43,3689675.58,4003150.42,4325466.85,4200533.78,3640380.33,4167728.17,4023211.12
161079,4108925.68,4698228.26,4513191.43,4984730.71,4434706.13,4121620.72,4627316.41,4249570.36,4689784.19,4369984.58,4505759.33,4181364.57,4541554.45,4623573.05,4342598.89,4508103.83,4654103.76,4034082.51,4613716.03,4678107.09,4623506.41,4856985.19,4673014.66,4160711.21
162079,4003096.76,4438210.28,4416042.42,4708372.28,4129582.43,4702694.65,4368354.82,4343565.44,4213005.51,4611105.63,4273792.3,4350597.23,4477164.2,4463784.59,3973140.76,4380053.08,4777263.66,4454057.83,4352293.73,4618605.46,4510603.32,4404491.86,4508070.64,4397371.89
163079,4255372.39,4183274.06,4259994.95,4673369.41,4100011.44,4260248.67,4345127.85,4411002.72,5085596.14,4432832.05,4111582.98,4291397.76,4506269.85,4403752.0,4744462.6,4734457.74,4270286.06,4479317.13,4270552.88,4565473.15,4317022.48,4626072.73,4325760.71,4172234.56
164079,4638045.76,4107093.83,4181750.58,4177571.49,3876932.93,4473808.34,4198310.88,3619616.06,4187548.34,3869039.45,4398663.47,4342160.01,4614096.01,4251966.16,4141060.42,4087775.77,4301123.69,4208500.18,4379976.47,4213035.01,4391920.45,4313115.73,4377479.42,4616209.82
165079,4228377.02,4590971.88,4405488.17,4367267.24,4093237.1,4138675.03,4544634.91,4264448.4,4235542.36,4099747.13,4091164.55,4432202.29,4613584.64,4355246.77,4246254.74,4448446.59,4379347.39,4541264.37,4040859.56,4212966.46,4486311.81,4440819.69,4616572.65,4349356.17
166080,4206912.95,4188792.0,4132181.21,3862419.64,4019197.07,4218658.3,4624194.95,4149203.64,4002981.04,4319284.52,4301940.79,4255820.89,4679354.94,4185573.51,4118646.12,4150684.35,4022412.45,4565820.54,4464275.32,4714960.67,3940932.31,4180249.4,3947428.15,4457109.35
167079,4578517.72,4485311.38,4238515.32,4593063.7,4742592.54,4404174.6,4087372.63,4544693.62,4862203.82,4230525.39,4037269.58,4740455.87,4622453.46,4387026.48,4290482.01,4631299.25,5026476.99,4475953.5,4635276.02,4415185.39,4883190.92,4503037.75,4484615.76,4578042.73
168079,4720073.35,4479536.77,4624799.86,4532935.41,4228572.7,4885140.5,4344888.45,4829518.55,4673888.37,4549820.3,4171061.52,3970297.94,4569444.25,4375214.58,4398359.64,4548572.15,4627675.1,4944029.8,4579344.6,4493283.07,4374432.72,4435197.25,4496645.05,4508164.12
169079,4533572.81,4075376.05,4543232.12,3883455.37,4413342.65,4068646.22,3833880.43,4064616.9,4444991.99,4129209.99,4240286.39,4418755.29,4409614.07,4215845.87,3959208.96,4570416.88,4434448.76,4496474.26,3886311.51,4267707.45,4608443.41,4214176.74,4597147.2,4141111.7
170080,4393285.51,4355474.94,4020011.57,4440166.53,4899985.33,4409664.97,4903918.44,4820148.81,4182871.94,4876544.22,4347172.54,4941724.55,4462058.37,4923118.16,4119318.11,4500936.72,4774523.33,4764644.71,4172544.64,4488332.05,5134609.82,4029050.22,4140217.97,4345581.32
171079,4364171.49,4367156.79,4274459.32,4338262.92,4349722.29,4459712.8,4578600.09,4566402.04,4319892.94,4539773.45,4071772.26,4704585.2,4665400.21,4295162.85,3753003.37,4600267.45,4411500.09,4626734.89,4389794.4,4663607.65,4674029.63,4280869.06,4422871.82,4543783.01
172080,4515760.09,4228400.19,4594706.45,4244654.97,3813049.66,4636407.1,4220089.3,4131801.67,4797450.26,4393788.76,4438940.91,4645235.38,4538776.49,4285536.35,4736018.14,4349601.89,4250124.23,4565176.09,3943313.8,4258916.07,4585886.48,4297595.99,4109121.67,4285513.08
173079,4071140.2,4323933.26,4351185.2,4568515.93,4271752.75,4535578.22,4187513.06,4395184.26,4182820.96,4151094.24,4540640.38,4349759.37,4271230.34,4830271.91,4659544.53,4590642.84,4551638.92,4347372.89,4411544.84,4544261.19,4097766.88,4339521.02,4292931.77,4898131.23
174080,4228348.37,3687181.67,4099965.93,4144889.21,4351390.5,4366064.25,4072844.15,4016187.62,4211685.99,3841430.27,4047969.15,4122168.5,4037380.49,4089358.6,4356792.65,4133513.71,3893421.53,4645168.73,3953418.61,4291730.35,4104594.64,3598633.63,4049074.65,4269662.83
175080,4019032.5,3900989.07,4142537.2,4259066.06,4493752.56,4414701.98,4420609.21,4222715.48,4310385.94,4110705.02,3903535.7,4317986.94,4086723.92,4241349.38,4180841.18,4233684.76,4378728.7,4177230.44,3968589.28,4058406.21,4295121.83,4119291.67,4285833.19,3978627.43
176080,4278947.79,4091911.65,4093885.26,4194250.21,4359957.23,4353888.64,3999595.91,4464102.4,4324109.81,4237476.6,3995233.93,4124998.53,3931747.69,4174918.91,3842628.72,3823601.95,3876936.94,3865224.64,4398720.94,4114916.1,3949033.55,3997420.04,4312080.18,4154702.67
177079,4032000.53,4448309.81,4305061.51,3951839.18,4062711.95,3875154.78,3890919.7,4160764.1,4186568.55,3970221.14,4128157.89,4514750.11,4265190.43,4008355.87,4291503.43,4029538.58,3890010.19,4055547.04,3910137.93,4183467.62,4091458.46,3821983.34,4226297.39,4377863.78
178079,4175768.59,3956801.0,4161265.19,4096606.18,4101518.79,4329785.68,3902321.42,4365655.3,4331749.59,3797820.85,3997823.04,4149391.81,3829388.06,4075757.14,3880364.5,4622929.42,4245562.69,4085302.82,3766080.59,4246259.35,4065052.33,4142589.34,4178037.43,4353185.35
179079,3865416.28,3949676.06,4497826.93,4239474.33,4161480.37,4009203.33,4081345.15,4331196.53,3889727.34,3772987.77,3913871.2,3954134.1,4491837.52,4207410.81,3903602.63,4046947.74,4184094.16,4294332.91,4055155.79,4048826.86,3757340.41,4190595.64,4072014.15,4119669.54
180079,3899356.8,4016824.09,4083507.24,4135892.29,4066831.27,4203532.48,3972300.27,4592513.16,3839774.27,3687699.76,3790800.8,4339203.33,3833718.4,3923045.31,4205779.03,4462461.71,4086070.47,4098521.26,3675250.91,3571624.75,3886946.48,3916981.97,3998024.38,3886073.91
181080,3976348.24,3898037.73,3955582.51,4041544.67,3629602.92,4003773.16,3908902.4,3585242.21,3968589.91,4404233.1,4268963.74,3429691.83,3809845.87,4290247.36,4305872.26,4055662.8,4209843.71,3938353.17,4223450.23,3899523.43,4547754.06,4189591.98,3684973.77,3943398.77
182079,4280893.88,4064257.75,4268555.97,4038249.07,3992560.13,4136062.11,4242426.47,4115026.12,4154329.89,4097907.93,4209801.56,3809658.59,4291965.31,4367234.5,4044830.51,4199066.3,4159666.58,4235561.52,4087551.49,3886692.45,3825329.37,4133258.03,4293567.17,4222668.22
183079,4096181.62,3824684.69,4240621.61,4031926.89,4198200.22,3653052.38,4234970.45,4164648.57,4098472.28,4060339.77,4138491.12,4032667.71,4283776.61,3925220.45,4061617.27,3815822.92,3786853.29,4002801.5,3877362.24,3853174.73,4013217.02,3840944.92,3908211.37,3863867.91
184079,3897681.67,4270366.31,4184861.14,4034464.23,4139651.53,4078252.35,4217306.62,4047796.24,4149864.64,4209587.55,4039839.38,3934909.58,4142183.86,4139723.82,3950888.87,4126393.46,3938469.41,3990547.49,3903732.51,3682419.56,4387964.33,4181933.13,3933961.09,3954665.25
185079,4135433.94,4314201.47,4171360.52,4147533.13,4275420.6,4001839.22,4059614.07,3931596.76,4187988.89,4058359.69,4103467.18,4041048.69,4291253.27,4026490.81,4030850.45,4113838.94,4364091.81,4084503.08,4102981.09,3877295.5,4050669.44,4338459.71,3872128.79,3896744.51
186080,3418175.41,4649267.33,4358857.68,4060648.76,4150245.94,3764609.03,4042226.13,4121526.95,4309980.66,3666665.71,3727856.5,4415895.72,3779549.83,3985825.49,4172360.98,3907146.2,4346326.33,4020143.63,3942091.75,4168494.74,4182651.5,4155099.15,4200681.42,4048703.33
187080,4252671.01,4301068.49,4417777.02,3715469.51,4125650.76,3955675.24,4184507.02,4326502.57,4136811.02,4063985.78,3796642.04,4131266.13,4256457.37,4231877.82,4015391.71,3895223.6,4564072.62,4250090.37,4281776.44,3943262.2,4084069.94,4298380.43,4321783.92,3988352.69
188080,4276532.08,3962970.15,3935195.05,3982778.6,4124532.18,3951604.48,4204786.39,3908307.11,3974557.81,4145628.67,4297890.07,4273161.95,4070472.63,4414318.69,3930207.95,4185959.76,3624670.16,3866034.65,4308576.41,3953910.33,4232645.96,3964029.97,4092188.99,3909903.78
189080,4397119.47,4091384.45,4304769.57,3612278.73,4244006.02,4129563.24,3835324.86,4300446.53,3791667.95,3844033.85,3536377.79,4269277.72,3779469.15,4105145.84,4450577.96,4186037.95,3985934.75,3845933.29,4179381.78,4660497.34,4078820.98,4103113.99,4125263.54,4245321.74
190079,4179583.55,4510161.77,4197403.34,4125128.61,4178898.11,3950620.71,4300770.61,4388805.01,4072358.45,4008686.47,4116003.16,4169042.0,4096356.6,3969272.99,4112092.43,4495456.54,4185240.15,4145683.57,4239827.31,4112078.47,4088146.2,4454666.53,4255909.78,3802903.65
191079,3808216.75,4223297.67,4391213.34,3790931.94,4046282.02,3899699.03,4154707.59,3850733.03,3930638.35,4376308.59,3843408.79,4349835.81,4204941.81,3943269.37,4094183.42,4208790.16,4078969.9,3955914.81,3803702.45,4024526.89,4397940.35,3834810.53,4254838.2,4231795.51
192079,3903948.81,3925068.54,4058402.75,3986569.1,3654641.55,4146792.86,4098512.27,3763633.68,3908371.36,3941025.13,4103054.1,4123267.57,3885320.5,3752098.76,4238568.89,4179187.75,4133764.43,3952758.27,4137313.79,3764864.03,4475916.4,4067255.83,3692621.03,4091520.44
193079,4244363.82,3965889.12,3932500.4,3948961.96,3997237.17,4475946.29,3989502.63,4159547.24,3919466.78,4153947.72,4018184.87,4314575.17,4190502.98,4095893.42,4588310.52,4540639.14,3792970.45,4013044.76,3827335.85,4110986.23,4331721.78,4368261.46,3907248.37,4179655.76
194079,4277548.2,3985112.09,4112953.59,3946479.14,4167691.38,3886523.14,4044747.69,4055054.54,3925512.73,4382336.42,4228833.3,3914993.79,3935404.53,4143133.1,4052545.61,3984317.93,4270376.68,4163180.21,4145825.34,3727150.45,3964378.46,3903660.99,3945014.59,4029831.93
195079,3921118.63,4072139.1,4450759.88,3941812.18,3911453.24,4294332.68,4224797.82,4019132.37,4255082.77,4054544.39,3842810.23,3784265.52,4078104.74,4177214.82,4285977.88,4079057.61,4144013.6,3882868.31,4278263.64,3664710.33,4555965.46,4392278.29,4312552.77,4409759.0
196079,4047852.62,4333241.22,3957517.14,3745807.86,3970918.87,3734851.87,4020028.1,4281237.63,3861363.03,3875048.27,3965061.01,3663490.07,4083523.82,4145935.35,4179076.22,4117616.09,3905182.75,4087347.53,4325418.98,4042027.87,3891863.96,4203225.61,3875942.97,3926689.03
197079,3651260.19,3793469.26,3607831.02,3822418.75,3673664.95,3759932.44,3481697.82,3646229.26,3514709.47,3388369.98,3681388.99,3865629.07,3606217.74,3083576.0,3526824.56,3446370.54,3352856.08,3629978.92,3511926.29,3914832.67,3812506.25,3702196.97,3629736.59,3481896.59
198079,4691943.69,5104151.37,4575289.95,4717812.8,5211166.36,4831632.03,5088794.79,4779360.5,4855468.32,4629112.35,4765083.05,5205121.83,4799410.36,4338887.25,4625639.21,5010033.17,4803530.04,4701074.9,4510044.93,4816886.62,4847495.56,4603328.2,5086723.63,4787665.5
199079,4260584.01,3956585.19,4123518.32,4148613.04,3936643.6,3786899.32,4643768.39,3991115.15,4182638.46,4296675.05,3872702.12,4267298.79,3940797.05,4051811.84,3911346.1,4029067.53,4047874.07,3949396.18,4291211.24,4127017.09,4131953.39,3942825.86,4195305.72,4026483.28
200079,4047540.51,3723148.47,4083263.23,3948709.35,4188461.61,3875789.22,3868606.5,4093996.49,4674277.82,3641691.14,4297017.37,4347542.49,3914876.9,4003253.77,4329199.95,3937904.58,3593694.2,4045416.07,4439361.31,4138675.22,3898080.09,3668705.79,4297718.86,3908121.68
201079,4084859.09,4318425.51,4099919.75,3901603.3,3953445.09,4083833.22,4232523.83,3799436.81,3721890.46,3733109.33,4367619.29,3905413.78,4026101.21,3922630.9,4069484.0,3860074.5,4042723.16,4270668.26,4140447.56,3959421.88,4082953.57,3962705.48,3814843.49,3917720.05
202080,3912297.18,4136362.16,4219177.4,3989041.49,4127548.93,4337589.54,3946514.8,4049841.26,3961717.58,4066052.8,4139642.35,3968071.24,4219427.73,4118537.2,3933675.52,4075914.51,3941989.58,4076363.88,3993245.02,4281988.77,3903614.74,3832837.21,4039818.46,3796074.48
203079,3922541.96,4421856.73,3738110.25,3718900.66,4033826.89,3640052.31,4076680.32,3387537.76,4099954.53,4102604.86,4002676.07,3774507.42,4191636.89,4205745.33,4222262.58,3608041.18,3776710.17,4153873.21,3951871.05,4003227.52,3823902.58,3758045.95,3594602.04,3905959.24
204079,3673090.93,4034276.37,3521495.6,3329176.98,3850212.24,4254798.77,4138513.07,3786473.16,3961234.31,3923893.6,4085651.35,4002728.36,3863747.75,4149243.11,3706608.95,4179402.49,3937390.39,3887186.32,4064747.89,3928054.12,3960628.01,3729124.56,3624864.51,4065799.89
205079,3600042.41,3828464.03,3693375.57,3731744.68,4123742.56,4366871.87,3893541.16,4206371.97,3947650.95,3928881.63,4362837.56,4459242.09,4122402.59,4147053.5,4535480.21,4602225.82,4403540.25,4372262.54,4037471.67,3987938.7,3834870.48,3864687.78,4057681.08,4057001.24
206079,4150101.82,4313501.6,4834084.17,4094291.61,4717215.2,4401239.16,4714945.91,4661251.87,4518203.61,4709588.03,4267576.08,4344988.4,4551446.9,4404730.61,4279330.92,4056122.53,4446489.42,4138067.4,4487528.29,4618245.6,4373328.93,4833306.97,4515856.7,4457952.04
207079,3830615.56,4116885.83,4193451.44,4500189.02,3950314.62,3926508.39,3787082.14,4207539.95,4211655.21,4057083.19,4580087.7,4039999.61,4354944.83,4225541.77,4234915.83,4087567.67,4235900.49,4066809.6,4442929.39,4255160.8,3782930.14,4129494.91,4188544.96,4066355.91
208079,4012148.97,4068527.05,4446718.0,4258553.21,4076768.31,3939616.44,4064746.34,4220864.47,3633785.61,4111369.18,3654252.64,4220629.64,4335143.38,4098260.76,3782202.22,4247326.42,3699242.75,3790936.9,3896392.6,3982065.09,4164227.06,4244773.15,3865483.96,4431285.31
209079,4331829.47,4234505.75,4147978.26,4018209.28,4137809.64,4390562.41,4239632.79,3912898.82,3881303.11,3906611.31,3984275.16,4134265.02,4009231.96,4116706.05,4251336.44,3990299.49,4178075.73,4381825.75,3973650.36,4082882.08,4434512.4,4153966.26,3942315.48,4062422.78
210079,4419684.15,3886668.55,3734340.66,4127096.84,4090852.71,3845475.97,3912873.86,3892228.15,4276882.12,4083815.03,4631445.17,4009223.9,4073400.38,3960296.9,4485228.44,4107930.89,4107929.21,4044384.5,4115313.77,3902227.61,4290210.17,4306549.27,4161768.92,4070076.13
211079,4018944.0,4329497.91,3916147.38,3764329.12,4429973.8,3893068.37,3648853.56,3812666.08,3793129.16,4086490.27,4301820.1,4520438.08,4139675.35,3892710.31,4061384.45,3953622.63,4405105.55,3981232.68,3789905.88,3900356.67,3757300.85,4301534.24,3945798.07,4330370.02
212079,4052270.22,3889786.64,4025326.57,3750158.48,4007150.65,3945133.76,3497016.35,4356449.79,4129849.05,4006868.23,3870456.04,4360937.74,3829413.79,4110407.34,3886004.13,3856458.39,4333755.13,3980035.41,3955881.09,4223556.0,3963674.79,4212197.75,3946397.02,3834275.28
213079,3983706.68,3910846.95,4366203.54,3893652.67,3721372.84,4251394.96,4311407.28,4532807.76,4248217.75,4183929.98,3972133.58,4112656.53,4396142.74,4034116.93,3961130.49,4455010.51,4045048.64,4097400.8,4174880.63,4138751.69,4023770.55,4022859.12,4037673.25,4151931.98
214079,4327293.57,4092064.12,4227373.34,4128908.2,3746271.49,4361517.43,4158039.36,4392910.07,3821272.45,4047796.98,4030102.67,3855508.04,4233145.26,3903744.08,3515131.39,3826930.85,4055701.62,4099325.67,4232741.12,4263980.84,4153728.53,4111945.94,4299196.34,4170465.57
215079,3895245.16,3880986.16,3810554.14,4025408.3,4243767.46,4010717.98,4151045.7,3684436.87,3938398.44,3737609.94,4008868.16,4248240.24,4066345.88,4507451.14,4175727.25,4094292.84,4257638.98,3973091.9,4068199.7,4254983.02,4397190.17,4026122.92,3909865.94,4219584.14
216079,4221851.83,3893062.81,4384129.05,3661000.53,4160782.09,4147542.57,3895445.13,3929417.77,4032889.97,4109621.9,3995640.77,4011965.14,4307497.82,4019709.27,3836178.08,4205645.74,4305629.64,4237400.81,3839327.55,4201866.76,4175399.89,3848586.65,4436457.4,4353596.03
217080,4125915.88,3909814.33,4129406.35,4272278.8,4156171.28,3891031.73,4179743.66,4191197.15,4095071.11,4277929.65,3623478.25,4027201.59,3929194.46,4054611.68,4339732.5,3928947.09,3798208.18,3745923.32,4220269.87,4265226.41,4054042.53,4152424.47,4342021.98,3974426.58
218079,4301540.47,3875962.27,4057137.74,3987556.37,4144912.2,4341173.27,4330829.76,4337219.08,3477421.03,4150295.92,3994169.07,4060644.14,3846643.29,4077923.27,4026757.8,4134980.5,3926773.7,3932325.37,4310530.4,4261944.21,4102038.28,3894984.99,4053953.32,4127381.25
219080,4074210.15,4216798.55,4126621.75,3938084.16,3879792.5,3904364.54,3575603.04,3398111.8,4125459.95,3655998.75,4007876.92,3826874.83,3667226.88,4076022.46,4077445.2,3872594.33,3958653.0,3976595.81,3558606.67,3808629.53,3950557.85,3918069.87,3763561.73,4074567.25
220079,4732043.43,4163538.65,4086418.99,4716002.87,3999798.34,4063555.82,4457095.44,4321984.35,4134562.45,4488654.21,4302189.06,4622221.18,4029282.76,4427013.2,4636983.41,4057275.03,4707322.05,4136599.43,4569289.0,4465466.04,4185373.27,4174432.23,4403263.66,4476843.06
221079,3813788.67,4072379.71,4256930.91,4360829.5,4376736.96,3973196.99,4423521.07,4106001.41,4194951.66,4020065.6,4000108.15,4060617.4,4038533.54,4352851.8,3883172.86,4112372.44,4066775.97,4276955.46,3766991.09,4606888.91,4122177.82,4043661.17,4060512.89,4124083.8
222079,3945120.19,4067522.23,3933866.86,4353657.1,4093271.08,4223739.15,4229449.65,4021970.11,3997650.46,3864871.25,4198567.32,4092823.43,4116387.01,4092096.22,4298523.44,3823960.91,4200215.9,4094124.91,4009483.7,3933159.97,4379000.24,4321523.02,4177078.37,3742598.63
223079,3838630.6,4351712.01,4121122.98,3734087.96,4424364.64,4444188.42,4425379.66,4127184.09,3760651.84,4131362.78,3917906.88,4063565.14,3955545.08,4095477.91,4158523.34,4251370.95,4241604.02,3819793.56,4303783.04,3833280.6,4020730.2,4123153.73,4135628.82,4304754.17
224080,4252779.87,4095446.95,3921914.99,4000101.09,4194538.37,4204543.36,4363450.83,4092267.9,4461803.77,4275075.63,4324841.26,4008954.9,4066054.52,3974170.78,3806309.45,4363169.17,4000925.56,4310684.25,3976756.79,4312718.76,3900442.62,4222392.79,4396729.98,3726973.36
225080,4035213.49,4289035.46,4246650.88,4229512.1,4119608.53,3979032.12,3829048.13,4023817.4,3911350.29,4437187.25,4317070.45,3989281.42,4116934.77,3986061.83,4617045.87,4307139.84,3479576.39,4207254.97,4049364.77,3990202.88,4144953.87,4033679.8,4101552.06,4012850.06
226080,3851562.07,4183984.38,4040921.71,4191894.73,3984547.59,4439487.97,3610484.98,3730675.28,4224950.24,4096696.82,4151480.0,4263915.16,4261381.95,4224714.29,4288413.28,4092835.27,4166169.13,4366785.53,3855489.5,3843759.08,3834193.35,4350924.03,3575445.16,3847297.83
227079,4077260.04,3954151.0,4343629.42,4204386.59,3875487.12,3705462.05,3787433.76,3738361.25,3991736.63,4163235.76,3538120.78,4331420.56,4184378.38,4037435.0,3641863.6,3975750.46,3702679.72,3863114.67,4094097.31,3638011.06,4174302.74,4038949.42,3707124.02,3857412.02
228079,4203610.83,4401225.61,4671489.49,4198222.68,4376915.93,3919042.89,3953400.96,3901644.08,4740962.85,4470219.29,3861428.29,4000216.6,4199170.23,4242259.35,4511967.48,4476087.2,3984287.93,4431903.64,4336455.13,4260953.79,4101564.09,4074555.2,4097241.28,4186650.95
229079,3993981.87,4096394.0,3942978.87,3926658.99,4113807.33,3993290.37,3961187.92,4639166.56,3941323.94,3950845.81,4055815.84,3697000.33,4478336.09,4082041.77,4174104.33,4124637.99,4272202.67,3646040.41,4100431.92,3703901.27,4165662.02,3999715.61,4002468.82,3889894.77
230079,3729561.57,4041194.91,3991431.54,3880102.07,3554165.72,4147639.27,3681477.91,3894718.56,3804241.1,3706794.33,3863719.18,4093831.94,3802205.76,4019817.07,3899143.05,3639138.02,3757223.07,3877133.88,3852158.01,3700380.81,3782195.26,4044556.91,3691167.37,3750872.64
231079,4187104.48,3847564.69,4462415.87,4472378.46,4385286.31,3986333.22,3951017.95,3995697.23,4027196.35,4893093.37,4223857.19,4083199.92,4231593.06,4425168.15,4039019.33,3997773.49,3977334.11,4117165.9,4268477.94,4146415.93,3988096.51,4413097.17,4222579.98,4468738.7
232079,4159681.64,4154253.89,4215498.34,4308387.9,4134002.01,4341360.84,4206531.37,4381738.66,4052971.61,4307420.0,4206963.8,4373398.12,4592592.75,4255038.07,4266565.09,4504736.88,4096648.87,3935533.0,3867111.83,4143905.2,4654267.56,4261011.82,4231802.65,4211588.76
233079,4195494.73,4261952.78,4648990.1,4308152.7,3865691.21,4456511.17,3865261.86,4216434.81,4041005.7,4518985.17,3897521.16,4015745.06,4011510.66,4165420.05,4341029.9,4034209.58,4237888.22,3976551.56,4002572.85,3949731.52,4160478.08,4361848.85,4169762.95,3585841.43
234079,3784374.89,4157869.44,4217943.03,4050750.74,4032055.8,4248578.4,3856338.36,4165562.24,4286015.84,3973626.56,3900707.99,3945424.54,4102604.78,3858213.89,3796137.86,4123833.19,4145601.29,4331991.47,3830540.61,3611415.93,3990952.46,3804924.27,3848124.26,4143557.3
235079,4034909.04,4217745.34,4024505.07,4280260.04,3906133.17,4230017.97,4422082.94,4333438.46,4282767.96,4302722.78,3619757.44,4168429.24,4202078.53,3986000.84,4282524.68,4194465.47,4003030.0,4436179.07,3978267.52,3745852.74,4039411.94,4023227.66,4262165.85,3990231.83
236079,3839907.21,4109200.53,4181363.79,4046221.98,3663011.9,4060428.06,4157335.77,3666606.12,3767742.74,4258380.36,4048168.08,4213171.82,3617607.9,4177508.55,4340921.62,4005008.38,3995200.14,4432807.89,4217796.61,4110574.45,4114530.11,4143639.83,4022037.29,4287958.65
237080,3691569.29,4102538.62,3699323.16,3701810.95,3837892.94,3686851.71,4074080.2,3829238.33,3979476.5,3639681.72,4278354.55,3666877.46,3919610.67,3863539.23,3885825.51,4197547.59,3580979.95,3633475.09,3852961.37,3987879.2,3955643.79,3547035.33,4102133.86,3817603.44
238080,4045306.97,3844034.26,4099001.53,4035046.86,3870353.67,3677166.1,3875469.56,3950558.1,3897354.99,4121858.92,4039438.92,4224813.61,4066371.08,3971198.06,4128065.68,4090671.47,3922525.25,4090322.82,3896979.8,3861261.2,3869711.88,4268588.94,3949267.4,4108265.36
239080,3963722.62,3936001.38,4094470.96,4448511.32,3987400.94,4445448.31,4328441.97,4049071.83,4142024.46,3926805.3,4261778.69,4001535.36,4428228.73,4499151.9,4452581.97,4116650.91,3917154.88,4365246.96,3995393.07,4538524.67,4442627.78,4260449.41,3895608.31,4134489.77
240080,3705716.79,3323860.07,3715232.02,3850487.52,3828631.98,3549333.7,3463123.82,3803062.13,3515374.14,3838243.78,3356524.22,3740747.88,3686732.82,3173302.69,3460914.09,3546451.8,3699593.59,3584295.78,3717639.03,3572298.69,3543559.12,3558012.79,3648242.98,3426887.98
241079,2365511.64,2459412.8,2662614.14,2815376.91,2416021.41,2397593.9,2656613.73,2723675.79,2328586.83,2741526.26,2682636.56,2658567.88,2759052.88,2456402.12,2668754.63,2710418.73,2650585.14,2611302.84,2428599.7,2715804.83,2608116.97,2820241.28,2769098.39,2663336.97
242080,1804227.36,1849355.85,1747633.44,1689077.57,1720507.7,1674568.38,1831642.06,1585500.25,1799862.46,1690872.71,1786770.81,1751635.58,1863849.74,1820519.36,1837830.71,1789513.81,1884774.79,1775419.1,1895250.38,1842914.69,1755841.56,1813420.21,1829090.43,1694637.77
243079,1657121.98,1559291.57,1741120.62,1560920.49,1832941.91,1641022.57,1655465.89,1616944.0,1656915.92,1529656.1,1593566.75,1563241.97,1699415.11,1726111.51,1741425.68,1648314.63,1558375.58,1530870.85,1638929.26,1559819.4,1570636.39,1581468.53,1653722.84,1626927.67
244079,1474822.66,1640276.21,1610438.39,1459511.41,1550307.2,1480575.6,1491929.23,1407424.15,1509511.3,1518018.81,1475999.08,1567251.38,1594138.29,1579854.3,1541230.05,1519705.13,1558810.6,1631083.36,1395616.46,1602459.24,1375933.59,1732302.36,1560986.13,1522060.1
245079,1659529.89,1537065.42,1483989.96,1545874.44,1564495.28,1739057.17,1538847.62,1528896.21,1697858.94,1704018.84,1629513.19,1702277.66,1638234.83,1714155.32,1612121.31,1714861.99,1745135.07,1584740.32,1590483.97,1780674.96,1584074.65,1850683.74,1546363.65,1626407.07
246079,1636953.82,1808206.73,1638511.28,1625879.27,1894971.64,1823074.5,1770358.76,1673215.9,1887835.33,1790178.81,1609633.01,1727799.45,1829067.72,1681541.19,1713754.47,1855751.34,1682265.61,1652044.34,1747393.4,1698958.43,1880717.68,1760899.47,1730510.58,1837902.5
247080,1843279.46,1776458.13,1811210.47,2024918.47,1770146.3,1826372.7,1756652.5,1948714.08,1756889.49,1850750.66,1804731.58,1826399.83,2044669.61,1785565.69,1816933.42,1831837.02,1912077.25,1788472.53,1792903.45,1716394.94,1748674.96,1873220.94,1658421.87,1826759.1
248079,1369682.47,1378062.91,1314452.99,1384865.66,1240283.37,1329063.39,1143557.55,1321813.72,1191590.35,1239540.35,1358352.57,1278077.3,1401284.87,1282203.13,1351043.15,1361542.82,1219495.03,1271300.95,1282339.26,1129722.34,1354674.3,1259283.53,1341561.13,1236937.89
249079,1356829.83,1268460.41,1262603.74,1271526.64,1224828.94,1262360.76,1257699.13,1152902.35,1252823.72,1172080.05,1235307.58,1221750.32,1316564.13,1260724.15,1306305.2,1238335.74,1288904.96,1173123.25,1210847.74,1316303.45,1279925.49,1251837.33,1283248.87,1311946.03
250079,1687733.92,1607531.4,1723576.14,1547629.39,1492271.8,1630920.49,1624312.3,1727586.72,1653623.38,1739124.23,1622585.06,1503530.65,1532855.54,1531689.37,1647423.24,1589058.39,1628261.88,1569125.94,1563025.35,1465583.26,1477369.49,1667440.97,1387458.13,1640486.58
251079,1449395.4,1307259.91,1425173.68,1340029.38,1362006.43,1290128.93,1329900.91,1374741.49,1389771.66,1273718.92,1404420.53,1357929.37,1316626.09,1320247.28,1364175.84,1366405.81,1387316.65,1399818.44,1251610.5,1301870.63,1469635.74,1473385.1,1336836.85,1382606.81
252079,1486487.89,1512843.41,1476955.54,1517722.86,1563357.37,1404033.48,1546353.0,1526042.68,1541398.27,1477272.55,1548561.15,1522173.28,1458486.88,1447416.53,1506806.22,1479639.73,1348639.64,1491241.62,1451077.46,1524455.81,1506259.13,1359446.76,1510695.43,1546839.11
253080,817803.52,789578.97,779538.36,852846.18,798311.26,861560.99,926901.19,861206.63,845833.4,808534.88,778379.89,919144.61,841664.91,868345.73,836370.55,891562.49,828357.42,877461.81,839190.33,837383.7,858404.73,829138.45,832553.6,869452.7
254080,1679730.69,1659726.1,1641590.99,1666048.19,1590801.74,1727442.05,1561437.32,1620460.48,1754424.58,1608237.94,1739275.43,1587969.17,1545206.32,1665482.01,1689146.3,1646958.83,1656249.19,1609837.52,1604454.62,1664723.94,1756295.54,1671052.66,1658505.61,1734294.1
255080,1339009.73,1468634.52,1410468.96,1354039.39,1303197.26,1421678.22,1375887.22,1330270.18,1515156.72,1514862.89,1339168.26,1476017.08,1347833.39,1331754.77,1368274.61,1453170.7,1374320.78,1561083.15,1447880.23,1435807.35,1544845.78,1518233.9,1533248.7,1492147.07
256079,1450861.65,1594960.65,1349661.36,1398867.15,1419294.57,1385335.69,1362573.24,1386842.51,1514337.67,1316220.74,1319011.64,1342960.68,1473155.05,1425032.88,1382456.96,1371563.92,1356967.57,1445266.67,1317931.85,1376273.1,1419566.0,1364050.29,1275609.26,1414181.36
257079,1073779.49,1067761.28,1014551.69,964988.89,964937.49,1027850.19,978343.59,1113170.51,890296.42,1073032.57,979823.78,1080656.27,1026211.16,1054570.97,1069424.92,1068784.21,1104713.86,979200.62,1085831.31,1084508.68,1049464.07,976022.65,1100506.52,1086878.01
258079,1217673.33,1270543.39,1291283.92,1193373.71,1209888.6,1400569.5,1261582.16,1223251.26,1327354.82,1352413.81,1295391.84,1229510.44,1248818.45,1310503.48,1242451.69,1205577.75,1369418.74,1192117.81,1383541.73,1266502.72,1335350.19,1293948.84,1344458.99,1267300.16
259079,1046042.85,1039870.03,901284.51,1014904.13,953504.76,902120.09,955108.03,1031553.62,1022602.5,885804.05,918573.15,989498.46,1023208.67,943915.95,1004742.55,977605.91,1016228.78,965066.86,968759.92,980067.37,899943.76,887463.79,952162.99,961065.9
260079,1341624.01,1408504.9,1372513.35,1412813.2,1333653.34,1350635.87,1447708.09,1360766.0,1355452.28,1523881.89,1328205.04,1168777.47,1438146.72,1448692.75,1421103.01,1425443.14,1358149.21,1316756.7,1363489.44,1333446.62,1495650.59,1343765.89,1337109.86,1306624.23
261079,1235914.28,1117943.8,1195096.42,1030515.67,1089446.91,1221776.23,1189141.55,1095238.94,1105108.34,1152376.83,1255455.54,1128848.22,1104285.66,1117319.62,1139054.85,1145951.53,1225882.93,1246131.14,1087303.65,1186528.75,1213271.87,1118102.71,1134023.81,1275026.33
262079,1240728.58,1162450.3,1232510.31,1189650.13,1225241.15,1178153.83,1153510.7,1158375.8,1143109.66,1234281.47,1241095.98,1101131.83,1159003.5,1155407.31,1115371.09,1236904.43,1195870.49,1104458.35,1234684.03,1299380.17,1177575.78,1218750.68,1178098.24,1157576.05
263079,1188063.23,1291242.82,1249794.66,1200686.44,1354746.18,1301077.12,1270621.17,1305318.31,1234410.48,1158002.78,1306752.62,1275606.38,1241797.58,1212533.83,1297869.85,1244236.03,1243719.84,1238876.79,1161658.42,1224249.08,1232005.44,1216214.97,1205876.89,1295285.62
264079,1262372.61,1238426.71,1239874.31,1226661.77,1325090.77,1187883.45,1314922.65,1212944.23,1312282.79,1180232.57,1305919.21,1290544.55,1392846.38,1286420.41,1145699.11,1288088.51,1147948.74,1327575.39,1180741.98,1323428.96,1322531.07,1217096.35,1204504.62,1277450.14
265079,1296702.11,1211356.75,1363704.66,1305974.29,1272278.2,1270262.71,1243581.37,1254962.19,1383899.84,1239951.51,1343055.58,1310266.14,1220831.69,1284795.68,1198524.77,1394707.3,1175452.76,1262157.15,1313267.16,1141940.59,1206913.83,1296587.69,1333284.65,1270504.24
266080,1265057.67,1170982.38,1118998.05,1344238.7,1328011.02,1215879.97,1192820.24,1175845.95,1272015.55,1208152.1,1205486.68,1155157.41,1249817.32,1301141.19,1192794.11,1280574.97,1239827.75,1299423.71,1222093.11,1173683.65,1254490.11,1041432.86,1302293.04,1221269.91
267080,1217816.94,1241800.73,1245828.17,1137963.08,1127683.19,1162706.69,1177124.05,1169045.52,1101649.67,1226445.1,1246505.3,1222641.26,1284213.15,1066883.15,1227876.05,1271364.04,1268487.14,1122479.13,1303887.69,1239605.77,1083181.7,1264570.16,1167675.02,1114150.12
268080,1170045.2,1255048.32,1093685.76,1231843.99,1111800.91,1188787.49,1192273.09,1115104.52,1260431.96,1281026.34,1195738.62,1186353.5,1172292.19,1213946.22,1178794.32,1339645.46,1258106.15,1260793.87,1252033.04,1231267.72,1180008.79,1142733.03,1206139.6,1312458.24
269079,1159372.13,1064321.35,1171054.72,1300893.56,1119050.59,1157290.81,1243512.77,1178742.27,1139943.24,1122784.41,1163863.17,1193359.16,1217819.82,1120164.54,1203507.41,1131978.19,1208167.78,1231598.82,1213692.62,1176474.22,1184684.85,1232870.35,1190944.21,1133341.25
270079,1278591.79,1337883.07,1232722.13,1296637.75,1362722.06,1382910.67,1222307.61,1288555.34,1329774.59,1331919.93,1266289.67,1354135.61,1410322.19,1164923.26,1259751.45,1353881.89,1266041.9,1290515.29,1251550.51,1400555.36,1381188.39,1277647.1,1343016.67,1367823.27
271079,1390114.15,1370562.36,1387214.66,1496148.95,1461803.17,1424471.53,1576228.98,1449730.5,1451896.81,1447115.07,1568205.44,1492880.86,1444227.37,1398444.31,1517628.01,1402427.37,1417873.87,1458848.15,1480180.18,1507909.39,1472683.21,1422075.29,1521025.46,1501385.13
272079,1527664.76,1613934.83,1611594.38,1445290.13,1529081.8,1446770.53,1475156.64,1537287.31,1505001.17,1490147.75,1440058.61,1500605.77,1436042.9,1488339.63,1560375.71,1423083.19,1515751.85,1486989.63,1466337.09,1477846.25,1497408.52,1510275.12,1568587.1,1468021.11
273079,1443617.95,1351984.66,1401120.65,1447165.37,1404668.25,1279205.69,1364042.68,1334285.35,1292030.5,1286123.98,1384595.18,1285645.61,1380823.19,1334392.87,1411127.28,1275934.07,1399524.28,1409473.37,1298334.56,1362249.97,1402879.86,1184874.35,1219757.47,1381873.99
274080,1480901.65,1811382.93,1676089.24,1750786.25,1714120.92,1697970.19,1592486.99,1682274.24,1755943.7,1729252.6,1431139.02,1886700.76,1593012.36,1765632.21,1911066.63,1660464.86,1781114.08,1684017.72,1881035.59,1619559.49,1532850.29,1519047.92,1738958.91,1572609.82
275080,1873028.14,1807860.52,1768534.32,1802780.07,1662030.32,1747646.25,1791613.53,1830192.78,1813041.56,1668093.27,1806009.72,1698685.83,1624460.35,1781547.09,1900592.62,1815816.66,1850735.13,1832116.35,1682832.77,1702381.33,1804701.14,1794214.98,1964251.18,1804983.68
276079,2037908.86,1752449.87,1760072.53,1888988.36,1703920.49,1883782.56,1904108.74,1845719.6,1802593.39,1912527.74,1796938.5,1962815.35,2073917.06,1770066.83,1873437.43,1861525.71,1770969.46,1744474.22,1795947.71,1941609.05,1690069.5,1874613.52,1910500.52,1827243.11
277080,1654131.42,1748817.56,1740346.65,1877615.19,1664060.57,1596775.59,1713781.78,1661239.28,1665270.96,1774643.04,1730687.34,1846192.85,1840238.35,1810757.93,1788042.53,1766792.01,1852605.76,1810899.01,1866327.71,1536896.14,1790479.62,1861100.21,1771095.66,1860430.1
278079,1866964.3,1948884.24,2032413.14,2101053.55,1913216.86,1991074.25,1967310.79,2152250.19,2083055.74,1997732.44,1974618.16,1906442.05,2000968.38,1833091.67,1845277.22,1996765.61,2196961.36,1957859.5,1814422.7,1967959.91,1853862.08,2071036.41,2120385.92,2151872.63
279079,2168248.48,2148637.89,2108832.62,2055528.48,2019645.42,2228156.92,2179780.3,2131716.25,2039859.33,2050788.7,2036361.95,2213670.89,1901358.43,2287072.59,2106553.12,2093521.48,2127440.76,2255537.79,1983915.31,2015359.31,2128415.08,2157858.53,2121489.14,2124072.15
