0,0.0,0.0,0.0,0.0,0.0,0.0,0.0,0.0,0.0,0.0,0.0,0.0,0.0,0.0,0.0,0.0,0.0,0.0,0.0,0.0,0.0,0.0,0.0,0.0
5,960778.32,863797.63,874974.93,816483.99,892391.65,896251.1,920704.38,885622.19,881134.92,896976.49,843260.95,973179.82,843165.75,825423.28,919629.8,881498.7,875611.74,858219.32,926312.3,959246.09,921661.47,895790.58,803984.54,817480.38
1005,1757554.4,1867627.48,1817602.59,1719127.77,1639069.66,1757555.93,1805591.22,1704608.88,1780187.42,1950468.71,1829062.28,1600242.12,1990104.77,1825814.06,1801174.66,1810997.41,1924451.2,1891514.7,1702748.42,1877652.44,1861107.5,1758582.66,1819851.27,1654821.28
2005,2070391.94,2159603.25,1939142.67,1939555.81,2046891.0,2042494.32,2059572.63,2097540.56,1885163.99,1969764.16,2078225.91,2119399.78,2039544.79,1973973.95,1877669.33,2027480.41,1957470.58,1989654.17,2126971.81,1997522.95,2122781.55,1953921.56,1938917.16,2078958.78
3006,1985073.38,2044092.12,2085721.8,2216645.68,2320497.27,1916452.49,1978922.45,2028695.56,2272832.14,2039636.27,1949260.18,2117304.71,2202244.31,2061632.05,2037021.77,2031933.57,1930596.2,2081721.52,2081582.67,2008785.71,1812933.69,2265361.82,2220172.58,2050467.75
4005,2423048.2,2488198.12,2237732.49,2039298.47,2390242.04,2396025.16,2431851.04,2309449.57,2461499.43,2336387.82,2150402.43,2166050.31,2316632.23,2602734.35,2324598.53,2373691.61,2437791.5,2452503.65,2451831.61,2262544.72,2348171.52,2390842.68,2477906.2,2412138.17
5005,1890841.74,2169611.7,2038296.02,1982758.03,2134342.72,1862217.55,2127692.88,2093561.38,2060579.33,1829628.15,2056518.63,1953051.16,1964002.41,2323865.16,2095228.71,2136182.52,1981467.69,2097589.32,2138163.85,2033180.23,2198058.02,2072568.83,1864631.48,1972312.04
6005,1977707.57,1765499.65,1732955.53,1785112.1,1669786.71,1799860.35,1611094.64,1694693.12,1741254.34,1625931.46,1756970.55,1705295.87,1564747.53,1927715.67,1857861.45,1784095.7,1780079.23,1714051.27,1665541.15,1728602.77,1830936.74,1614967.78,1721286.76,1675098.27
7006,1551172.21,1642761.34,1572797.24,1623161.38,1604632.74,1687706.0,1649387.39,1605537.5,1615557.87,1931457.8,1774856.53,1822263.94,1746839.44,1759257.12,1747440.23,1825693.25,1717077.26,1636782.32,1817511.21,1584836.11,1793837.21,1675524.55,1641974.22,1796407.38
8006,1707522.42,1728459.78,1702089.37,1742124.28,1729263.92,1836050.34,1631980.68,1689028.52,1730318.46,1704531.73,1771772.57,1714870.52,1881481.82,1790626.22,1752639.73,1821811.54,1620138.26,1662322.02,1814702.66,1728002.22,1861230.86,1836561.53,1707500.86,1671693.63
9005,1652852.21,1716282.18,1864997.23,1718045.17,1612592.43,1567929.45,1668078.31,1636910.94,1779952.43,1750567.5,1855150.41,1792311.07,1727662.69,1762271.43,1747289.69,1579265.23,1573415.4,1717090.53,1791085.32,1518007.26,1739322.82,1801196.57,1852390.34,1856091.78
10005,1807696.67,1770353.44,1851857.23,1770892.17,1622430.18,1705910.27,1725687.42,1735945.09,1793537.56,1721622.54,1678224.33,1710084.83,1741850.6,1728760.43,1719138.91,1852722.42,1609084.96,1664412.72,1596249.65,1790601.56,1734208.66,1698026.76,1895048.37,1583592.37
11006,1656468.2,1835828.57,1698049.24,1702657.84,1589145.71,1756169.04,1668990.83,1649377.92,1758232.12,1623723.84,1688740.49,1812398.93,1667121.73,1689902.98,1688247.67,1639674.63,1675443.98,1700758.53,1604560.37,1669878.36,1678257.14,1772925.05,1687190.21,1595589.82
12005,1770983.57,1635332.05,1699061.12,1778108.16,1671205.7,1740521.58,1705830.67,1662213.36,1886048.85,1591608.41,1693377.97,1679440.64,1681198.35,1829176.72,1744577.78,1886827.18,1730161.3,1694263.56,1655389.31,1654986.77,1721385.96,1462461.45,1726466.35,1857344.28
13006,1532537.62,1531292.47,1740206.23,1591272.21,1393823.11,1606958.97,1592571.01,1716766.08,1610715.9,1532073.35,1432087.2,1449811.94,1440679.5,1463395.05,1642937.52,1569899.72,1598883.93,1518985.43,1453150.4,1537117.31,1540201.18,1451734.04,1637631.7,1629384.9
14005,1774813.0,1637702.64,1587159.19,1650794.56,1648490.55,1826172.0,1877743.13,1581220.46,1668071.62,1652731.58,1645918.47,1649578.07,1748786.6,1559455.11,1468684.44,1609384.9,1674771.3,1745882.13,1606194.85,1574826.31,1594979.35,1678764.11,1768614.22,1694113.05
15005,1876369.39,1596141.02,1702436.99,1692661.35,1668056.24,1558088.4,1710910.38,1658995.52,1843124.21,1720559.3,1560799.3,1719355.22,1676353.51,1625059.23,1769107.3,1692231.58,1733541.85,1742749.31,1703908.78,1817295.74,1718548.89,1770864.42,1851369.86,1686194.42
16006,2033258.88,1839083.5,1893762.94,1916771.64,2272638.65,1884239.24,1797176.06,1740708.48,1705016.28,1930314.19,2007020.72,1767799.61,1919149.42,1752052.87,1936241.91,1878306.94,1943783.91,1819583.76,1943172.31,1931237.66,1940827.55,1889083.23,1882785.01,1892595.5
17005,1743661.79,1799836.87,1878905.79,1781820.91,1650600.02,1797434.72,1963681.43,1708513.03,1678865.99,1733908.44,1638359.09,1826058.18,1718168.91,1735542.67,1694815.5,1689620.58,1726991.1,1526936.35,1793954.8,1779167.21,1833406.56,1688120.9,1787048.06,1752478.98
18005,1572814.82,1571638.29,1648818.86,1723413.43,1737504.83,1595890.83,1719398.85,1750577.68,1815610.43,1769892.87,1678792.48,1873827.19,1738751.91,1622040.14,1689036.53,1691831.88,1593539.05,1824667.5,1721921.13,1701163.13,1566440.72,1767351.54,1828092.35,1691325.87
19006,1846207.73,1787042.54,1757426.85,1668999.28,1674727.35,1707380.81,1580330.2,1754698.99,1569095.91,1684524.54,1695481.78,1749035.34,1666083.79,1792995.47,1788286.54,1619626.47,1862058.06,1835197.58,1675126.57,1870738.45,1807851.42,1812292.8,1814762.22,1728378.46
20005,1741866.93,1830837.45,1810484.14,1702554.52,1851935.98,1735727.96,1769535.94,1798468.24,1662345.91,1674434.75,1769462.19,1664615.92,1718541.45,1613871.06,1564098.33,1572739.66,1720938.16,1694273.06,1812870.58,1807045.4,1690008.63,1736617.53,1649241.07,1720687.38
21005,1638151.69,1752243.45,1666478.35,1688409.75,1639223.66,1711559.92,1845387.18,1773693.23,1764766.59,1652102.14,1814589.39,1899762.66,1812877.0,1668813.56,1652654.66,1717549.52,1759106.05,1749361.55,1704071.89,1676784.58,1740613.37,1766064.52,1776800.14,1784279.9
22006,1770122.52,1734224.53,1805974.66,1776160.24,1687103.47,1622566.07,1714152.61,1781665.16,1912328.78,1667881.05,1612449.02,1817851.77,1865921.79,1623274.66,1739222.71,1658188.13,1747515.25,1621704.06,1510520.45,1736931.38,1783179.27,1666275.22,1868274.81,1723723.65
23005,1799459.54,1737041.14,1669236.8,1721130.62,1677922.01,1736351.85,1873287.24,1747895.15,1627629.99,1613420.11,1852542.17,1782530.75,1784012.97,1764121.71,1684111.73,1719804.02,1686947.53,1618533.78,1843596.47,1615627.19,1695348.74,1848048.87,1860247.92,1477388.35
24005,1727479.58,1736428.66,1647801.49,1799215.89,1727292.49,1724391.94,1809506.04,1725449.81,1772105.04,1648158.12,1891505.99,1714861.4,1767283.95,1760826.33,1823665.28,1664841.5,1578547.08,1727531.59,1644525.02,1596444.09,1788695.28,1796718.37,1691319.85,1683416.66
25006,1232977.21,1057427.06,1102069.88,1179374.38,1123251.59,1039482.84,1142918.41,1237987.5,1087753.21,1185249.21,1138154.13,1039297.73,1168639.23,1155951.5,1192992.42,1196297.14,1144339.06,1176637.65,1050264.54,1209463.98,1226971.48,1086237.65,1133728.38,1095366.95
26005,1745892.66,1745351.56,1706954.16,1680096.11,1641464.09,1798082.41,1740353.33,1802326.74,1619019.08,1862073.62,1801834.25,1793605.36,1730655.6,1660585.45,1666196.41,1761105.42,1679643.86,1566928.92,1843948.36,1703722.29,1774105.03,1613176.02,1415712.01,1759379.35
27005,2193136.84,2236489.29,2295428.25,2298750.45,2073877.25,2269458.62,2339220.51,2380388.57,2249106.61,2356190.14,2254539.4,2249528.68,2270037.29,2179860.01,2276556.12,2184945.37,2376174.26,2017910.79,2484478.38,2324608.58,2061244.81,2184155.79,2297678.37,2344352.36
28005,1803787.13,1780629.96,1647408.44,1685184.31,1790577.84,1691402.79,1472202.38,1628924.51,1670620.06,1827609.46,1578146.24,1689770.81,1751565.31,1773995.08,1721506.32,1677577.83,1707098.16,1486117.75,1805116.79,1789045.49,1703807.2,1792668.44,1615461.76,1804224.74
29006,1548072.4,1640933.78,1565568.74,1643583.74,1727123.15,1710125.87,1624501.8,1738992.68,1654861.11,1730896.27,1617577.05,1779822.02,1762426.27,1811146.32,1579176.44,1639776.27,1831077.74,1719250.31,1751949.11,1847677.65,1742279.37,1691600.97,1753706.87,1808887.63
30005,1449930.96,1352040.14,1297930.32,1296671.9,1340273.47,1354491.39,1223740.29,1444627.87,1343222.9,1453009.43,1425716.96,1238190.56,1403572.52,1463813.53,1365201.44,1477811.22,1288935.13,1339748.51,1438679.62,1366541.21,1581698.22,1445441.06,1323470.32,1277585.66
31005,1593351.65,1684323.0,1637553.49,1633121.05,1775154.49,1766397.94,1766890.22,1806986.96,1533033.5,1659120.48,1695983.33,1710546.49,1727829.04,1788641.69,1729131.53,1592996.64,1651356.74,1567042.48,1671842.12,1603364.68,1717989.45,1727748.79,1676034.02,1680971.09
32005,2225501.67,2173984.23,2026363.99,2100683.56,2076521.76,2008455.39,2125331.82,2142632.14,2095866.54,1982312.19,2045244.2,2053549.75,2324036.53,2048180.3,2177897.56,2097600.77,2359342.94,2006134.51,2026859.18,2240136.75,1978388.28,1992050.3,2123247.9,2116350.87
33005,1730823.86,1859427.31,1742621.35,1644395.93,1901582.28,1714765.82,1805536.23,1668181.36,1709818.94,1700756.96,1611942.82,1804332.21,1696413.38,1652735.16,1581405.95,1731327.95,1716846.74,1642632.94,1766430.95,1694658.89,1641577.34,1863911.79,1822709.79,1705533.26
34005,1759606.67,1626347.55,1643467.36,1498370.91,1657618.32,1733829.24,1825617.74,1777835.81,1860709.0,1770604.59,1599583.99,1744079.92,1716881.3,1687927.81,1607789.62,1771744.47,1685913.37,1732952.98,1664768.1,1664291.8,1671395.63,1719267.33,1588876.57,1742327.75
35006,1265215.33,1273528.77,1359813.63,1189430.17,1319267.45,1294492.88,1418252.16,1267585.36,1256851.45,1271199.71,1388219.19,1268147.37,1325537.42,1320899.71,1382957.42,1206235.14,1281506.77,1302408.56,1306000.84,1284501.85,1344553.35,1286362.28,1205459.86,1381626.92
36006,1809555.99,1793002.23,2061655.17,1778972.55,1784566.59,1786174.29,1815717.71,1866285.71,1895126.92,1748726.03,1668473.56,1898164.21,1646814.64,1952349.66,1859115.21,1760692.81,1686790.95,1844495.27,1799299.04,1858791.57,2031486.33,1822081.75,1903221.38,1914434.94
37006,2048922.2,1939597.09,1920201.46,2064421.12,2060846.36,2109887.41,2065388.95,2128928.42,1952851.63,2193166.09,2236493.89,1818563.73,2180794.18,2266733.04,1942187.95,2017858.67,1910684.72,2059894.48,1977565.83,2077007.44,1936461.77,2066289.79,2005023.25,2324957.46
38006,1651819.14,1823653.73,1760599.99,1713705.95,1783187.17,1763545.9,1682853.42,1743378.73,1818884.69,1728843.26,1900157.99,1819759.11,1771032.19,1835378.96,1890392.68,1619921.65,1736840.26,1809362.2,1720798.79,1639268.2,1805643.51,1773382.57,1749771.27,1658038.53
39005,1301097.68,1333474.89,1329239.95,1358304.23,1308347.18,1347807.66,1327232.86,1386526.25,1288041.91,1248540.68,1304930.05,1304508.47,1333622.44,1243314.21,1339158.71,1302952.29,1397475.21,1320119.06,1428058.33,1326023.95,1327919.95,1210053.41,1327249.68,1309195.86
40005,759013.15,707512.6,798174.11,704860.86,825488.52,769646.97,767103.59,780619.16,787052.31,700704.2,757530.2,798566.04,752958.18,737527.37,729382.09,830778.02,806329.55,699326.47,735525.92,747768.93,834442.14,778429.93,779729.47,716900.0
41005,1703944.7,1792887.07,1924032.86,1718763.81,1681629.01,1848966.56,1506980.79,1810733.86,1530492.55,1662809.16,1669836.48,1720437.1,1796515.1,1825858.1,1812200.64,1726017.23,1909696.0,1934930.1,1670144.24,1850380.16,1801748.34,1772269.04,1754198.02,1704278.98
42006,2462950.43,2554369.44,2539357.83,2228657.93,2580522.42,2393745.41,2555742.43,2379706.4,2521989.28,2676503.17,2431257.65,2728570.08,2397979.72,2487326.09,2488417.61,2266523.46,2428193.78,2664786.58,2578413.09,2372011.51,2336907.94,2429828.2,2351738.35,2652161.18
43005,2245634.42,2378400.89,2275473.03,2222975.92,2286685.88,2169980.09,2100876.18,2493062.59,2308966.16,2149369.57,2414333.04,2246577.5,2376183.84,2200528.57,2314918.58,2381252.65,2297830.03,2209912.27,2258167.22,2307145.1,2323939.49,2358372.24,2419248.5,2112770.39
44005,1681962.31,1700118.25,1797922.9,1783039.43,1818450.58,1718233.43,1787988.02,1821100.9,1715047.57,1760728.34,1649490.02,1590904.63,1582437.08,1663822.07,1662819.26,1798457.8,1761656.44,1527052.47,1817852.52,1820293.49,1705971.64,1812259.23,1710527.45,1752306.51
45005,900073.03,918532.67,784842.11,889733.9,883135.64,826186.16,915442.12,841647.33,801055.61,837044.05,913105.25,872361.13,811116.23,826955.39,870219.27,832441.49,906279.95,823426.24,814132.25,908159.53,804760.1,877308.36,888173.04,907524.46
46005,344924.06,333616.32,315515.09,309868.86,315590.41,353505.34,329625.07,331400.14,333782.97,355455.06,315858.59,323202.65,308307.61,291704.54,308042.87,339344.53,350027.03,337327.04,316323.42,355545.95,295426.37,346718.95,337992.14,355704.4
47006,1652136.14,1678057.38,1694052.03,1825210.45,1530418.03,1593028.12,1754297.43,1650564.87,1719550.52,1633430.25,1720017.63,1769031.34,1685932.2,1713197.04,1574293.7,1758873.41,1719994.12,1713961.85,1654461.46,1770033.13,1674148.58,1689056.63,1736611.25,1699059.58
48005,2651700.91,2538737.76,2452537.65,2291596.72,2453562.87,2568022.59,2592218.76,2613068.96,2483455.39,2580089.76,2597330.06,2511203.31,2492630.23,2201275.5,2324655.37,2602043.92,2634605.38,2477098.14,2524809.48,2564693.14,2387650.15,2706587.15,2610678.02,2338905.31
49005,2399182.9,2414570.33,2557738.14,2390525.31,2600407.85,2590295.95,2639807.55,2485419.13,2539313.19,2639737.13,2590361.64,2499578.9,2665740.95,2650838.79,2528786.17,2522456.97,2470440.89,2347880.71,2531011.73,2394229.16,2649279.17,2708823.8,2482704.12,2676775.49
50007,1783411.25,1774849.59,1660936.69,1611681.61,1629063.48,1617710.72,1681460.78,1649962.06,1696159.43,1616677.87,1692753.16,1705740.69,1768741.57,1667311.13,1706070.63,1648553.58,1684177.3,1583848.73,1688614.68,1771220.08,1735406.85,1493991.91,1599530.41,1654214.41
51005,1070720.66,1145302.37,1172818.0,1100792.36,1178528.32,1125463.61,1221828.59,1049297.04,1231623.42,1153241.1,1150939.98,1215968.45,1078979.33,1178529.71,1222743.17,1138529.53,1120022.14,1154369.89,1159811.39,1169655.99,1159359.54,1175447.57,1154504.29,1126001.63
52006,1215374.84,1259239.78,1151399.68,1094096.08,1105262.63,1156924.87,1099513.31,1236066.77,1186445.03,1110649.93,1063673.52,1245638.34,1115330.27,1229432.41,1232086.52,1224399.61,1126927.13,1114132.85,1035744.37,1270983.23,1226359.32,1122888.32,1242037.66,1107196.34
53005,1099783.56,1075943.88,1059305.18,1217640.04,1191894.69,1136575.61,1087650.6,1037087.15,1085328.6,987761.83,1154993.67,1119147.27,1138535.15,1134458.52,1141806.83,1045387.27,1133273.94,1100527.58,1078572.49,1105611.49,1196962.7,1073569.63,1137765.5,1097142.4
54006,1397287.73,1182969.86,1193814.79,1353917.94,1108145.98,1350053.36,1251514.47,1378019.55,1253911.94,1251605.56,1311044.8,1322454.64,1360339.09,1325663.94,1330694.98,1334250.98,1284112.88,1331947.68,1259500.38,1322892.92,1272670.04,1227413.24,1198828.3,1222565.2
55005,1018493.47,967654.4,1036670.83,984602.73,902905.45,918372.38,954721.81,991278.15,989645.51,963410.66,961423.12,1011723.54,935483.67,1004498.83,941661.89,1069809.29,1027264.17,910123.9,1036712.8,1002256.46,982113.43,1010286.56,958329.77,1031756.53
56005,950506.65,972504.77,909735.18,847743.21,974797.18,900714.4,1016074.79,936161.9,929367.94,897290.86,892890.39,864650.12,885067.8,917411.1,927024.32,984938.49,945465.53,935007.45,917992.32,927571.64,890820.17,892026.22,893356.73,837731.59
57005,920920.23,935298.51,956225.75,929703.95,852288.93,905965.33,885139.54,945146.68,927963.21,945320.33,877270.32,839081.38,859024.36,819547.53,918992.8,920856.86,907306.48,968529.17,843768.16,883714.47,857359.1,914454.15,898937.15,900040.51
58006,597176.34,678302.55,653649.55,684572.99,643284.54,706673.14,737018.69,680105.79,640766.43,683027.49,696677.56,755845.33,749019.43,670275.17,703725.19,681627.8,698870.27,707373.46,670319.67,697083.67,702743.81,650863.68,683500.59,651963.43
59005,556565.62,538384.13,555450.7,559474.33,590711.21,529342.05,557511.65,562459.96,565350.83,591586.1,563546.49,568255.62,609163.93,567959.56,554695.95,579656.71,536643.72,547109.62,571704.06,533727.87,547699.9,564638.54,532416.46,520393.77
60005,520228.4,531303.07,506918.67,505908.19,481251.24,528776.72,540760.56,536908.83,530509.69,524701.53,511912.89,508644.76,551416.24,465921.1,560632.57,496774.14,512232.79,519436.98,527563.54,553475.63,498224.27,498363.81,533143.49,542645.39
61005,503755.89,453812.98,484974.87,443676.0,469655.96,489113.84,458223.54,444429.03,470640.9,470106.94,465097.97,468076.27,450204.6,474540.68,495460.11,503812.52,520525.95,491080.68,507635.98,457803.83,486927.83,468025.87,452970.29,470693.25
62005,377993.58,389561.79,371411.88,374221.36,353137.86,369003.77,384397.9,374638.82,401425.99,372636.2,395343.48,375026.62,381648.08,351871.0,374448.98,399680.46,385498.51,392758.5,409571.29,400191.19,376106.97,365745.21,391799.14,387193.33
63005,299161.86,307071.95,309523.64,288913.03,294773.46,285381.27,309824.91,287812.15,287958.26,306480.77,299868.76,295099.6,326473.47,295944.49,310200.49,295144.57,292327.25,281630.49,302512.11,313788.95,311141.69,298599.0,303534.17,294576.52
64005,204134.08,220611.58,217011.37,188976.1,213612.44,189667.45,209410.09,206149.93,210479.11,205915.36,174859.93,214375.97,203331.37,209630.45,200773.17,208584.78,203087.05,193889.76,214062.4,192943.94,200583.47,218914.67,193218.65,219985.06
65005,8456.06,8766.19,9723.81,8060.07,9256.99,8095.69,8708.99,8458.53,8335.79,8691.79,9420.4,8976.92,7998.59,8951.43,8405.25,8434.58,9298.75,8964.51,9344.21,9184.89,7851.12,8477.43,9583.06,8691.89
66005,0.0,0.0,0.0,0.0,0.0,0.0,0.0,0.0,0.0,0.0,0.0,0.0,0.0,0.0,0.0,0.0,0.0,0.0,0.0,0.0,0.0,0.0,0.0,0.0
67005,0.0,0.0,0.0,0.0,0.0,0.0,0.0,0.0,0.0,0.0,0.0,0.0,0.0,0.0,0.0,0.0,0.0,0.0,0.0,0.0,0.0,0.0,0.0,0.0
68005,0.0,0.0,0.0,0.0,0.0,0.0,0.0,0.0,0.0,0.0,0.0,0.0,0.0,0.0,0.0,0.0,0.0,0.0,0.0,0.0,0.0,0.0,0.0,0.0
69006,1524545.54,1688422.71,1699890.59,1611761.43,1490238.05,1682629.4,1516726.98,1600613.68,1598985.14,1586961.37,1622817.4,1586688.84,1709116.63,1504309.55,1451355.06,1549675.99,1515158.25,1653911.32,1640863.47,1754451.33,1590819.13,1605978.61,1573964.16,1599714.88
70006,1792123.82,1669443.99,1733810.81,1743290.18,1778729.41,1643102.28,1572389.66,1791385.28,1863705.27,1658044.98,1750096.0,1759952.25,1944265.64,1651853.62,1687441.48,1732485.19,1639465.76,1709978.32,1757063.89,1875970.54,1794635.19,1828780.83,1743324.11,1615110.53
71005,1609125.93,1563005.5,1736294.06,1723613.44,1680730.91,1681653.22,1547603.7,1843481.61,1568934.73,1765112.73,1582205.85,1597976.57,1704391.96,1695024.29,1494952.66,1617274.0,1653908.26,1669822.11,1725491.92,1728037.22,1755052.7,1631649.5,1774089.65,1708074.17
72005,1620285.9,2013064.16,1782670.51,1747284.53,1691343.81,1783934.37,1851769.22,1637930.49,1675531.99,1775946.67,1756382.36,1675657.84,1726021.91,1908693.08,1656594.22,1803282.72,1879897.44,1856083.05,1704282.84,1674457.11,1897279.11,1834712.82,1747078.98,1680603.78
73005,1731975.25,1620745.52,1745584.84,1729452.24,1521592.81,1667090.62,1663880.54,1592103.39,1710074.92,1804041.13,1739070.22,1569955.83,1690670.42,1590483.33,1726411.74,1806668.39,1767198.08,1690426.88,1721169.52,1642179.0,1642592.9,1675144.5,1792393.66,1700686.06
74005,1720289.08,1657958.84,1695862.53,1940110.34,1786283.65,1818730.25,1871878.96,1735302.11,1661246.01,1770646.05,1715512.65,1675695.77,1903084.79,1614033.61,1902198.23,1722669.62,1650905.4,1899616.45,1622254.99,1738969.64,1639600.6,1802876.99,1792950.74,1697396.86
75005,1859546.45,1589825.73,1788521.1,1782941.09,1532012.07,1857497.39,1754829.42,1686953.43,1670107.85,1817232.01,1629145.84,1945158.5,1850964.08,1753726.96,1743891.69,1847723.42,1733376.26,1582471.49,1792131.44,1788674.61,1545897.56,1639146.39,1665054.46,1604119.92
76005,1521120.03,1562571.4,1452396.41,1585348.94,1576392.84,1573722.35,1598974.83,1626967.3,1474992.7,1493920.66,1479026.46,1488740.36,1488683.09,1560569.51,1397760.65,1436152.39,1554777.61,1538654.61,1575676.01,1489520.88,1579541.96,1450658.09,1498724.25,1574332.56
77005,1723314.78,1956668.68,1846414.71,1816419.54,1895011.98,1890287.73,1936593.34,1974268.99,1901505.04,1818824.31,2056510.77,1860658.28,2001229.77,1834596.96,1772543.48,1734199.33,1937073.1,1969704.68,2036865.36,1831949.64,1780810.7,1831975.2,1924822.67,2021363.14
78005,1676140.95,1671044.8,1786848.97,1712472.43,1529530.72,1587978.94,1655018.06,1560709.3,1598261.38,1658632.12,1555476.07,1659497.56,1571752.21,1585715.31,1680213.97,1572990.22,1553048.11,1739184.67,1619062.63,1626920.02,1823640.41,1618105.27,1539325.63,1748851.97
79005,1739004.62,1587091.86,1667151.01,1690190.2,1789137.77,1805640.13,1643659.77,1899152.78,1619099.21,1638778.85,1741961.79,1603539.61,1642478.01,1738099.04,1598211.67,1772055.07,1826531.2,1739225.37,1795847.67,1810886.38,1686910.11,1779136.26,1751842.58,1831085.2
80005,1782821.13,1750102.15,1765941.89,1705903.21,1663752.39,1730737.47,1768529.59,1693316.08,1917389.71,1722804.99,1866667.87,1601096.97,1785463.49,1681830.86,1899075.8,1613349.91,1760372.64,1639120.37,1747099.52,1772829.27,1820971.75,1825906.11,1679253.03,1682720.13
81006,1678677.17,1815825.45,1688362.77,1757486.32,1791227.85,1738616.07,1754842.19,1715036.06,1866642.67,1787173.06,1637493.7,1729599.33,1811608.37,1765348.81,1854240.41,1676178.46,1757942.81,1708174.36,1789127.71,1895251.19,1958426.76,1568382.26,1710201.52,1887196.44
82005,1258334.08,1094863.59,1171111.54,1284827.35,1158896.04,1140295.6,1093779.46,1097546.35,1175644.19,1138715.86,1228602.72,1193763.8,1280266.52,1143429.94,1127977.0,1281823.36,1133792.44,1085252.11,1162566.13,1137303.4,1132787.99,1164532.91,1224659.15,1071320.57
83005,1828378.83,1803580.23,1918576.38,1691482.21,1855522.28,1722687.97,1770406.75,1925989.17,1862599.28,1805581.2,1873644.19,1932794.09,1821649.74,1852042.19,1845117.44,1711708.12,1773698.74,1816042.03,1966932.77,1876786.77,1742945.55,1733287.36,1793523.53,1797763.54
84005,2067785.2,2090136.53,2236744.95,2317335.68,2309272.93,2260696.36,2273304.05,2047273.79,2258608.91,2277332.9,2207827.71,2252038.37,2264318.08,2022480.18,2352517.68,2085485.77,2209213.98,2088271.22,2187871.71,2341693.04,2165126.53,2210175.74,2232690.11,2116737.91
85005,1690896.64,1724107.08,1611819.68,1694768.48,1736155.1,1782594.01,1613953.71,1643963.25,1608746.39,1652507.89,1751338.98,1680318.83,1601812.56,1730007.54,1643698.75,1758201.77,1554418.08,1630285.79,1708426.71,1721174.64,1738779.79,1686315.84,1738393.9,1586126.01
86005,1291426.95,1265483.54,1338911.08,1444510.31,1432597.56,1324652.49,1299748.75,1288810.76,1373710.92,1302385.39,1346402.94,1307295.96,1396801.11,1242753.6,1328868.69,1192933.35,1226974.51,1159388.01,1218613.02,1248003.12,1363712.69,1284513.71,1294524.63,1346426.25
87006,1582569.81,1566987.27,1621120.78,1699116.22,1622154.05,1578172.57,1682883.62,1632917.03,1600924.83,1647016.04,1468825.89,1606674.61,1680331.38,1709568.96,1693660.6,1571257.29,1555670.36,1588398.31,1596716.79,1646088.15,1632662.76,1499661.22,1644865.2,1548450.31
88005,1611695.75,1690788.98,1590786.87,1687528.39,1706950.79,1749220.45,1608547.75,1700980.49,1614525.02,1622736.04,1568230.21,1703821.22,1799992.42,1689773.45,1569392.11,1686783.47,1520165.81,1921763.43,1682946.59,1487327.03,1735151.27,1713603.56,1702433.88,1684157.22
89005,2111995.84,2342977.86,2399348.84,2364771.15,2337228.13,2508484.79,2317879.3,2318418.24,2159381.1,2321943.91,2234060.5,2230691.33,2245034.68,2520174.8,2371274.41,2239514.17,2381072.54,2392325.81,2209495.2,2325751.86,2514171.14,2274647.41,2299144.19,2393732.24
90006,1729597.24,1716343.75,1822847.31,1696942.9,1629187.06,1738355.99,1716009.69,1654420.27,1737986.62,1768862.55,1659611.59,1773690.61,1733789.41,1552286.34,1615896.89,1610117.62,1679196.52,1683715.36,1741390.03,1815479.03,1712015.19,1407504.88,1654072.84,1722764.83
91005,1660680.83,1614466.06,1693159.19,1815088.59,1693952.01,1634102.39,1799041.4,1751736.92,1674251.88,1643204.93,1805034.26,1770642.49,1741913.72,1760826.58,1642880.9,1734753.65,1746278.19,1695740.34,1746447.31,1839178.64,1760298.27,1759217.58,1664517.11,1725612.7
92005,1450437.46,1407781.37,1573886.74,1421499.42,1556416.63,1545137.65,1515678.54,1578735.62,1442531.72,1541102.74,1501879.51,1582386.5,1454620.86,1374747.99,1612618.83,1531688.77,1626584.65,1425223.07,1518495.96,1407315.12,1547509.72,1599946.48,1606589.04,1516281.21
93005,1304777.12,1234046.07,1201461.9,1234960.25,1287975.74,1211615.39,1129436.42,1219772.67,1226627.38,1169602.04,1242613.5,1115782.85,1258199.89,1217847.55,1169536.72,1224563.83,1249694.0,1161112.69,1223116.54,1238763.5,1211219.98,1271213.9,1144836.13,1144892.33
94005,1600843.02,1824538.27,1792095.58,1717497.12,1625011.25,1914798.34,1713343.93,1680737.45,1612233.1,1693148.19,1813771.78,1818650.51,1959564.14,1594005.17,1868702.34,1810814.37,1612962.02,1668489.43,1689191.78,1670029.74,1617873.05,1582114.38,1748003.47,1727478.73
95005,958102.01,854785.56,911305.66,907781.04,951462.67,947543.73,919273.65,985000.16,998921.08,967349.7,1102357.82,886531.84,835393.77,979884.79,1020871.58,1032380.75,912394.35,882118.61,933293.48,934516.45,954296.59,1032362.72,871107.97,928117.91
96005,1515005.14,1482862.73,1371331.19,1351372.68,1410715.3,1388094.9,1422240.28,1566663.86,1460703.6,1403735.46,1466569.61,1454566.21,1367620.84,1398177.37,1439062.26,1307947.48,1424874.35,1468865.86,1446141.39,1483839.61,1473143.06,1509575.99,1426536.65,1355112.96
97005,2243423.6,2267380.02,2137949.23,2120684.47,2155376.11,2160955.3,2305982.58,2155120.95,2050336.58,1997731.09,2317985.27,2041065.31,2190603.2,2301799.2,2065211.25,2038184.4,2203967.4,2102214.16,2135040.19,2088764.86,2277036.11,2216769.07,2225115.14,2297554.56
98005,1553826.58,1618898.67,1621779.78,1692284.82,1511609.16,1652140.55,1550023.86,1768757.7,1711260.28,1540825.56,1630462.29,1550559.01,1647311.95,1539462.56,1605590.22,1555462.18,1556346.18,1574471.02,1309957.56,1481153.1,1587554.75,1485524.21,1552583.28,1630807.24
99005,1670130.31,1623671.89,1511762.18,1618042.53,1593862.76,1701884.78,1546690.41,1726622.15,1655785.41,1571872.7,1602537.64,1654521.92,1851783.23,1691578.49,1667581.06,1687253.77,1686712.48,1690119.39,1618914.29,1751816.72,1630696.98,1666673.3,1706039.14,1610252.51
100006,1673269.48,1662767.52,1746197.54,1737074.7,1688766.65,1633192.68,1591185.67,1693095.38,1601332.07,1662884.81,1731109.78,1705614.89,1665384.87,1598958.72,1558087.43,1629728.92,1800929.45,1522841.47,1727080.48,1637275.27,1717700.06,1678317.69,1600163.78,1691189.54
101005,906522.64,816827.22,808431.34,888114.48,853316.29,760072.86,841221.73,793465.08,918084.7,764212.08,872499.92,750775.6,743953.48,886250.57,797462.25,783941.53,844790.69,834203.5,804854.97,878508.81,758738.01,825645.17,816078.7,818625.87
102005,2366939.83,2516101.0,2205768.35,2639913.36,2545575.73,2383810.75,2468858.54,2458578.82,2560029.85,2563024.51,2376689.91,2435459.03,2379836.84,2422571.73,2331728.1,2346080.09,2334683.94,2487041.91,2436077.69,2615996.12,2441020.46,2453053.3,2315108.09,2651635.46
103005,1469870.86,1340093.79,1495763.83,1480475.27,1428419.47,1526739.36,1475167.65,1542503.85,1583483.72,1377530.34,1485294.15,1518138.75,1398620.01,1408584.47,1346684.77,1440561.35,1423779.34,1481769.85,1422522.81,1526018.5,1493189.06,1327510.09,1473934.14,1603767.56
104006,1063700.26,1055896.47,1173964.62,1051348.44,1028125.42,1082957.86,1052444.12,892694.3,1077693.65,924514.99,1012452.01,1050486.4,1133160.78,1060761.23,1023762.51,1015147.42,981648.43,1165029.53,1039573.94,1001168.79,1035438.54,1143226.53,1047020.72,1071228.94
105006,1634793.51,1726384.67,1627400.96,1677514.9,1642734.41,1606167.2,1657694.31,1422347.94,1584481.96,1682407.78,1624196.18,1609726.51,1578810.1,1650573.29,1573555.19,1465730.69,1679698.2,1602237.58,1636180.33,1628408.85,1569749.89,1607589.48,1716339.19,1495293.39
106005,1034421.51,1054744.82,1026117.75,1087341.3,1059781.68,937463.14,1040639.85,992342.51,955137.53,956195.6,1041026.78,1052546.43,949762.41,1023167.87,1021408.99,997574.13,948242.52,1005857.65,1059772.94,1011381.08,1015258.36,932477.21,1011972.05,968096.24
107005,1178072.71,1320669.29,1393752.73,1243483.99,1285547.64,1246677.32,1298934.64,1400454.44,1419579.46,1236023.44,1337560.38,1147436.51,1315655.68,1288415.01,1134395.84,1351848.36,1381411.61,1317599.3,1313553.84,1214462.08,1168203.83,1221392.59,1307820.21,1275679.9
108005,1047001.31,1132981.52,1121082.8,980426.61,1122209.96,1019684.28,1019076.98,1034921.83,1091415.89,1037330.87,1063128.31,1073667.91,965145.38,1002023.52,1073257.16,1099559.63,1118859.45,1037132.94,1153896.43,1101169.87,1127580.35,1177460.81,1053647.3,1035769.28
109006,1012252.23,1015121.27,968555.64,1101104.09,913526.59,962593.0,936576.09,930274.25,1026251.15,980034.28,1019143.15,1034939.43,1032323.29,866083.57,977356.46,978367.0,959808.14,989271.05,995011.42,943368.32,861691.12,913733.8,1001943.21,897930.8
110005,863437.81,800758.76,859738.61,802927.27,806948.52,783907.72,846594.28,842845.51,863554.27,875777.94,824125.16,782321.48,878085.47,805281.47,772943.47,873601.76,846038.52,840248.65,780008.34,765609.59,846100.74,841782.32,806787.0,779407.05
111005,928053.34,890332.81,982814.85,939865.88,917723.67,1013664.53,931637.19,963859.53,976055.98,903580.99,1074559.73,901366.41,905011.89,928762.54,953132.81,969245.55,964735.54,930312.65,911607.76,961718.42,984613.6,879639.86,865135.88,897429.45
112005,1009332.52,1076470.13,907205.59,1019359.38,961589.54,1018386.08,972776.24,942521.81,1035234.45,1021259.57,1007987.92,1070031.42,934834.56,931427.45,1031787.12,1031783.18,1028806.73,1055210.86,1043737.7,990787.15,1032965.36,1044232.09,959536.22,1010336.33
113006,1067008.28,995654.47,897878.42,981226.16,954253.46,1164337.27,1066326.59,941897.77,1113073.16,1108080.03,982763.09,1106173.4,1102113.69,1033025.31,1076806.19,1089734.59,1083209.08,1055016.33,1046302.69,1042758.02,1140426.83,1164634.32,1067664.98,1001016.21
114005,1074481.14,994190.45,998436.15,1071505.27,983009.25,1145205.04,1030023.4,1051891.11,1115631.25,1128081.24,1098186.74,980074.96,995646.57,1073770.51,967002.3,1049823.72,1040103.36,1080991.36,1059739.17,1120974.72,1047564.11,1033129.28,1132656.58,1157442.41
115005,926559.72,965811.5,1003174.57,964827.44,1009361.15,939457.55,1097167.5,904194.96,1061354.53,968185.62,955744.06,974455.81,884041.56,1002110.52,1010941.38,978258.17,975137.96,996309.01,966036.46,982065.67,1046226.73,989603.85,958432.22,1033943.93
116006,1087871.22,1079177.01,1009797.81,1047308.83,1039098.66,968609.34,1158612.93,1053761.19,1029634.52,1051064.49,979553.11,1016201.57,1091454.12,1040244.79,1056466.04,1078381.17,1019127.04,1019116.36,982453.99,928489.9,939592.29,1000930.44,1022077.42,1077992.07
117005,1009132.44,969842.94,1049488.11,945530.05,998691.46,1011994.17,1051747.34,1016581.98,963134.2,1013831.91,1082436.95,986288.84,1047302.39,1023002.42,962098.24,998248.15,1051591.01,994391.5,1007335.97,1011230.26,946557.13,1097523.37,1124564.25,1024768.56
118005,979727.05,966060.09,1013105.04,1034637.32,997813.54,1026161.74,1024259.86,1029075.57,1035111.32,1015509.84,958286.03,1076810.05,965156.21,955040.75,1010415.61,981129.22,1012746.27,898392.18,1056172.61,996187.62,932297.87,1003325.71,1041952.02,1018856.22
119005,967858.13,1008623.62,1000328.59,994785.7,991416.54,1046579.56,963916.2,1023045.77,934931.76,1086271.71,959285.36,1045169.44,1033278.72,951268.34,1009106.56,1088609.87,1047709.31,989653.98,949473.27,1019714.65,1081702.46,938949.21,980891.98,969409.55
120005,1006545.16,872160.16,873735.81,951552.85,966086.09,1093776.56,930381.96,1005586.82,950619.11,976612.29,1003330.94,949890.36,975723.87,950284.29,957894.18,936865.04,1003519.3,917889.45,908404.43,949313.58,903703.23,967310.38,866543.58,924800.98
121006,854455.87,918580.06,880500.58,881495.28,928434.49,846642.17,905726.92,909374.56,961384.67,909614.13,858511.94,910440.22,883983.13,922823.97,842440.92,914982.34,831605.03,923342.3,826722.49,901178.87,914922.14,901613.61,881537.67,876039.68
122006,976076.02,1091986.62,1191879.53,1090705.1,1075102.84,1047689.16,1045211.17,1113941.84,993415.62,1079105.49,1106870.74,1172569.0,1067615.97,1059759.28,1108192.96,1204295.62,1127146.56,1106398.41,1073763.03,1035061.71,1119169.7,1051127.11,1123898.36,1049863.2
123005,926100.42,1044150.77,1033417.75,1007093.65,976218.84,965179.22,1081985.62,973875.65,1130141.98,1013290.78,1025456.3,1081962.93,1023807.85,1088172.62,1046363.21,1053823.26,1059484.82,949818.14,1001920.62,1059985.64,1053508.48,985062.73,1055622.05,1068609.57
124005,1196170.02,1180034.32,1261767.2,1109454.83,1199986.43,1170446.47,1201632.15,1111788.82,1155986.0,1195591.48,1221100.11,1184619.67,1136995.34,1195361.98,1163751.07,1187371.96,1141593.05,1127624.77,1197381.61,1137852.47,1204379.34,1168566.21,1111598.26,1222294.46
125005,1026116.01,1040541.48,1133181.64,1148868.67,998399.89,1076784.93,1100035.94,1104548.79,1055544.74,1116106.36,1060748.7,1157933.88,1034641.09,1081915.79,1118472.51,1179350.36,1168271.75,1144223.76,1120024.23,1095076.84,1103650.04,1083574.68,1023980.5,1084685.04
126005,1043462.15,990080.15,961585.58,926637.6,947017.34,871989.67,985936.33,1025717.81,934960.47,961619.2,1008360.06,1029328.69,1016563.19,1024486.08,990339.46,982192.94,930466.67,997204.68,1030309.4,846565.48,933931.96,961189.53,1042097.7,1022389.17
127005,1287657.56,1228053.73,1337884.04,1232076.25,1339434.48,1172856.63,1325814.05,1212192.12,1321026.35,1449895.28,1285420.63,1374422.4,1210147.79,1180695.18,1369821.67,1307318.7,1256561.1,1241269.06,1212987.87,1246843.61,1161840.63,1365437.01,1239837.91,1183568.48
128005,1091191.33,1222265.03,1172599.59,1219714.3,1086403.06,1163108.7,1239818.39,1295928.33,1139104.43,1179766.53,1177469.36,1088140.43,1224747.49,1239544.73,1205233.43,1069786.53,1114104.58,1127256.59,1081921.85,1213524.95,1197130.5,1227389.7,1173489.87,1158646.77
129005,693831.44,781112.59,757982.63,798873.32,805924.59,745148.27,757862.45,808216.81,796418.62,748596.73,745719.18,763876.55,793388.92,791482.02,829492.11,764289.88,818256.43,806880.39,767643.89,863957.16,714447.25,794027.87,704056.03,800389.09
130005,1286049.06,1183638.04,1203306.01,1198913.28,1290533.24,1251271.97,1181371.0,1155045.28,1153991.12,1265384.34,1144703.75,1103555.5,1150159.29,1283979.89,1207398.43,1190251.43,1169966.15,1186721.34,1149194.62,1297901.79,1208278.67,1175300.97,1225967.26,1258454.88
131005,1013975.46,1074654.2,1093181.07,1056657.53,1114144.1,1007376.75,957041.7,965929.51,1085333.42,1100515.01,1036857.84,1050643.48,1021160.42,1103713.11,1074356.01,988311.2,989901.13,993984.18,1021464.01,1093961.58,1117323.55,1038656.24,984009.41,1017916.99
132005,1230435.31,1418766.16,1368756.57,1375611.7,1434217.18,1234518.39,1363653.54,1405347.91,1534562.46,1376709.22,1489511.75,1410432.22,1427890.81,1316489.14,1418561.11,1250522.51,1428139.1,1384748.71,1416019.56,1391330.48,1438540.88,1350719.15,1348090.32,1385717.27
133005,1053298.3,986329.64,973080.42,1025624.13,1123060.0,1066269.18,946805.18,1137691.03,1064960.24,962964.68,988311.79,1077414.74,1029582.45,1024089.23,1109588.09,1023234.07,1088820.06,926189.57,916629.53,1043266.38,1000421.39,1094955.08,1075427.15,986478.27
134005,1079756.13,930136.05,930338.15,928383.42,1028516.95,935119.35,940302.3,907693.06,974331.24,941491.2,800853.03,1010295.76,867467.42,968755.15,973345.44,936345.85,974432.41,927472.87,970581.37,1023646.1,1047976.89,972525.96,967042.54,1015915.51
135006,980158.47,952028.41,940409.92,947517.11,840662.1,944917.56,992058.1,903819.57,1018358.38,1055144.24,991470.0,858728.3,958849.55,881330.24,1008910.41,1013987.64,1040785.28,888719.66,863718.25,933463.03,1015430.6,901109.75,1033880.59,971472.57
136005,985218.75,980739.87,1028750.96,946208.72,1003438.04,989384.94,965756.18,942590.94,1040119.42,1008749.5,952510.43,916663.1,949583.94,1005888.16,974019.3,1010955.46,1045981.59,1035539.53,1050907.54,1007336.3,1064593.23,1103590.25,874984.71,1016790.62
137005,986977.99,973089.54,986735.31,1087314.45,1043423.6,947322.45,931734.62,1020771.44,1066423.05,939891.87,986888.65,1051739.33,1078584.55,1092106.46,1013085.63,1065972.92,1054687.05,1068934.46,1034772.55,1072482.3,915266.21,929646.33,1073310.34,1046539.98
138006,1105219.46,1034549.47,940124.61,1040296.33,1112357.23,1078027.15,1051242.17,936589.26,1002342.4,1049179.52,1014542.93,1055497.42,997548.61,919055.25,1058447.84,1034389.64,1043364.16,1091041.73,1056121.64,1039979.79,973610.1,951934.86,1057390.02,1039611.44
139005,1064666.07,1072687.37,1021620.44,1105007.87,1049305.15,1055395.78,1091694.92,1105883.04,1078948.91,1026928.4,1051271.17,1104763.28,1124412.2,1066686.67,1060285.38,1104911.78,1047459.22,1105505.47,1122491.04,1102178.34,1066069.78,993599.43,1034480.71,1028515.61
140005,989091.52,1024905.12,1032425.18,1049734.83,1114143.84,1008107.85,1110165.55,1039137.25,1107078.28,1044308.26,1058244.66,1121815.39,1037367.91,1071411.83,1094832.07,1070315.67,1084292.02,956025.91,1022414.24,1077487.48,1017471.08,979306.88,1058774.15,1075186.22
141005,934184.93,886813.22,833007.48,875085.96,895691.51,953757.26,824343.68,900534.33,877931.8,868053.89,938224.01,894529.52,914970.83,900852.43,883429.65,807289.73,871886.59,978789.35,938861.9,912287.63,915296.07,871753.0,906729.75,835688.92
142006,1344796.41,1228641.85,1279940.35,1353940.27,1357577.15,1297090.24,1347532.02,1278340.49,1379791.87,1305540.94,1303221.62,1326035.07,1303352.81,1381999.07,1423184.8,1308138.13,1259173.53,1383644.23,1258226.36,1396516.06,1400501.49,1302375.98,1280844.92,1285626.83
143006,1275083.62,1247553.55,1176417.03,1273192.08,1141385.66,1188981.99,1176024.4,1157365.99,1215398.99,1258555.2,1244244.8,1195256.61,1190536.54,1124927.77,1293457.35,1212891.72,1224018.93,1205101.82,1158809.17,1148519.07,1194344.19,1119947.41,1148394.77,1198712.46
144005,1211126.63,1154871.88,1270465.64,1156368.77,1073924.06,1204780.81,1103720.85,1180564.53,1129718.4,1186898.54,1182422.68,1185081.96,1271583.11,1275533.39,1222524.31,1195208.14,1161506.38,1175356.67,1223911.2,1157029.81,1044469.91,1236645.35,1186970.84,1172109.78
145006,1098736.82,1097825.15,1073310.28,1195397.83,1049097.84,1123094.25,1127375.95,1062990.12,1142623.44,1021899.93,1025227.13,1208379.34,1115926.35,1130754.81,1138952.12,1076193.84,1132522.22,1140223.11,1143149.84,1149427.52,1185289.17,1192144.7,1030277.39,1190268.19
146005,1349211.94,1490841.04,1455423.46,1435513.42,1203002.84,1323243.34,1374990.24,1331016.1,1252339.96,1304295.48,1403196.29,1249142.3,1460680.8,1351292.84,1332207.33,1325522.89,1379405.24,1306079.44,1331015.26,1299824.66,1366731.83,1383416.73,1364404.22,1278082.92
147005,1488079.61,1623083.55,1399441.62,1488412.95,1525515.09,1542076.06,1506968.06,1440998.22,1486883.45,1636686.8,1523016.69,1577736.26,1622842.19,1446917.17,1475462.58,1596969.56,1391061.5,1343408.55,1511113.0,1495300.73,1544741.16,1528253.11,1463623.29,1619751.85
148005,1332949.03,1307170.7,1411677.29,1422031.95,1434608.33,1381329.22,1204907.84,1483541.26,1548960.26,1354572.71,1408093.8,1380087.8,1405872.11,1391790.56,1304581.07,1423085.12,1323193.0,1333744.95,1455686.71,1322619.74,1328002.26,1412086.64,1248349.7,1415150.5
149005,1263541.11,1276712.73,1325455.94,1281344.32,1373036.44,1357505.17,1445598.9,1358082.64,1420005.51,1320729.46,1364696.82,1281884.22,1283448.19,1474706.44,1335340.71,1394305.57,1293462.18,1245534.42,1293962.85,1201463.76,1399490.78,1227986.47,1300562.26,1329649.5
150005,1427759.97,1505702.36,1399639.85,1586301.48,1462957.13,1495978.89,1473617.93,1410555.28,1577003.87,1483952.03,1517706.92,1531762.96,1564102.5,1555394.87,1557687.63,1530722.77,1403528.99,1535687.06,1485177.75,1504370.13,1392454.91,1577851.29,1586045.61,1522528.88
151005,1329898.75,1331050.18,1330630.47,1494209.55,1484108.83,1396056.11,1452019.5,1542425.87,1464601.22,1448769.14,1432080.08,1290342.51,1580089.76,1399047.83,1367957.72,1441198.67,1450983.33,1526303.87,1489977.59,1379755.72,1393797.12,1309606.65,1511666.06,1480928.72
152006,1643138.21,1617794.41,1524359.0,1686426.79,1666836.66,1614453.47,1746247.84,1639177.24,1555022.22,1719664.91,1697991.75,1634703.29,1628389.0,1576766.81,1585193.56,1656807.81,1564401.42,1560864.59,1599481.34,1653407.01,1641649.12,1729569.76,1662203.43,1562391.6
153005,1923832.25,1769949.31,1690585.32,1616520.38,1552878.48,1741617.15,1681888.37,1746943.58,1796733.29,1829972.09,1789222.58,1811845.31,1809456.19,1886973.08,1754081.86,1851401.14,1694723.3,1770223.42,1760806.42,1839715.23,1601171.0,1714669.26,1782147.17,1760682.29
154005,1840002.24,1675189.65,1810947.57,1714016.89,1689755.75,1703380.24,1758255.93,1819330.12,1706417.58,1546221.61,1704944.92,1668427.47,1764021.05,1793048.16,1656626.59,1735474.76,1611578.62,1743251.82,1673448.52,1870046.9,1730554.59,1703955.44,1654084.35,1766189.18
155005,1169551.89,1152731.51,1362147.9,1205947.03,1132151.09,1286806.7,1134416.73,1232823.6,1134649.27,1148448.7,1134105.81,1210130.56,1088448.26,1327369.07,1313854.89,1182456.12,1308987.0,1190361.08,1249478.71,1216968.22,1191113.27,1247288.55,1154651.76,1191445.76
156005,650748.31,734232.76,633619.98,702485.68,754466.32,681522.74,700475.45,676684.83,696144.73,661469.85,600228.94,724135.43,679080.01,732242.63,675566.45,697202.35,694520.99,676032.85,679209.92,745029.23,716750.51,611922.29,712375.35,677601.53
157005,440940.28,465151.15,455052.35,445282.49,454914.0,468670.66,466228.87,451719.78,496571.47,495403.27,415868.29,484542.43,472589.91,491975.38,431602.31,466552.98,479170.46,417990.79,470238.18,446784.81,453722.63,476327.59,455086.39,479273.55
158006,1899326.9,1986830.82,1919911.66,1797717.67,1931358.85,1969446.9,1733424.09,1817720.57,1952977.61,1888862.66,2054964.21,1919429.41,1806279.72,1920858.13,1756412.68,1845615.13,1788037.04,1920912.27,1943069.44,1814973.12,1850670.9,1860247.25,1847218.22,1815622.45
159006,2499828.16,2684722.01,2710355.94,2838818.12,2581765.17,2815496.92,2827020.03,2689627.19,2452434.46,2873869.69,2696451.84,2657132.29,2603726.58,2782482.9,2821013.32,2578821.49,2823866.01,2513922.55,2748768.35,2564354.88,2770569.32,2684334.38,2601123.0,2733280.74
160006,1524372.33,1610873.38,1554270.26,1602693.15,1610153.79,1524515.37,1551224.42,1553609.34,1569661.15,1498387.82,1532085.52,1481224.97,1511333.46,1500389.88,1539091.75,1471173.04,1573063.65,1413239.62,1358778.29,1665846.18,1432967.93,1461799.03,1402516.25,1557713.75
161005,1229844.23,1171348.48,1331130.83,1225203.62,1277016.26,1150497.83,1207262.35,1275935.08,1159456.15,1245337.73,1242155.76,1166988.74,1257515.86,1335624.26,1198907.55,1136102.71,1197309.14,1233340.7,1194168.64,1226674.89,1215300.52,1212102.15,1216525.0,1226259.09
162005,1383385.96,1423827.48,1202505.66,1372056.44,1489865.81,1278151.27,1284100.19,1343243.25,1195835.64,1254642.61,1350548.42,1489697.58,1269923.34,1343529.87,1446947.24,1355477.16,1362249.39,1214144.38,1256750.82,1273941.01,1332968.77,1329578.87,1288676.07,1424785.37
163006,1484568.38,1507182.97,1352347.98,1485930.07,1456557.26,1500857.59,1402405.18,1558207.76,1372971.09,1526269.67,1356893.9,1450921.54,1444782.18,1416638.09,1484706.91,1466869.16,1516803.95,1502191.66,1348662.42,1464660.05,1478060.09,1465253.44,1433242.29,1414267.17
164005,1232960.74,1218750.82,1168237.48,1222097.02,1313954.47,1154482.3,1282633.41,1232655.06,1254167.84,1229579.43,1297718.59,1227732.14,1224471.41,1248890.44,1279942.55,1305855.69,1310891.81,1290407.27,1356147.6,1261283.22,1264827.04,1207183.24,1218291.07,1362486.05
165005,1006423.47,1160431.56,977271.16,1031474.57,1052212.57,1072858.48,1174110.76,1058777.8,1012875.67,1033752.43,1031332.56,1008141.54,1001459.84,1190613.76,1101070.38,993868.57,1129458.44,1060301.83,1097188.73,1117540.76,1088473.3,981116.93,1028948.85,1059149.16
166005,1041112.72,1046036.03,1042829.03,1023934.24,1036456.79,1058373.16,1014033.07,1103794.91,1004870.9,1038803.68,1081205.51,1072179.93,1079555.6,1073818.09,1136040.14,1026591.34,1127047.71,997640.6,1026992.14,1077614.87,1111599.16,993126.4,1078038.36,988063.25
167006,1223574.52,1196145.3,1305449.52,1052620.31,1227704.39,1241716.55,1229126.96,1262688.98,1132252.48,1175516.07,1119617.24,1092597.06,1136113.93,1252652.63,1122235.81,1156626.3,1224668.56,1281550.44,1093940.59,1165864.34,1206442.26,1190577.17,1109321.8,1183642.52
168005,783531.94,823372.12,823182.18,788080.85,795284.66,836779.0,876876.18,840305.54,773150.28,864018.78,837760.39,835590.95,805609.42,792797.89,848332.31,774374.89,859172.32,842719.59,797638.63,747705.95,831098.61,875964.28,818587.74,817156.52
169005,849257.23,830326.72,884980.26,823389.84,850003.96,766751.43,823658.98,805508.15,791630.7,808146.17,873536.01,861133.68,859346.75,906988.12,851742.88,798568.96,909521.61,815833.31,836990.27,793356.32,902773.43,834918.32,775049.82,849747.6
170006,585348.81,560386.46,534794.93,589672.84,540985.14,531560.5,565728.38,614276.44,582604.47,537088.24,570681.75,575293.76,578049.24,586321.4,590147.28,576274.72,561864.87,571276.35,583820.85,627332.39,620367.34,526931.48,571117.49,540973.42
171006,1476788.38,1424542.44,1436586.5,1352527.14,1413513.88,1410889.43,1218856.61,1446380.77,1309351.38,1436669.18,1265159.69,1316538.65,1473646.02,1302891.1,1372821.24,1333645.36,1457431.46,1397009.53,1359687.04,1436574.0,1471418.16,1569405.63,1466070.44,1401516.09
172006,1521494.5,1547682.04,1407407.73,1538177.98,1269696.68,1560853.04,1653021.79,1563444.81,1534664.35,1462852.97,1478716.17,1721629.41,1608407.98,1518955.97,1556021.19,1578285.18,1647206.07,1384652.79,1522268.8,1388743.02,1484336.03,1477654.59,1548236.96,1559486.39
173006,1339880.56,1393119.83,1524084.01,1320575.75,1372247.71,1283130.58,1354608.17,1325391.97,1478596.44,1468922.61,1264959.92,1398626.89,1473138.71,1450584.3,1450213.3,1447039.52,1415949.96,1374079.07,1430900.73,1266027.96,1278563.2,1469748.04,1358842.14,1371686.75
174005,1319165.15,1477811.65,1402154.45,1370161.09,1301673.75,1410507.04,1381913.72,1329767.56,1319898.46,1308108.13,1300617.33,1326818.36,1373778.94,1213726.55,1322852.5,1596914.34,1397321.46,1407426.66,1309589.65,1399172.03,1369452.85,1433762.34,1318922.41,1236467.57
175005,1380508.51,1424946.11,1310925.45,1377250.96,1256832.43,1334063.0,1281185.76,1402045.18,1350662.84,1222643.49,1335222.58,1418765.91,1376000.33,1276421.74,1313870.32,1317473.51,1254478.73,1516414.87,1375019.54,1407587.37,1363903.76,1390385.4,1418870.24,1394321.61
176005,1345669.61,1424791.2,1270246.41,1338277.2,1333740.66,1340451.66,1414650.27,1395376.01,1432350.36,1364055.03,1535535.26,1338893.08,1405563.08,1366697.56,1543787.62,1272690.48,1511148.37,1303098.82,1446128.39,1363365.01,1401652.84,1512951.44,1457599.52,1465370.5
177005,1290228.54,1219033.44,1307849.86,1262851.38,1244093.26,1279454.37,1330465.58,1333283.36,1233469.72,1215278.55,1233976.75,1330369.15,1116928.65,1326644.01,1383602.71,1315354.28,1312131.99,1256632.94,1185596.05,1156654.34,1231029.98,1233716.45,1345427.63,1252707.7
178006,1766645.19,1937216.13,1710341.87,1976643.06,1888729.25,1850099.8,1742599.31,1737706.76,1834160.52,1752192.25,1777171.33,1915212.94,1837855.5,1760914.0,1815442.21,1784769.56,1768958.83,1841754.37,1944360.19,1793221.85,2092232.48,1761707.61,1974671.92,1952508.52
179005,1989345.04,2178479.05,2076244.61,1928034.38,2045583.3,2022765.19,2078960.32,2131795.89,2014430.96,2302362.75,1882322.65,2031355.59,2060455.74,2157901.03,2120852.29,2149692.9,2215612.8,2128994.34,2055785.36,2051385.71,2320570.16,2071199.14,1923746.06,1924584.4
180005,2381057.92,2565120.9,2565056.48,2554710.09,2543620.32,2622310.75,2417899.27,2510811.47,2224075.26,2442834.16,2576408.39,2286695.2,2418252.0,2519584.73,2432003.19,2542343.77,2366668.82,2775946.21,2509960.42,2416628.94,2644330.69,2299832.03,2677261.77,2558923.31
181005,1994181.27,2139190.46,2130532.49,1882941.02,1937624.77,1897249.78,2073643.04,2059377.52,2079734.81,1882352.11,2053102.58,1888419.44,2209967.71,1903483.11,2159420.48,1929944.42,2054755.22,1913209.49,2224054.56,2116666.63,1978163.62,2138668.3,2018069.98,1982319.18
182006,941294.56,1083619.77,1054840.26,1102067.72,1073957.57,1049827.62,1115086.01,1020779.25,1002200.53,1102234.76,1026108.09,1057156.27,1005477.26,1057324.11,1036992.44,1105742.49,1057631.62,1011740.68,1088610.82,928659.34,1059034.44,1171818.16,1018768.55,1101582.23
183006,2416060.22,2451560.41,2164561.13,2405751.62,2572773.89,2628889.94,2014331.51,2421122.04,2333484.4,2659440.55,2568313.83,2345592.61,2463767.64,2395985.34,2644316.73,2341982.87,2297358.56,2495057.14,2356620.26,2361834.05,2558310.47,2365332.43,2530853.12,2436699.93
184006,2143551.69,2147973.78,2324844.91,2018852.21,2156517.22,2131939.01,2170480.28,2044055.06,2278712.13,1961980.27,2172696.42,2390655.45,2144301.47,2249627.03,2127617.31,2074210.13,2334298.18,2374691.03,2089004.08,2125154.31,2120233.65,2040042.01,1977224.92,1955749.72
185005,1658097.83,1437991.22,1514991.57,1656104.1,1639286.26,1688073.12,1643918.9,1624286.26,1680733.32,1716728.94,1680946.66,1543547.87,1549126.57,1635836.6,1674400.56,1626354.75,1688478.9,1677542.03,1641611.17,1684843.6,1643721.75,1768809.05,1631737.43,1789055.94
186005,1399636.05,1319669.72,1420996.68,1283497.32,1402174.03,1276052.7,1508798.95,1308194.3,1372847.26,1294669.8,1332809.86,1414531.5,1323901.58,1450745.7,1307535.75,1338071.57,1196378.27,1361923.04,1356741.32,1300901.48,1407847.06,1375913.1,1295793.99,1293516.01
187005,1086454.4,1041881.84,1138333.22,1074171.07,1069442.9,1127829.4,1056458.23,1124593.88,1098362.3,1161451.01,1093342.28,966279.84,1104114.2,1128421.67,1062728.17,1075159.55,1058145.13,1064759.24,1183312.1,1083166.08,1067771.04,1114966.33,1081921.65,1134282.69
188006,745660.42,777187.2,771590.15,765490.83,754493.04,789663.01,755948.74,767298.72,787485.89,781662.79,824637.0,805478.02,808518.91,740247.52,803899.35,779709.38,815198.38,816769.15,794528.11,725311.56,722076.29,822867.1,793229.45,767878.25
189006,1991300.48,1908826.31,1985320.04,1985966.57,1813568.08,1820282.95,1886636.09,2016797.89,1975535.2,1992105.86,1771604.34,1859597.87,1962802.57,1845910.74,1897863.63,1806644.88,1975719.61,1958409.08,1840900.62,1869235.17,1793949.38,2000906.98,1935126.94,2119841.81
190005,1788414.37,1710055.85,1683008.51,1771761.84,1723092.61,1598958.11,1764621.58,1780399.72,1668769.36,1828746.86,1657385.46,1746267.38,1742479.52,1709202.6,1742000.4,1730847.76,1677964.57,1684689.11,1670872.55,1637335.83,1794886.28,1671615.76,1787941.45,1663045.26
191006,1709437.51,1650584.83,1773367.99,1790070.23,1547701.88,1854630.26,1763340.7,1937964.55,1764931.59,1652561.12,1674637.77,1687402.58,1744433.51,1773878.23,1754757.55,1814978.42,1541644.28,1616079.89,1684873.01,1672066.85,1703842.64,1724870.47,1687002.18,1677815.31
192005,1597485.08,1492018.61,1494688.35,1634830.94,1612933.88,1578843.15,1611567.7,1489714.22,1552802.76,1532807.52,1455736.0,1604997.94,1597493.95,1577352.93,1598790.25,1553271.74,1436078.84,1567082.39,1478514.84,1449853.62,1559437.98,1534134.7,1491428.45,1690236.97
193006,1894278.6,1825026.08,1824578.71,1767973.81,1961765.53,1965656.11,2077421.69,1989498.48,2007353.61,1848076.07,1982192.91,1832517.54,1986451.93,1749706.0,1911642.9,1914671.41,1765982.77,1984152.54,2052234.48,1882462.72,1927641.55,1878703.73,1774874.27,1848705.63
194005,1812376.64,1796423.86,1742623.1,1635039.21,1743267.67,1595304.62,1650479.71,1845339.61,1695630.51,1814117.86,1871946.53,1733462.63,1697134.57,1760135.7,1759577.19,1641387.49,1695042.54,1600564.43,1741906.08,1605273.46,1777324.09,1688605.85,1826216.49,1821320.09
195005,1623592.67,1595523.08,1702687.14,1676765.42,1682860.3,1591471.73,1770199.01,1669003.87,1579910.99,1708134.85,1628809.81,1724902.63,1683145.78,1773570.69,1841384.71,1731456.98,1832132.3,1722811.63,1643107.38,1657798.6,1633120.97,1692436.45,1694861.03,1617498.51
196015,1666625.21,1496013.9,1534476.96,1685692.95,1630800.45,1600693.82,1486987.87,1511833.91,1580446.06,1584404.94,1739433.25,1621653.18,1563999.22,1697512.68,1687017.1,1723390.03,1669083.48,1476843.16,1542661.15,1703164.76,1715615.73,1517596.56,1512472.17,1829491.6
197006,981841.58,1121404.02,1044674.86,1061862.77,945493.28,1084578.49,958139.12,1136917.72,1100810.75,983584.74,1042385.85,1083557.88,1154379.47,1017868.14,1069600.62,1050132.28,1010832.1,1041222.16,1127751.73,1004954.01,1081817.1,1050110.21,1044758.36,1124239.0
198005,2729951.88,2548001.64,2306663.52,2685705.36,2407727.92,2531922.0,2415861.61,2425138.4,2441505.31,2542244.08,2414920.8,2595678.03,2411571.36,2526720.62,2411545.67,2553809.6,2688901.48,2329600.17,2215432.76,2475681.83,2673267.65,2519893.35,2719751.21,2509638.26
199006,1643262.05,1768068.96,1623868.26,1725481.08,1765889.57,1732821.18,1745176.66,1841733.26,1718063.61,1666380.6,1742590.14,1574193.09,1812573.87,1616414.52,1661894.82,1707801.03,1664403.17,1790854.71,1702630.76,1726994.29,1597741.74,1685175.03,1666222.54,1687565.02
200006,1580795.86,1788191.35,1824165.46,1599429.37,1670983.33,1848090.65,1690419.03,1747745.5,1709630.3,1523097.12,1716177.17,1702253.07,1548477.19,1785923.36,1677337.54,1709030.18,1727721.78,1792516.2,1791795.94,1783798.29,1632151.04,1836126.49,1697674.71,1654035.86
201006,1652396.56,1528897.44,1679644.02,1743188.75,1614807.33,1551573.57,1577194.38,1476982.16,1549778.78,1710934.09,1572355.52,1751402.62,1593873.05,1615005.21,1529599.22,1599576.45,1592339.66,1577322.15,1677712.97,1576123.49,1653320.36,1620627.61,1606708.42,1747912.86
202005,1433464.87,1323491.57,1282541.47,1383550.37,1298517.97,1396741.82,1347660.58,1407878.91,1316199.4,1327926.71,1433879.6,1386312.94,1394393.84,1419904.13,1385297.62,1469402.47,1393954.59,1471936.84,1406301.6,1557757.92,1384156.52,1366143.05,1431896.08,1261923.43
203005,2011784.86,1668061.33,1908962.86,2013663.15,1941115.72,1906515.25,1983732.03,2076692.39,1698076.13,1973551.94,1894755.23,2088963.4,1919145.55,2099983.48,2026094.61,2131863.34,1972916.19,2040283.84,1882272.7,1991669.32,1830738.74,1954789.03,1847065.2,1807815.03
204006,2128122.7,2050253.55,1970100.88,2159665.59,1745451.7,1898852.8,1934959.67,1948809.19,1837605.27,1929551.58,1900671.48,2007649.88,1962546.26,1927883.99,1861994.99,1860327.73,1952603.15,2099350.61,1887883.89,2047073.3,1882601.67,2023654.13,1958476.81,1817770.6
205005,1583509.11,1711069.88,1756071.21,1723479.86,1663963.26,1724884.42,1665222.67,1724920.99,1545997.65,1554178.72,1596787.44,1598775.53,1762423.27,1681909.53,1712732.96,1725799.34,1773865.83,1678116.2,1636651.8,1556755.56,1492548.36,1795055.83,1733328.2,1704983.04
206006,1778416.66,1748886.31,1762759.19,1802658.74,1752452.93,1681419.77,1925576.38,1789343.46,1597461.74,1708272.44,1732338.36,1741314.87,1811632.32,1790546.26,1699649.03,1554405.29,1800230.53,1716836.18,1668515.94,1760431.86,1679855.06,1625685.02,1725315.89,1741335.98
207005,1115944.57,1175310.05,1096811.94,1171951.57,1217219.86,1103423.23,1170401.82,1036227.27,1238148.73,1140298.54,1177687.41,1136900.23,1105847.35,1241346.79,1089419.25,1133808.8,1008448.19,1264576.04,1141563.9,1072379.92,1088184.48,1145555.14,1206504.3,1054110.87
208006,2318372.54,2337877.59,2334634.98,2248149.24,2363060.76,2297761.62,2189008.73,2281270.32,2172094.82,2272528.41,2280663.24,2206886.45,2260233.03,2306014.54,2195262.86,2144130.16,2219089.85,2182238.05,2425058.55,2329778.43,2286321.64,2399140.45,2473491.56,2185887.69
209005,1764341.47,1735035.88,1774571.14,1830388.57,1739884.17,1990955.43,1854665.19,1773370.94,1606755.22,1650647.69,1689651.11,1709991.84,1750951.43,1627067.82,1636652.95,1542694.75,1703509.95,1691390.98,1726134.03,1755943.84,1804442.67,1736108.66,1623398.7,1731977.09
210005,1747200.68,1526382.39,1672190.17,1705349.17,1859159.54,1610839.88,1789079.18,1645248.73,1761800.34,1922963.93,1522176.1,1586193.81,1856565.02,1652224.37,1827852.28,1667839.37,1629715.97,1912261.38,1723597.05,1889927.93,1751151.78,1716598.62,1734493.78,1659768.94
211005,1747785.6,1837275.61,1694372.49,1615936.14,1812070.41,1701376.18,1768168.13,1822204.66,1530190.82,1578612.96,1697172.1,1712084.58,1684169.75,1634383.6,1780675.47,1581078.68,1798571.34,1768702.86,1546116.67,1752525.56,1740423.76,1725296.47,1739973.23,1719944.84
212006,1162569.71,1112088.02,1056406.9,1073302.17,1021055.71,1177480.57,1116394.73,1024206.07,1196513.97,1052724.27,1087541.94,1043114.53,1078408.75,1058883.9,1087267.14,988380.41,1190262.09,1026907.71,1107427.74,1100727.47,1237007.6,1038284.07,1146156.16,1155024.09
213005,2014224.86,2055514.06,2267627.85,2156872.42,2039976.93,2056002.17,2284397.31,2072763.06,2275395.09,2078216.07,1985552.33,2122126.01,2218217.99,2097066.91,2115079.06,2370049.18,2006618.35,2086854.99,1944884.88,1946163.22,2159773.09,2110033.18,2106450.51,2086398.75
214005,1979217.98,1883279.79,1921131.34,2035731.71,2069697.39,1834407.54,1899788.11,2045347.42,1932161.57,1924813.8,1688347.08,1946680.23,2011166.91,1988403.23,1949050.4,1882144.34,2031965.45,1850466.88,2058945.42,1942522.52,1911914.11,2088345.21,2095126.15,1951541.53
215005,1607795.63,1724188.7,1690074.58,1708658.6,1838425.28,1773841.35,1832661.23,1750113.08,1576421.45,1823520.46,1794453.77,1682522.29,1649034.77,1834817.03,1827608.22,1842001.83,1589649.52,1664733.15,1758045.42,1669056.17,1753264.11,1745495.61,1828026.38,1796305.0
216006,1747760.11,1668410.22,1516858.19,1563046.48,1527605.02,1735366.2,1600812.58,1659575.44,1595635.1,1518389.64,1601389.65,1788671.14,1532665.1,1931526.57,1708424.31,1712830.26,1707362.02,1695150.42,1694550.33,1791769.17,1710668.3,1814816.36,1649465.64,1728045.96
217005,1289358.0,1074237.45,1137399.43,1072496.72,1122196.53,1155344.61,1144138.84,1058401.18,1074334.31,1158341.9,1159883.6,1023177.34,1183479.92,1103710.46,1179543.87,1125936.67,1193124.47,1119581.49,1231557.06,1160506.82,1029813.1,1042875.74,1072623.88,1111630.68
218005,1486054.64,1362449.25,1532882.63,1461982.17,1506695.01,1566520.08,1442683.53,1418859.4,1498472.02,1568083.61,1367963.93,1646061.95,1438955.22,1489562.33,1575569.11,1468300.5,1431686.58,1560305.1,1401345.85,1481068.06,1409450.64,1634284.38,1587160.21,1544709.84
219005,1070112.9,1048349.82,1123916.15,965194.74,971415.81,997487.95,1056698.02,969617.74,968124.32,920419.5,970017.62,1062537.84,1103440.03,986748.0,910068.91,1012684.04,1037584.83,948130.4,1050340.81,1051026.46,994716.11,1036322.55,975633.58,1079927.21
220005,305224.25,345988.45,339190.82,341578.14,347787.24,355135.99,314618.44,363231.62,328048.1,286428.32,353973.9,329296.76,338751.29,351358.44,306213.0,359702.8,342148.59,365121.61,326754.64,371227.21,350710.7,325834.37,304753.15,335810.38
221006,1577035.73,1634370.42,1649450.9,1652068.35,1651909.96,1627332.65,1626346.24,1679932.88,1697008.29,1669032.61,1676682.46,1779230.81,1633156.07,1690323.92,1656568.14,1616147.87,1501007.88,1623172.42,1621154.9,1650322.85,1565518.22,1765270.67,1558233.39,1636592.28
222006,1376649.15,1195242.27,1251330.06,1252562.52,1350642.25,1363265.43,1305710.01,1303957.2,1258603.2,1374134.97,1196496.82,1299496.21,1290297.38,1298784.18,1272522.72,1148097.94,1239768.64,1307335.57,1328611.71,1319805.75,1256121.04,1384704.44,1327502.29,1281517.98
223005,1398598.22,1470201.59,1553554.54,1573723.42,1543821.32,1437320.16,1414090.48,1488173.22,1492252.76,1472436.54,1578030.88,1397862.96,1469090.25,1490367.65,1320945.57,1430340.43,1599949.32,1549312.84,1503451.7,1540074.74,1435639.39,1546903.54,1460784.65,1625388.81
224005,1417526.42,1442869.73,1491407.16,1377005.92,1590310.48,1365531.52,1398838.25,1343554.85,1394655.12,1496428.44,1485156.91,1362223.5,1439971.72,1392548.02,1492733.68,1441834.37,1534044.71,1557395.09,1658745.12,1469006.15,1491003.08,1434095.25,1574541.57,1497498.18
225006,846052.04,890710.8,917669.61,870704.17,870790.67,932057.75,796430.97,813293.26,934575.17,1027194.83,919459.41,897392.59,880119.27,934867.62,819425.37,889621.76,903584.07,907580.05,810389.69,930356.57,917569.76,890435.33,979395.41,809726.56
226005,353297.63,359095.19,351131.78,328527.9,354638.66,383135.17,316368.59,316003.97,368196.69,339457.98,316547.3,341522.9,333066.78,340704.65,308233.77,346113.24,322376.77,318964.7,337850.8,342185.81,341675.67,299726.83,312465.0,336568.96
227005,283573.56,297633.89,302085.25,280752.78,288296.82,295906.87,295436.72,298505.34,289850.92,298458.96,273076.99,296617.37,305566.21,301817.53,301914.85,312643.2,275393.17,311862.12,285987.95,314278.88,315194.39,293462.0,284317.1,312586.3
228005,601902.1,740656.87,707727.79,677956.56,743909.8,699322.44,683394.37,745483.79,708113.37,712763.92,696467.5,671389.25,662549.38,701773.46,743718.29,700933.85,793246.7,737908.24,735405.12,664283.41,734346.85,643589.94,741115.75,688440.06
229006,536081.85,524489.24,529108.28,562518.27,566194.06,547295.66,534045.42,589815.39,525001.62,573313.53,556119.32,546977.26,586579.8,495189.62,552062.77,532938.71,583262.62,548142.86,542703.11,580710.29,548411.61,529568.6,588844.39,522527.15
230005,281775.79,279981.81,261865.52,260902.51,280393.54,265614.37,277138.38,270343.37,268340.6,268215.21,277998.03,298647.66,278385.79,261787.66,263831.68,263159.11,263667.58,266494.5,247080.95,241226.04,270322.79,289582.08,276123.18,258128.22
