0,299210.03,280200.27,298242.69,300279.29,264827.05,261451.85,287049.0,254233.88,304240.36,289568.57,278031.26,281457.41,306051.33,309534.51,279832.91,306309.17,293867.95,297980.49,301565.88,314205.14,282784.52,307972.09,285752.1,283488.22
837,903475.25,871575.59,820125.14,865175.23,851564.88,884309.59,859297.43,904599.08,891103.1,873668.31,822647.49,804967.79,838462.44,802146.2,840454.56,851268.03,954391.1,933863.38,840839.85,908841.0,884823.47,856885.73,770234.66,852693.22
1838,967676.88,983500.14,847587.81,945259.55,973384.37,877260.88,960270.42,977040.8,891569.33,906418.15,906566.88,971841.76,863908.14,848598.17,982036.81,874483.43,973703.93,950119.59,951499.98,929579.21,870605.67,895790.55,890604.78,997264.1
2837,983310.07,922848.31,928954.98,976604.28,944300.79,991250.61,916931.83,852750.14,880318.56,935899.27,1016897.49,978808.96,1015876.21,986999.4,963470.07,922704.69,849376.97,951970.48,879891.12,863089.75,1040193.82,956610.48,953720.85,950000.77
3837,1056537.41,1188329.8,1144290.57,1243012.88,1199357.37,1112702.72,1239044.9,1127945.94,1077706.86,1176101.02,1125176.81,1143387.15,1165222.23,1249297.78,1198911.73,1153098.91,1258652.55,1174780.36,1137357.47,1292889.66,1193764.53,1250191.77,1231283.03,1077443.42
4838,1037305.81,1147147.18,895492.12,1095786.92,1181857.81,1170230.74,1067901.62,1159052.58,1146818.41,1047998.14,1094348.94,1095159.57,1038673.32,1038504.56,1106654.88,1046795.92,1091319.9,1140501.67,1190431.6,1120462.03,1231636.0,1040399.07,1003182.44,1133841.3
5838,927180.67,905365.55,947465.38,851336.7,826214.62,849530.7,929107.44,862043.57,831826.16,852772.14,838231.99,870760.37,838451.72,945771.52,901641.76,899618.18,913047.43,870513.99,834537.78,996106.78,870412.18,886507.22,901021.02,824299.09
6837,865963.41,869407.84,894061.22,825953.39,848022.8,793621.77,888412.8,797839.11,780226.17,820165.29,839008.95,783411.53,844031.49,830438.19,805048.74,779262.81,796783.49,847134.48,885003.13,839522.09,802173.51,836010.97,772012.34,863627.16
7838,921942.35,978914.7,801470.71,942664.98,874453.32,900414.01,924158.97,856265.42,940965.56,925186.11,822757.9,820499.31,900874.22,891709.45,859587.57,902211.03,959429.29,857769.15,815691.38,889564.56,1009930.96,860823.07,932760.21,852017.55
8838,1097028.59,1075408.31,1186546.76,1053891.87,1100247.25,1206205.6,1206812.51,1054463.38,1113757.59,1173520.27,1183008.05,1096886.92,1170671.26,1200730.92,1146903.05,1133446.82,1205137.07,1095433.05,1148615.4,1174875.59,1077169.53,1185235.06,1170285.44,1129890.89
9837,1594355.43,1518922.42,1324128.33,1372329.94,1469885.83,1529003.98,1418958.29,1475922.05,1429125.14,1578691.95,1499638.17,1434602.33,1464214.63,1399722.46,1517740.74,1403206.99,1473595.64,1549886.93,1664107.37,1455475.67,1436742.96,1461531.68,1456234.22,1535910.81
10838,1901507.83,1874434.84,1773573.63,1890424.58,1942816.07,1834511.25,1817190.57,1993819.79,1753356.03,1982299.42,1763985.52,1834870.13,1849471.99,1866922.38,1996212.17,1980917.89,1903979.25,1823870.1,1856965.81,1863974.38,1707610.94,2018240.47,1745365.37,1768079.56
11837,1996811.06,1829384.27,1863937.71,1984751.61,1800196.35,1796575.69,1898135.44,1827143.75,1831970.92,1811202.23,1837957.99,1847197.26,1942435.35,1837724.01,1937239.38,1860043.37,1857702.75,2045640.21,1855770.71,2020468.57,1844377.99,2025585.0,2155600.46,1856088.51
12837,1833217.68,1698797.53,1818821.07,1670445.65,1604721.09,1876738.94,1743091.98,1811113.64,1568311.4,1856603.18,1784002.08,1638756.36,1624416.1,1888418.92,1730668.0,1596082.62,1826452.27,1655765.07,1681186.01,1825279.76,1801870.58,1859393.7,1653988.73,1691059.72
13838,1100972.23,1110919.16,975496.22,1163800.0,1227109.31,1101225.69,1188220.14,1142616.7,1217477.88,1145517.57,1126575.74,1210084.7,1142187.23,1133325.29,1109845.82,1112442.76,1206046.47,1115068.12,1104874.56,1115661.44,1183610.82,1109266.25,1081673.46,1183557.42
14837,1649534.53,1628305.19,1437306.48,1608858.04,1644582.77,1440415.03,1636045.2,1633964.97,1661196.64,1569344.89,1671294.22,1442267.75,1545083.86,1559284.09,1581972.94,1605223.49,1568445.94,1646976.7,1647731.12,1802195.34,1637911.82,1641431.39,1606345.34,1641067.12
15837,1101679.05,1195303.46,1239612.81,1225145.11,1082383.62,1140655.12,1243379.75,1152714.98,1167741.09,1230536.08,1146434.9,1235567.37,1229386.63,1272688.9,1306893.91,1198330.2,1251257.56,1244181.27,1206425.01,1186373.59,1144958.07,1252855.73,1263838.38,1171857.47
16837,1029514.7,1023305.1,1085596.73,1039140.52,1054032.23,1051858.95,1161128.36,1067016.82,1070320.37,1049113.77,1058084.35,1119527.48,1081320.29,995966.39,1096646.31,992918.31,1168057.08,1124839.1,1095943.28,1128660.94,1136292.86,1066199.14,1058221.84,1094197.3
17837,1406481.17,1361095.68,1289120.09,1430279.97,1332889.75,1365205.9,1385184.76,1266525.11,1142167.28,1314042.58,1312423.68,1324325.2,1336619.22,1375771.28,1275354.7,1264471.93,1338115.94,1256769.68,1332526.8,1251924.51,1346928.69,1289628.32,1393569.52,1293910.85
18838,1254109.85,1269619.58,1208210.44,1229715.27,1180103.64,1275851.16,1189645.86,1043552.17,1232698.02,1190396.47,1244497.6,1147584.69,1189507.12,1162562.98,1264809.33,1310482.57,1075908.83,1130250.32,1232217.28,1202662.04,1215022.58,1144144.37,1076030.2,1270383.89
19838,995903.53,941169.64,1022443.54,988922.82,1005507.21,1064711.65,935110.55,1020850.57,986613.51,1070740.83,947362.77,1044384.57,986120.07,1057099.6,1128132.83,1071592.13,1021795.14,950786.68,1005814.59,999308.13,1038512.19,955944.61,1035177.01,1013406.6
20838,1018087.34,957577.08,977807.17,1043650.15,993325.99,1002057.26,980373.01,845925.49,970158.56,959899.45,983169.33,982035.48,916448.44,992953.38,903407.0,942220.39,953423.31,962860.24,1006295.12,1035395.88,1032832.04,1017555.3,1039760.78,1052796.35
21837,854867.09,808844.29,831619.03,767674.3,774972.13,862172.94,776433.03,788492.72,689210.03,763412.88,826226.09,748167.32,739630.25,751368.54,759862.08,760315.84,827952.06,747355.25,840143.66,843600.68,716387.68,715545.11,837103.99,833432.81
22837,680849.12,746005.47,759655.06,643381.08,711673.01,762083.47,754424.93,753205.25,712206.12,769464.41,750612.67,743586.05,641093.04,706078.02,736022.47,704237.88,674105.95,743692.6,688969.01,757536.45,763054.42,707904.05,780980.24,796511.84
23837,807141.01,874210.21,970058.1,949694.74,873554.72,863911.59,989059.67,971015.99,889872.8,819333.62,960798.21,882455.34,917423.52,917461.91,922993.37,914775.18,887997.87,912158.39,947873.73,956931.54,1025944.08,921132.61,943276.48,919956.11
24838,967442.32,840326.6,832434.89,811180.92,916176.33,844493.86,798740.5,901688.01,850209.6,880300.53,911303.3,932449.02,918022.11,852476.98,860748.27,907201.08,987076.86,857030.14,846330.61,833239.3,832721.21,898005.03,860287.78,922501.27
25838,7037.84,6443.49,5695.22,6641.78,6544.51,6813.12,6386.74,6540.69,6133.48,6281.43,6481.04,7008.65,5893.0,6478.52,6670.58,6851.91,5756.24,6583.94,6100.5,5904.63,6976.76,6850.48,5973.02,5856.67
26837,0.0,0.0,0.0,0.0,0.0,0.0,0.0,0.0,0.0,0.0,0.0,0.0,0.0,0.0,0.0,0.0,0.0,0.0,0.0,0.0,0.0,0.0,0.0,0.0
27838,1645719.24,1511765.86,1560439.96,1725412.06,1538384.67,1543783.6,1531982.52,1620323.63,1507772.47,1690508.05,1709378.8,1622960.72,1678523.25,1542591.88,1569586.29,1628511.39,1514123.61,1475570.3,1446944.25,1694214.51,1682778.43,1423842.41,1515174.03,1546759.59
28837,1353009.05,1267363.79,1345877.21,1257090.42,1267520.85,1317446.38,1295028.74,1345729.37,1323272.98,1326766.57,1203197.4,1454398.92,1213552.02,1400699.92,1327113.2,1230892.77,1329713.77,1401833.47,1215481.03,1467762.34,1213081.65,1362550.04,1206515.81,1257820.36
29838,1023331.01,1115461.55,1072615.46,1028889.6,1038159.83,1090051.23,906721.95,927250.93,1020658.28,1117286.28,954116.52,1095016.31,1054878.85,1040752.37,1040124.49,1174131.01,1088866.16,1001905.39,1008719.14,1010989.81,1044634.25,1092623.68,1057397.35,993676.98
30837,819120.92,862943.53,790402.65,864766.9,829848.64,872320.67,818496.78,863563.64,918224.33,909265.81,844701.03,857479.97,847900.85,865642.7,779546.15,788991.12,871869.15,857984.92,917040.28,900547.85,866714.53,881198.9,814655.41,960195.04
31837,1020728.78,1067449.86,1109445.13,1085828.55,1013229.11,1029076.94,1128688.47,1026265.36,1107971.89,1085767.67,1049620.01,1055130.72,1012717.75,1065533.95,1038424.02,1048002.92,1083232.88,1041824.13,1047790.31,929633.69,1032052.11,1034444.22,1055241.13,1025489.82
32837,967554.0,1073222.6,1024417.54,1001849.41,930758.92,1039540.18,1011614.6,994757.96,1051377.32,1021654.27,982227.54,1011158.63,1007366.34,994845.38,1051537.35,1000990.64,1059231.86,965038.32,1066160.19,937723.65,964867.65,1027765.14,1037175.25,1024304.83
33837,936805.19,902495.44,868841.49,955360.46,892732.57,892089.75,895280.49,842886.51,883750.86,830896.29,868287.61,970459.38,837639.65,931382.6,825973.79,912750.68,881113.87,924802.15,834235.4,862049.41,867300.38,866030.77,774294.78,839811.06
34837,1033139.51,1066858.62,1028727.2,1041982.03,984086.33,1070862.5,1048333.1,1012915.69,1029766.67,1112913.34,1127293.19,995381.89,1033014.27,882565.38,1024262.23,1056746.76,1099713.67,1097627.3,1051161.89,1010360.71,1027101.13,1051780.6,1045939.86,1021468.15
35837,930771.36,984485.34,951403.08,1109946.51,1027550.79,997839.26,1114464.56,959418.51,944953.32,1030394.43,990762.12,1001192.86,1005458.52,970402.69,938074.42,1045318.3,1005473.73,1027948.88,1047423.5,979588.32,1000268.55,1031740.67,1011061.9,908141.44
36838,986744.97,844817.91,919217.1,916718.96,889565.41,968527.01,922250.28,838552.65,1007191.76,839980.03,948722.25,909729.13,963738.57,923603.69,957684.58,909793.34,862134.58,968433.55,910196.0,928053.88,952703.82,926878.11,929571.06,970337.67
37837,762624.31,765483.06,783975.08,765899.77,807965.52,795693.76,783949.47,771012.67,838214.72,833177.24,715158.55,771733.49,783080.52,760738.57,803969.65,799760.26,757921.72,766791.72,777961.22,790340.69,729641.86,787680.23,796987.65,696973.69
38837,615259.51,606010.25,642800.33,691403.76,683467.66,623609.6,635273.37,656931.12,651029.88,633241.93,615595.99,600471.51,610542.9,576380.03,670343.04,618342.76,647066.54,648510.87,630084.89,693512.85,619952.23,631166.65,646762.27,649072.56
39837,249407.51,214129.45,219234.25,232401.58,234142.18,221571.66,226027.84,240698.52,243017.12,239413.84,236474.04,223152.5,252397.48,232946.03,235386.44,234841.76,231967.61,218102.31,228058.28,207983.97,227946.89,235842.1,217995.74,224551.74
40838,279016.65,275454.53,274027.61,314604.72,273334.03,276045.94,250939.17,264418.49,259869.6,284107.01,283568.3,290452.61,273009.3,260188.39,307393.8,254694.13,275864.26,249549.62,285638.55,261180.94,268638.37,294945.17,266039.52,288762.7
41837,608257.95,659328.12,607188.17,594174.84,623074.55,574288.76,603958.45,601972.03,585220.97,567493.01,636590.12,569239.82,615485.81,546215.09,596267.13,588083.02,602407.72,556696.43,611631.97,622765.26,598595.97,588291.36,579231.7,639965.56
42837,566793.42,583139.83,612543.28,602929.09,555776.44,565001.39,581281.36,572227.83,606890.92,579434.16,590063.81,606016.62,546882.13,585374.81,588564.9,571781.77,545319.58,560686.86,571946.66,593745.07,606896.22,552438.78,555627.81,552315.79
43837,478925.19,478326.34,494529.89,524257.86,491826.42,475014.29,454814.26,450746.75,476909.84,493807.71,507425.81,507646.27,522272.44,481268.77,459689.91,460030.02,524081.6,468603.14,486051.1,478754.37,473966.8,475871.94,500626.95,476311.05
44837,645362.74,669621.1,718296.01,719585.21,690556.66,631385.97,683392.07,688879.17,756554.3,688088.16,695639.33,637077.47,709910.88,668364.35,631792.77,681856.2,694336.92,706965.8,658821.5,704483.04,696787.29,675712.89,646390.12,654750.72
45837,581086.44,584976.48,658963.69,585151.53,594654.91,572950.46,558769.49,567888.23,597508.07,609138.46,624180.59,539917.57,610155.81,573635.62,540924.86,561508.24,621977.45,556366.57,555535.02,602002.36,584908.04,578494.24,583051.33,590889.63
46837,606687.91,554424.91,562522.9,600443.32,560357.24,591071.26,540051.67,537409.88,593925.08,559685.16,593374.26,580388.42,623627.79,552044.44,635700.9,592589.45,603468.83,576668.48,557074.12,546958.05,600199.88,607649.67,539889.15,556840.29
47837,803619.13,727729.77,800434.31,657837.51,758335.36,802243.91,775143.9,832353.58,741983.95,772057.97,724042.22,688329.01,798743.38,742279.39,776986.73,820191.84,783536.09,779372.35,743040.77,822940.1,756812.03,750476.46,767576.25,780989.48
48837,822991.76,840313.36,802802.0,792413.57,690289.77,756264.53,779075.49,855006.45,754503.61,740517.48,778280.85,758826.97,872947.76,765695.08,817489.82,759169.25,770658.18,830350.57,790479.6,785447.5,781833.9,847440.52,792003.46,749376.39
49837,1014389.53,907264.14,1033136.06,966889.1,931697.08,930121.79,976258.3,866645.22,910812.31,960496.87,951060.51,974974.13,846740.24,940236.17,1035776.7,1016279.39,928194.63,926969.74,967545.92,946795.2,920547.26,967455.23,1014215.39,963789.51
50838,931648.65,901139.25,1075422.46,1078091.52,921855.49,964734.6,1027118.18,960952.92,990517.46,1006963.38,1057507.57,1003353.96,960107.19,1090510.07,1015241.53,973463.15,1052894.39,1024222.35,1014058.88,995326.45,1046918.73,979339.08,1116354.68,917924.68
51837,1010836.49,965020.01,1051380.2,1019115.39,1024940.18,955096.17,927986.52,998491.48,960614.99,1074004.25,1024288.55,984831.81,966967.46,990247.7,962364.04,1084056.06,1015802.68,982733.26,1016741.73,1058230.54,995518.22,1003051.39,996938.32,976073.25
52837,1005969.52,1072590.35,1048155.74,1125618.8,986525.14,999174.86,984835.96,1078991.45,1148636.02,1155277.47,1095161.02,1136365.45,943225.98,1075674.19,1033544.81,1040809.73,1041917.12,1011635.74,1061688.9,1138444.99,1090769.5,1020108.26,1096243.47,987970.12
53837,1037702.89,1138985.19,1058365.38,1109560.67,1085757.69,1040253.93,981633.29,1150062.12,953991.02,1051114.17,1119409.41,1024593.76,1048063.4,1004487.14,1060378.01,1086707.86,1065632.36,1076176.13,1074853.85,1155907.84,1022261.41,1064520.48,1030990.01,1085278.11
54837,1187594.67,1145173.24,1180477.99,1225874.39,1192884.26,1222365.07,1178830.03,1188462.28,1240598.15,1123233.96,1112257.78,1075352.39,1121850.29,1224517.41,1098788.1,1248683.91,1050046.91,1154752.67,1193658.29,1193176.72,1138969.35,1143615.42,1212255.55,1253252.56
55837,940660.41,960987.51,840801.76,888197.41,937359.36,978252.06,910801.89,898554.01,901045.5,860365.85,1020090.02,910071.71,952724.84,841124.71,942199.94,889669.17,915979.43,888250.52,911093.67,934812.98,924162.02,905300.6,922325.15,948654.9
56838,942592.65,897637.76,959895.39,885924.43,975030.35,928383.37,967355.49,898241.63,918724.25,874771.35,989620.85,955094.75,918744.47,961440.36,868704.84,988392.36,942129.18,941218.5,970061.54,873084.42,842253.63,932903.47,892441.38,871622.13
57837,803821.56,749634.78,817505.63,820200.66,817901.61,706045.2,759944.32,828689.49,813876.87,748268.32,889611.93,782872.03,907766.89,848091.32,742685.3,812711.51,853322.47,765413.91,788008.12,856673.69,772221.25,784091.69,742358.84,738121.35
58837,459521.27,488911.86,448938.25,458949.79,556086.57,508256.51,439646.87,450293.58,491052.33,480210.41,466303.86,512824.04,480121.27,497092.54,443478.1,455304.24,507093.65,504779.03,508698.45,486373.12,507086.91,434377.37,518548.17,457890.49
59837,964503.69,981353.08,1007059.56,935440.91,928749.84,918965.73,848194.7,918379.44,929651.29,884223.07,965536.16,870473.43,857262.36,754687.96,919864.73,905849.23,911073.9,901424.03,915092.0,990450.3,879668.61,980424.69,948909.39,952967.62
60837,558070.7,532212.38,522846.1,580897.25,564861.24,533484.45,527431.08,518436.58,540822.24,548453.62,574862.08,558415.85,536295.77,590845.91,554924.28,530186.74,533467.19,604910.58,553479.25,558086.38,574432.42,568087.95,514541.15,622515.57
61837,861627.3,769501.53,816027.68,839622.24,865982.86,880930.5,773308.51,800272.93,863875.45,795008.82,761042.25,831565.68,724420.59,808191.57,826211.42,746949.08,820551.72,774133.56,805699.4,798903.91,778279.3,836498.1,841475.83,846575.12
62837,2482294.16,2343464.24,2495925.01,2509006.92,2430885.34,2486439.25,2503864.44,2364590.24,2355948.65,2305603.6,2448159.52,2304758.75,2535975.94,2416700.6,2450281.48,2523831.75,2359606.54,2561684.17,2357672.33,2418106.11,2508300.93,2240768.87,2263293.12,2501955.71
63837,1647992.19,1851096.77,1664245.26,1802823.47,1772792.22,1568812.38,1822879.33,1698257.47,1707482.51,1846273.16,1600666.09,1587356.8,1788498.77,1835251.94,1700792.77,1662756.67,1671988.39,1875514.72,1735944.54,1767872.71,1832965.83,1681818.9,1715607.64,1713684.92
64837,868974.75,970353.93,1003610.84,1020157.49,923035.83,939627.57,954153.99,1043861.47,970332.25,994532.91,924860.21,944232.39,1065582.45,931669.66,1005553.27,1006851.79,1022688.56,986612.68,924841.55,992442.87,993148.41,929252.75,953007.76,992295.32
65838,1373198.04,1408161.28,1483481.67,1558953.95,1332264.75,1290598.13,1547074.3,1471998.79,1263432.58,1315979.92,1527907.93,1442474.19,1309052.35,1485626.75,1388155.07,1446420.7,1545757.88,1404792.7,1461196.96,1437216.72,1392197.73,1477834.02,1441710.07,1330412.61
66838,1806733.83,1993918.14,1930801.05,2041146.24,1997421.3,1912072.15,1930594.71,2024060.65,2065914.48,2122242.77,1899211.37,2093620.66,1907749.46,2250813.03,1974085.63,1874959.87,2047631.63,1865565.63,1880493.24,1988643.46,2033983.09,1952809.07,2064055.76,2118916.43
67837,2476433.75,2608111.62,2502684.22,2404531.99,2422539.44,2492850.26,2468185.93,2635296.94,2457733.39,2402692.92,2513167.48,2335672.02,2494573.58,2595712.01,2277022.41,2337656.47,2423948.6,2199691.35,2595931.36,2480706.61,2394399.4,2380998.78,2405759.17,2407952.86
68837,2047395.5,2173025.3,2003151.65,2119878.18,2204072.94,2158746.16,2167596.16,2275808.91,2109708.6,2205524.73,2143810.78,2288602.47,2224187.14,2294857.07,2258853.95,2177125.04,2045275.29,2268054.52,2397829.41,2232308.24,2039460.81,2168459.93,2071149.1,2306142.29
69837,571523.19,616292.44,551605.73,595223.15,632397.78,580486.31,591526.95,562638.45,605929.32,607133.48,534033.03,566996.54,592150.71,554389.79,518972.1,561553.61,584582.34,574491.92,622943.12,592104.85,560106.93,601778.38,587186.03,546377.99
70837,1371081.95,1340647.85,1333623.53,1332269.3,1339774.53,1337101.3,1392990.88,1400394.0,1429207.8,1336642.59,1432163.09,1426889.21,1422358.27,1375635.89,1288561.46,1305303.91,1451256.7,1330241.83,1527894.25,1322345.43,1398071.88,1365501.06,1407484.58,1333525.59
71837,2331991.75,2229249.27,2291659.56,2303035.4,2340811.93,2196414.97,2492219.65,2142430.01,2371872.34,2289244.74,2253736.38,2209712.29,2303889.04,2205348.97,2089552.1,2256378.4,2298671.01,2335847.93,2279371.16,2238117.36,2198890.27,2102267.83,2283752.51,2243611.68
72837,2206899.48,2499887.06,2649966.21,2536063.74,2464482.24,2702776.42,2553421.51,2346679.88,2494584.18,2620865.7,2560773.0,2564443.08,2328150.66,2540273.6,2665744.72,2467581.41,2586371.78,2439745.02,2385806.75,2309490.87,2252791.3,2512606.99,2411581.37,2635542.11
73837,2511817.27,2458290.51,2429419.07,2625824.73,2550916.12,2516438.04,2469222.25,2268131.28,2559581.38,2427806.54,2597119.3,2669201.85,2410257.81,2664678.86,2365958.43,2504050.34,2456549.66,2521548.98,2595633.46,2529024.34,2624490.79,2661443.78,2246496.11,2351343.06
74837,1615373.47,1851660.64,1437018.8,1700326.22,1562032.31,1762466.29,1717944.32,1776643.94,1730056.53,1666549.65,1751616.42,1559056.65,1769963.94,1640437.76,1644287.2,1565255.77,1796924.59,1651206.23,1677307.55,1620844.56,1750426.67,1727705.89,1650867.08,1566716.91
75837,1591664.72,1687449.81,1656690.28,1714504.93,1621060.18,1691987.7,1691136.7,1615805.77,1575169.39,1722023.52,1561942.16,1555410.87,1721745.85,1685523.41,1711151.86,1689114.02,1534394.61,1618265.29,1523118.79,1775706.59,1718089.19,1592021.36,1649135.53,1688811.91
76838,2425458.98,2510962.6,2255550.09,2323704.61,2297989.87,2263523.26,2332434.46,2374573.01,2340766.17,2417663.07,2518123.27,2299501.94,2395018.12,2321102.04,2621076.73,2302293.17,2283972.22,2430394.16,2151204.97,2325863.4,2490492.42,2517917.72,2429239.28,2394662.18
77837,2192163.38,2118810.35,2320068.01,2306256.84,2412610.16,2380595.5,2414833.7,2255270.98,2636219.72,2125213.42,2168862.13,2327443.89,2242146.41,2377014.27,2434285.71,2479682.08,2430893.03,2356068.53,2367299.83,2448739.71,2259488.05,2463445.66,2482645.89,2500977.01
78837,2623568.79,2680863.65,2600495.05,2541989.59,2643477.5,2605560.72,2629393.97,2582901.26,2686815.91,2609740.74,2759205.52,2757099.29,2728212.7,2826230.13,2552130.6,2709572.44,2364226.92,2458816.36,2734654.44,2617317.88,2695104.46,2556714.66,2585265.71,2616548.75
79837,1584572.84,1617306.08,1626920.8,1575258.33,1616389.2,1662983.24,1569896.86,1678231.48,1537262.99,1592135.21,1615116.67,1594145.39,1661461.33,1546845.88,1623080.6,1546798.3,1541598.63,1588103.99,1708818.45,1523499.37,1597419.35,1506453.98,1570022.46,1493694.1
80837,1467428.53,1397735.13,1428425.01,1432966.74,1314201.17,1344137.44,1350927.27,1341655.01,1360475.38,1316928.34,1190811.47,1436703.04,1341912.59,1405412.97,1348971.15,1244286.1,1441747.39,1309207.02,1493710.78,1531009.82,1398134.67,1366792.29,1385327.02,1328420.31
81837,2542847.76,2211889.95,2384169.98,2378884.18,2551833.98,2503165.05,2407611.4,2377429.88,2415570.12,2535860.19,2390127.03,2520927.43,2397566.32,2427494.69,2484595.49,2427939.95,2504443.52,2373735.88,2578605.86,2289277.16,2657601.61,2256620.6,2434334.81,2357388.86
82838,2361690.7,2434428.75,2773863.39,2320341.53,2352611.39,2504043.92,2351320.18,2544672.78,2400090.91,2541999.43,2314277.68,2051384.92,2457526.97,2539612.68,2411658.49,2349064.63,2615988.44,2490952.76,2561013.3,2346809.02,2337214.11,2205800.51,2427795.93,2421514.69
83837,2356736.85,2426773.37,2473276.11,2470474.63,2357849.61,2448751.91,2343645.96,2401374.32,2323185.24,2240255.61,2587763.22,2522178.38,2246042.57,2621272.67,2627870.48,2209766.93,2460667.54,2263294.07,2353114.79,2345242.67,2630561.76,2529619.58,2511445.99,2398037.33
84837,1647380.88,1471038.99,1529306.23,1573614.81,1573874.54,1436195.67,1552363.71,1488753.36,1496063.77,1613379.46,1637642.43,1497597.19,1638144.13,1553263.46,1693012.05,1539586.37,1536871.76,1515249.81,1583996.94,1472378.91,1602072.71,1489819.74,1507461.58,1440704.5
85837,1180572.57,1246926.58,1306029.13,1236091.03,1245312.52,1221573.95,1306381.38,1215218.89,1319877.75,1217832.45,1269449.22,1145529.33,1417413.58,1255935.27,1214651.87,1193206.73,1247352.64,1207535.45,1344646.75,1194103.44,1275036.46,1178452.88,1275334.24,1312621.27
86837,2636228.39,2440802.94,2154048.08,2392883.47,2291328.46,2226914.97,2559115.6,2392629.33,2122763.19,2442056.85,2438130.54,2502961.81,2518204.62,2597828.18,2482421.35,2390621.65,2260973.86,2424284.46,2429081.43,2176495.03,2199003.52,2359538.44,2184617.69,2574067.16
87837,2455473.85,2465534.87,2510888.53,2368618.77,2355619.62,2533652.73,2343926.2,2475792.72,2417463.92,2373715.49,2594531.07,2462462.8,2273656.62,2362684.72,2395870.25,2454835.83,2245012.94,2411268.47,2394466.65,2374273.03,2404287.85,2479677.4,2755412.38,2457815.92
88837,1790830.46,1765618.85,1689118.84,1799489.36,1688831.37,1672379.2,1569919.73,1670707.39,1808011.48,1728888.11,1671269.03,1613812.92,1675561.18,1664452.86,1667893.24,1766513.24,1731644.3,1660691.31,1560359.84,1770223.1,1758851.59,1639526.0,1842218.97,1594879.3
89837,1055357.58,1105567.36,1272324.27,1309742.88,1253883.55,1250133.2,1332118.46,1075806.24,1234981.42,1163280.04,1115330.33,1147260.86,1135075.33,1113903.97,1121401.8,1188147.61,1242279.05,1092026.02,1150823.95,1241104.3,1282298.61,1241773.25,1223039.46,1164726.36
90837,1503926.84,1567220.48,1463259.29,1725977.62,1663648.91,1703744.23,1589874.48,1765285.64,1716006.7,1726418.85,1569840.88,1602855.58,1601939.07,1626157.36,1493338.56,1636526.59,1718760.07,1637973.97,1533893.75,1759089.39,1666259.62,1609176.47,1730957.06,1655027.88
91837,1686882.5,1656180.08,1923861.56,1957854.12,1819720.52,1822681.01,1897404.58,1799220.02,1868617.42,1842687.17,1910822.63,1847973.52,1770143.4,1954786.97,1931931.14,1714797.15,1791561.53,1738703.23,1819635.24,1917181.01,1822119.62,1873336.55,1664760.27,1843040.84
92837,1563471.21,1591162.05,1752501.37,1621077.6,1692520.46,1698404.2,1712966.31,1724898.53,1641066.96,1627927.57,1649355.06,1551835.02,1489665.72,1891971.61,1634734.87,1556845.64,1761627.08,1562191.94,1665656.22,1667649.29,1762372.7,1605572.14,1768444.27,1763653.44
93837,1594733.97,1640381.66,1601077.4,1582657.63,1593556.97,1615272.61,1651948.01,1761381.17,1686624.69,1585721.67,1712918.25,1582943.75,1739241.91,1630130.69,1794199.85,1566515.46,1613453.9,1651476.35,1763582.57,1677418.47,1615804.55,1713948.76,1412425.56,1637849.84
94837,1315359.78,1301872.34,1243837.95,1332275.37,1355863.41,1325760.46,1245575.59,1305241.31,1338223.25,1283529.46,1228104.69,1252181.16,1227492.23,1243231.33,1422120.2,1141396.94,1334858.84,1397061.6,1220609.6,1353076.11,1206044.1,1221957.12,1265979.98,1194450.02
95837,1552272.25,1715913.8,1910847.76,1632946.2,1673518.21,1611642.78,1756133.88,1744525.51,1635548.8,1862088.9,1658340.68,1679895.97,1667296.55,1695197.39,1880166.78,1704717.78,1666150.04,1702241.75,1733334.8,1818787.64,1838052.65,1756638.07,1813985.73,1819440.71
96837,1893008.65,1987274.4,1921938.16,2039724.16,1933353.39,1885168.57,1789700.89,2067410.71,2065931.47,1775267.76,1785937.69,1773397.31,1813268.36,1949205.4,1985446.82,1899165.38,1868592.02,1890189.13,1954302.98,1904445.82,2055954.31,1858452.97,2056224.35,1970746.68
97837,2148132.96,2362130.27,2327503.88,2107270.3,2183335.22,2250508.51,2313073.69,2338254.78,2522177.97,2211514.94,2441331.07,2123226.31,2320161.06,2271670.38,2099718.59,2235830.5,2275664.72,2163390.08,2438351.39,2269942.12,2283888.66,2302773.69,2284730.67,2501312.2
98837,2272154.06,2383152.94,2266808.54,2465152.47,2370631.26,2380069.43,2215428.55,2229575.28,2282142.34,2144863.42,2124995.78,2190260.79,2347451.91,2484216.35,2319735.39,2225452.35,2320367.63,2222331.95,2374379.02,2327282.52,2350638.65,2140995.61,2402139.6,2152430.22
99837,1706731.81,1692569.53,1724619.19,1725815.77,1747254.9,1801988.15,1790922.61,1797122.84,1745027.98,1651493.92,1729334.49,1654063.11,1878855.85,1830287.18,1794953.92,1653955.39,1591749.2,1712031.92,1741676.23,1784705.12,1641899.09,1496393.85,1754002.68,1919951.13
100838,1444139.02,1412769.03,1446502.52,1517107.1,1563942.1,1386741.87,1388221.85,1366920.78,1489700.78,1419555.11,1272915.73,1469827.89,1523607.3,1267761.51,1404443.41,1273177.2,1294363.31,1473078.45,1332948.84,1281394.28,1418739.56,1486644.16,1358548.43,1374835.38
101837,1934546.15,1927448.9,1966907.5,1876834.03,1945824.79,2060790.9,2069954.03,2123343.95,2026884.34,2225425.21,1975047.17,1806682.51,1926857.12,2161996.89,1997026.96,2095963.02,2061745.48,2174222.97,2041464.28,1874267.82,1911872.28,2026166.38,2065893.55,1967106.18
102837,2546337.02,2831054.38,2391323.95,2752778.93,2493934.62,2650648.97,2548975.34,2705907.09,2439395.52,2383744.51,2704827.52,2467635.7,2477207.0,2657863.2,2583345.98,2539470.31,2613192.05,2559124.56,2561468.76,2474554.25,2548117.15,2603605.6,2344702.38,2401416.41
103837,2250691.73,2525963.94,2223343.63,2493852.91,2287762.4,2367957.79,2420235.3,2465448.67,2341930.96,2315150.8,2404727.81,2593064.2,2338307.99,2474617.67,2432183.21,2397562.25,2359307.03,2334613.77,2622753.15,2530666.64,2443686.1,2387697.41,2317022.45,2159847.53
104838,1745426.07,1725466.87,1836502.72,1921502.02,1878325.71,1753388.35,2009968.04,1961903.97,1876316.45,1684846.67,1847855.94,1873554.59,1961972.4,1949530.87,1806891.84,1995084.09,1705586.3,1774468.09,1634684.07,1923147.28,2035601.91,1940714.24,1875330.52,1872330.62
105837,1290361.25,1274052.46,1238964.45,1147295.93,1047732.77,1276744.73,1230319.81,1148496.5,1229426.44,1283841.27,1285038.71,1194495.04,1413979.65,1240758.98,1179135.82,1291409.77,1277758.12,1267219.26,1256577.02,1309852.26,1243466.28,1272840.61,1338255.84,1250787.08
106838,2224426.48,2169903.95,2287738.51,2190746.43,2121834.36,2303645.11,2391522.18,2142942.02,2100224.69,2153010.87,2325218.06,2175786.09,2244449.14,2027062.9,2175160.1,2086919.38,2121785.55,1986821.7,2244887.74,2362746.58,2334245.14,2251745.77,2249839.12,2131170.54
107837,2397886.45,2323137.23,2341514.36,2366582.11,2579909.52,2289551.25,2326307.05,2291769.46,2504265.03,2486564.46,2671368.33,2251186.01,2331361.34,2599388.3,2287027.6,2141778.48,2167087.81,2281846.28,2274755.13,2205668.42,2284510.99,2463974.78,2246363.88,2380649.01
108838,2300225.72,2387538.81,2372923.66,2371519.29,2415358.76,2378170.68,2362453.69,2303192.76,2409478.88,2374109.99,2443569.29,2297937.46,2241798.08,2225233.37,2268717.72,2309879.9,2339815.67,2471763.37,2466478.27,2447971.83,2276075.15,2564469.95,2294284.27,2411384.59
109837,1990291.76,1776824.64,2121490.19,2097719.92,1676214.14,1963762.42,1970336.61,1815588.68,1993766.67,2011715.16,2075267.96,1947541.1,1937354.69,1976384.42,1942482.48,2081310.68,2010081.41,2085416.45,2045110.16,1928803.43,2216330.12,1818518.98,1900813.09,1785325.41
110837,1410407.24,1483245.27,1430984.84,1398199.46,1536346.23,1356100.04,1579448.42,1352570.44,1484308.77,1483427.89,1539420.88,1614169.09,1404101.35,1444876.15,1423281.01,1500694.34,1571773.53,1560552.34,1425618.68,1460554.54,1580874.79,1518805.14,1595995.42,1489858.85
111837,2338465.24,2405779.92,2101913.33,2308148.06,2305999.96,2096381.16,2246023.83,2211607.41,2259412.76,2346950.18,2171561.86,1978938.28,2167002.0,2332570.77,2183364.23,2267061.44,2079043.04,2119349.61,2067233.81,2248522.34,2086909.84,2173968.28,2146429.29,2053145.86
112837,2333768.46,2403749.33,2359476.39,2361497.88,2469134.25,2353835.32,2281873.38,2259205.05,2121783.1,2447191.28,2613484.74,2382970.5,1985885.6,2246720.64,2280508.94,2316234.98,2330903.32,2686075.68,2559794.86,2521441.22,2482211.09,2284666.78,2337462.7,2321435.03
113838,2433676.47,2602093.08,2464417.16,2666307.88,2608550.43,2530954.58,2329856.77,2602116.26,2410826.7,2418952.59,2294307.44,2613938.12,2211116.48,2412845.94,2696704.74,2421397.5,2492306.6,2428049.25,2526403.16,2746475.01,2418798.66,2539779.57,2342730.55,2354668.53
114838,1936084.33,1726623.14,1825238.85,1905974.92,1844504.15,1669323.96,1686893.98,1681622.68,1636308.86,1707834.92,1846026.11,1802285.24,1666582.98,1636701.05,1722423.97,1828812.53,1733689.42,1687120.17,1824124.1,1767972.78,1720918.48,1544122.07,1650104.36,1763529.64
115837,1384432.33,1486628.1,1336230.43,1405937.06,1317996.67,1343099.52,1358683.87,1362896.47,1365850.74,1413813.1,1407652.66,1345432.5,1382711.39,1361284.56,1340254.77,1395129.58,1408227.61,1461833.76,1388638.26,1480768.83,1360963.36,1490046.38,1384164.69,1369590.34
116837,2396043.17,2265792.77,2233130.14,2166019.24,1925886.76,2044295.33,2131380.01,2122495.12,2017780.86,2197747.34,2039795.7,2276888.69,1921258.35,2090219.38,2291715.37,2170941.76,2242575.99,2152500.78,2112430.66,2283723.76,2057317.12,2363330.52,2290199.87,2023514.45
117837,2283130.45,2312091.57,2349906.36,2108110.15,2314268.26,2147771.01,2052049.3,2202811.14,2306436.81,2213728.81,2138397.0,2211875.26,2341089.98,2172109.47,2369028.41,2244555.04,2018281.83,2129056.58,2215318.73,2214425.57,2146812.79,2396913.67,2108557.17,2298980.2
118837,2385192.67,2508829.31,2514668.72,2345924.02,2270711.47,2430548.05,2249237.63,2421777.48,2369746.93,2284906.64,2320025.98,2627379.18,2474334.82,2435181.91,2449188.79,2386971.65,2508579.2,2214814.49,2498916.19,2392054.37,2372834.05,2552467.95,2454778.6,2294810.27
119838,2137425.22,1980201.73,2033465.91,2084027.73,2038629.92,2142926.65,2116951.64,1924556.93,1937453.64,1953967.56,1911990.26,2012933.01,1940517.42,2149125.77,2008244.47,2027681.78,2047682.08,2048512.96,2047713.98,2174543.37,1938606.96,2052860.48,2206262.03,2008889.43
120837,1250796.49,1152851.7,1115919.01,1192078.69,1170789.89,1221480.8,1138592.29,1217754.7,1275663.51,1178373.81,1133075.03,1124840.74,1186539.27,1264546.07,1169403.28,1081065.19,1239025.25,1173739.7,1189873.18,1190846.82,1165113.79,1157278.17,1126478.76,1142918.92
121837,1797322.27,1923554.02,1815975.6,1824492.21,1958334.23,1953317.04,1920012.21,1902104.35,1720119.2,1636045.75,1758558.05,1921036.73,1908386.4,1774691.89,1805986.48,1855453.82,1800349.84,1945931.43,1896352.93,1866010.53,1852754.61,1885946.86,1846837.35,1566249.87
122837,2309710.02,2513589.71,2646705.54,2430631.27,2227222.01,2435465.28,2527947.9,2304201.56,2573091.36,2411016.68,2484014.87,2607444.26,2295688.91,2653717.8,2449346.4,2490828.92,2325951.34,2501285.16,2641108.55,2455668.59,2288329.93,2540061.1,2171246.28,2309487.42
123837,2079329.84,2269184.08,2158933.49,2419121.67,2191847.36,2489319.5,2318507.8,2315989.85,2240904.36,2298134.44,2091991.2,2554089.97,2197225.02,2335905.41,2426536.23,2294789.81,2406748.09,2381383.02,2590243.51,2131363.97,2190602.46,2235387.61,2376053.81,2411042.18
124837,1468456.1,1419918.22,1569825.28,1373299.04,1324912.17,1389095.42,1474796.56,1458256.36,1523635.87,1478879.63,1439831.92,1603547.78,1506498.19,1419969.57,1390479.14,1465882.08,1396222.82,1337373.7,1307478.56,1442000.34,1328679.52,1428911.68,1430416.33,1468773.27
125837,926875.29,919295.59,910899.28,1021366.27,905985.35,924631.77,1028806.62,950781.01,970491.92,975916.09,903102.5,977971.27,946667.26,908307.17,951205.08,987483.66,909332.64,932569.06,972743.94,1024151.02,969132.85,942839.67,948686.43,959008.31
126838,1574482.21,1722422.91,1762411.19,1742560.93,1756117.29,1730230.21,1836979.2,1792130.73,1733526.98,1772287.31,1672310.14,1678411.29,1817718.62,1933258.99,1591537.8,1787166.0,1718916.94,1690811.12,1597532.51,1781670.02,1456473.58,1680875.32,1717375.03,1640794.14
127837,2091044.24,2210747.44,2128470.85,1967513.48,1897724.21,1927007.53,2187034.92,1943916.35,2014833.97,2013093.22,1949234.67,1931221.27,2044280.53,2040725.77,2096482.85,2031768.35,2089172.17,2016000.59,1918755.65,2034412.71,1863875.75,1992835.14,2045422.22,2078619.17
128837,2123965.42,2155627.39,1881212.01,2073418.41,1970132.07,2033936.42,1970233.71,1892835.86,1905265.22,2150134.81,2030028.93,1910825.65,1974312.77,2048850.27,2026132.32,2154400.39,1887728.5,1948448.12,2048728.98,2045401.61,2140948.06,1916095.37,1877433.82,2009364.24
129837,1683031.09,1609906.85,1491840.15,1517375.33,1609400.58,1565622.72,1730417.58,1696000.86,1608368.6,1554622.28,1615211.65,1554092.8,1624617.42,1619395.85,1589785.98,1565279.4,1597911.01,1583045.39,1596397.23,1671757.97,1623648.01,1666063.57,1754097.2,1636660.49
130837,824002.39,951379.4,882881.48,956644.37,954903.69,956461.29,926106.09,972510.2,935386.72,927564.16,851195.42,913764.51,892328.66,968249.31,958452.49,923010.18,935606.23,915050.58,909789.6,903708.41,943609.51,962966.39,941855.2,980762.44
131838,1515324.24,1554903.55,1502458.19,1518965.47,1535361.33,1376902.93,1486108.62,1400892.28,1517553.36,1647552.94,1348919.51,1444178.15,1351274.48,1434092.17,1396827.93,1579594.87,1496173.91,1417912.92,1543372.0,1367497.28,1527878.94,1485354.9,1290471.96,1503691.26
132837,2316402.34,2281176.62,2471724.14,2568808.85,2437091.1,2571551.98,2606941.38,2417798.09,2437883.0,2488742.54,2576034.68,2476981.33,2511313.36,2571153.31,2666749.34,2524124.71,2520794.58,2376214.7,2267224.91,2538187.91,2680490.06,2369923.07,2439708.08,2516694.65
133837,2377941.44,2492807.26,2556323.72,2445345.98,2350309.26,2664708.66,2404291.3,2483010.91,2359390.04,2628503.4,2476681.1,2363101.82,2539283.5,2370840.13,2108661.06,2517726.84,2493476.31,2377865.73,2523083.64,2549878.34,2523841.76,2433257.89,2371730.2,2563402.75
134838,2221454.32,2102545.27,2195330.66,2139277.05,2365169.99,2212605.64,2092197.53,2184954.05,2283813.96,2221156.61,2222624.27,2210478.86,2369107.26,2236387.15,2327168.76,2365181.01,2291079.1,2046129.45,2232265.96,2403303.2,2043557.58,2332960.41,2574470.74,2249713.84
135838,1476017.0,1693968.24,1366364.45,1563325.97,1547401.58,1657360.23,1745997.65,1649006.29,1494153.98,1720408.14,1742915.45,1591052.36,1520244.7,1567395.79,1502166.95,1562534.56,1528501.15,1587955.86,1662504.68,1531512.36,1686598.96,1587477.6,1657109.58,1613394.89
136837,1514554.07,1431934.85,1449464.51,1324956.03,1500853.4,1426670.79,1528258.74,1450002.14,1572893.67,1400697.88,1455999.39,1361116.38,1421381.32,1512139.94,1432526.05,1472831.95,1389328.14,1387269.12,1455651.62,1385944.7,1405853.27,1347124.14,1330189.43,1452462.08
137837,2349726.25,2147409.66,2058015.39,2105771.57,2251942.19,2146302.55,2368699.12,2145786.86,2287127.75,2141029.54,2276276.17,2305846.2,2101738.85,2131554.14,2118378.03,2094450.96,2168146.3,2023509.19,2363837.2,2191448.78,2240468.16,2032466.13,2277339.9,2126284.49
138837,2614201.81,2656357.34,2552651.83,2436283.23,2575828.06,2730448.52,2405989.7,2354653.82,2457455.21,2797195.84,2614374.79,2517928.44,2445198.18,2507024.52,2590762.8,2295613.77,2360944.54,2399144.89,2651477.85,2491882.63,2479754.84,2874147.53,2679920.68,2584734.17
139838,1821616.99,1836773.63,1847938.31,1940179.61,1869098.96,1810119.23,1787352.9,1934934.77,1856645.01,1742892.11,1953449.33,1722477.84,1729894.88,1604304.89,1843521.33,1697110.47,1954206.31,1920822.71,1869030.13,1815832.58,1699133.19,1861995.13,1843312.06,1701067.91
140837,335427.23,315587.68,338382.16,320414.47,318781.68,303867.66,295787.87,297792.51,346141.7,323321.22,292419.24,292883.32,307732.87,319734.74,313119.98,290966.92,330674.34,310180.31,330406.34,277125.94,322722.32,339193.16,287471.89,300358.75
141837,1301745.6,1069986.41,1160200.01,1177266.77,1157668.31,1155005.14,1209071.4,1161424.63,1257152.3,1157612.45,1239706.95,1167169.49,1144320.97,1108183.01,1107835.33,1123501.07,1289920.04,1186590.52,1151757.85,1227664.77,1175560.96,1267115.1,1101277.17,1273297.64
142837,2098962.63,2340398.77,2001492.98,2178641.67,2368508.68,2445703.67,2369128.78,2133834.2,2067061.52,2273418.99,2185769.26,2264102.66,2143496.63,2361605.29,2398491.0,2384347.63,2188273.51,2171219.55,2144649.23,2284572.98,2231413.25,2373183.59,2269437.1,2055277.0
143837,2278582.1,2438008.58,2454245.39,2493649.4,2295344.83,2286425.87,2506291.55,2632575.38,2242000.8,2465611.73,2452272.19,2223422.33,2401249.43,2239603.64,2513369.31,2388315.96,2445083.93,2259162.53,2465456.93,2416267.47,2320325.86,2372310.32,2447358.83,2472224.64
144837,1965398.9,2191610.37,2259523.25,2149837.25,1922757.92,2104157.89,2132955.22,2303743.51,2156600.83,2000114.21,2188796.36,2112119.67,1964803.85,2357261.37,2082646.71,2135130.6,2195620.27,2216914.39,2024320.43,1958111.03,2225124.32,2183142.68,2092934.26,2041617.2
145837,1577744.19,1757800.62,1669211.35,1725014.3,1398383.34,1580418.2,1556285.99,1677005.07,1610210.94,1553693.89,1624751.0,1712852.98,1652533.23,1622138.79,1522874.19,1638798.13,1573865.99,1613120.7,1600768.78,1630779.63,1611144.96,1644435.75,1419500.89,1689118.66
146837,1795250.35,1733997.93,1730503.58,1760907.83,1767761.19,1836300.61,1912167.73,1935679.45,1986017.35,1708194.47,1686923.95,1781763.74,1774446.16,1831606.91,1676282.77,1806283.67,1795054.48,1740237.59,1902024.19,1848262.89,1889970.28,1726350.81,1749777.22,1751314.15
147837,2323346.59,2504673.99,2226202.1,2366777.83,2600997.37,2525345.79,2515556.29,2362683.14,2356968.08,2354000.63,2451435.09,2471761.24,2537395.39,2470145.68,2333582.45,2631985.15,2426416.77,2452490.92,2305613.37,2623812.58,2441512.37,2471032.29,2528214.4,2484200.06
148837,2371606.25,2209645.96,2348184.27,2410404.06,2403126.44,2333756.59,2526108.03,2374428.03,2580464.01,2150036.62,2429581.03,2505186.51,2413590.75,2466162.75,2270782.47,2484753.06,2548815.6,2436998.02,2477045.51,2083896.88,2339303.33,2516012.16,2332135.6,2452017.35
149837,1929904.54,1888231.74,1873410.76,2141696.39,1998177.67,2053436.67,2143873.72,2269094.95,1871227.36,2027725.66,1933282.86,1958601.38,1913392.18,2055829.27,2107516.98,2024351.71,2013219.65,1799660.53,2061678.27,2029810.26,2084053.76,1933848.8,1972164.27,1850201.97
150838,1386120.96,1268396.51,1366615.12,1346849.54,1333903.14,1368981.38,1292182.9,1379155.51,1231028.21,1300615.87,1263609.2,1316678.78,1343264.43,1186867.64,1221464.19,1224279.82,1396836.3,1358042.64,1328919.02,1338892.16,1329085.57,1242162.98,1228147.36,1362228.38
151838,1685150.54,1813817.19,1662310.93,1638630.6,1766142.91,1847908.91,1873642.96,1762929.78,1736216.87,1786732.08,1755341.33,2029978.06,1734191.47,1813803.4,1920968.82,1709618.95,1843550.43,1750162.3,1797486.44,1852635.76,1838170.03,1979450.34,1862227.61,1933504.69
152837,2377043.23,2384410.7,2456462.17,2404690.55,2557317.49,2282964.16,2267460.73,2427222.88,2453475.99,2490566.04,2565896.32,2529465.0,2534750.25,2564054.27,2454165.22,2164535.23,2286386.61,2340997.68,2294975.27,2425203.22,2433574.79,2316102.44,2568082.84,2484000.27
153837,2248923.34,2397305.72,2399018.99,2637554.13,2524978.8,2468961.37,2478725.4,2312136.3,2344005.06,2296277.78,2414198.98,2531369.78,2293107.22,2345153.56,2350991.56,2324384.1,2194773.97,2307559.93,2576726.85,2619433.64,2410730.43,2456902.68,2741064.59,2482993.49
154838,1857799.62,2074724.4,1863528.47,2067464.84,1994059.69,2023757.55,2091900.96,2122701.78,2209375.37,1933697.13,1821626.29,1982341.58,1959573.86,1970133.05,1908689.9,2133269.09,2091408.97,2007077.78,2124644.77,2143670.44,2047954.76,1943256.4,2080223.88,2194727.17
155838,1416868.32,1539128.32,1603110.87,1725977.84,1488493.0,1563052.21,1331479.88,1562644.3,1491158.04,1572092.91,1583484.64,1469052.65,1524598.28,1394978.77,1458242.09,1593773.3,1435171.49,1493484.3,1549748.95,1436331.99,1583255.28,1560333.33,1548143.48,1472606.95
156838,1561074.82,1604666.36,1662087.1,1571118.38,1613964.04,1605567.53,1553432.35,1497752.69,1527408.34,1589723.88,1577683.3,1671244.96,1510887.99,1669952.41,1629874.54,1611720.44,1572286.13,1608529.91,1629328.37,1592705.67,1765266.28,1615109.13,1473583.85,1699568.43
157838,2196502.17,2224372.18,2052581.37,2282439.85,2163283.98,2152467.3,2285421.68,1966301.81,2194885.74,1974558.28,2387733.82,2037299.44,2142281.88,2213612.7,2147577.26,2349841.33,2139813.32,2165363.7,2230812.74,2136721.31,2208426.65,2182406.01,2118417.24,2103206.26
158837,2337262.87,2326551.17,2543824.42,2309203.88,2397718.77,2428301.74,2493871.75,2403343.5,2159250.11,2557680.15,2256283.45,2334863.07,2490351.91,2350544.83,2370213.54,2392143.92,2443700.5,2328438.85,2324200.27,2357057.11,2454029.88,2504454.61,2542983.16,2410937.48
159837,1954281.88,2105590.24,1986471.53,1970052.73,2021824.9,2020765.4,1983691.63,2009094.23,2022604.03,2045071.95,2107440.03,2014906.96,2120372.59,1825380.95,2171635.83,1968335.5,1954442.41,1798748.32,2080156.74,2046198.82,2092002.13,1872936.2,1824260.39,1922736.08
160837,1348173.44,1447464.97,1436657.68,1568221.75,1447858.12,1272651.6,1332712.64,1411041.81,1464428.69,1281366.14,1492483.29,1364789.06,1419709.47,1478489.15,1405089.85,1388612.95,1523767.67,1336153.82,1431321.95,1374996.82,1406950.73,1367708.42,1427563.89,1372275.92
161837,1719680.72,1768499.13,1801126.65,1702581.89,1767773.36,1835108.43,1642971.39,1713091.77,1782737.3,1800723.62,1745266.25,1845264.63,1728880.03,1652868.28,1874958.24,1868535.26,1934156.52,1812095.64,1864109.77,1799721.57,1823529.49,1672964.73,1865942.06,1675386.31
162838,2280914.97,2211046.03,2258030.82,2363036.74,2349575.6,2306373.9,2203949.26,2325564.76,2427910.55,2218396.96,2236389.91,2228539.11,2607768.03,2407063.72,2441768.6,2290349.65,2254427.56,2329924.33,2419916.23,2297298.84,2297029.82,2459712.08,2209640.54,2259777.66
163839,2325547.98,2483238.14,2259019.02,2427519.25,2388260.36,2305839.53,2426594.87,2362379.02,2393276.28,2340477.57,2364330.76,2581514.82,2370118.78,2488450.57,2379551.23,2358481.58,2512281.45,2376548.12,2441423.55,2556312.36,2442036.65,2160714.27,2469488.41,2317310.65
164838,2203317.79,2155048.99,2216643.81,2296099.17,2383519.24,2066231.09,2108967.27,2319152.48,2206102.03,2096299.58,2179106.27,2254692.64,2252591.03,2241858.02,2210067.46,2088969.04,2265164.7,2360196.22,2153697.44,2286442.71,2305729.86,2102990.58,2112160.92,2222966.65
