0,48574.36,47206.1,43963.55,47767.23,50143.12,44936.63,47533.35,46094.58,45674.62,43028.48,45624.23,44831.03,41181.77,47583.64,45918.81,45517.1,44401.97,44140.19,43882.42,44566.27,43641.14,42778.97,43301.54,43447.33
1120,46801.21,40959.88,47473.5,45029.96,47914.82,47204.62,44979.71,42011.09,45005.42,51215.16,43865.29,47037.37,43158.22,42484.4,42900.04,41087.28,46249.64,47006.61,47532.06,42829.78,42754.53,42294.63,43909.69,49343.78
2121,37365.85,39974.82,40206.17,42884.29,41809.35,42930.3,41758.9,40808.75,37234.7,41849.29,44313.94,42034.24,42130.6,39441.68,43907.14,44647.2,40749.06,41177.32,42868.12,39935.88,40735.87,40361.17,40035.57,41517.13
3130,55592.93,59514.05,55099.49,60300.22,58691.93,58507.69,60838.73,55470.0,52350.14,58441.75,57602.66,60422.16,59606.98,53402.21,57547.13,63963.32,60894.78,55660.81,60525.04,55728.25,58449.92,61711.85,56898.49,60754.22
4131,34034.07,31400.77,30579.49,32475.91,34501.64,33234.88,32539.23,33142.7,30328.22,33341.44,30701.04,34497.89,35493.7,30184.38,33540.88,28462.8,31680.17,29969.76,33212.06,30037.89,33033.13,33487.37,34101.46,32959.62
5180,36917.56,38200.13,37546.24,38630.63,39210.79,39200.46,38517.69,39484.89,36477.88,38869.12,40878.95,37645.29,38219.74,36600.98,37926.02,37798.18,42241.38,39149.05,37591.24,38627.03,37570.09,38091.31,38126.17,41343.08
6190,29613.91,28384.97,31702.54,28269.46,30807.23,25240.46,27612.92,26992.25,28887.74,29832.58,29644.46,28725.3,27659.49,28705.43,31095.12,29572.12,27846.01,28123.9,28097.51,31355.88,28949.89,33872.17,32895.2,30404.05
7209,37001.99,38093.53,35919.84,36627.32,36203.96,38785.6,39220.95,40785.33,38327.69,35856.88,36464.68,38387.75,38099.51,38816.53,36244.31,39503.81,36285.58,38781.91,38204.11,36427.28,40036.58,40625.66,37902.15,38211.09
8210,22976.74,25247.68,22924.83,23888.58,22703.46,25237.47,26120.22,23780.67,25746.94,25245.44,23843.73,22967.12,23843.36,24879.11,25632.52,25409.53,25721.64,24217.27,24528.65,23000.75,23932.38,26528.55,25838.3,26306.86
9230,32042.21,30528.23,32705.73,28850.33,31310.16,31264.84,31535.91,28933.7,30474.74,29480.88,29033.52,31086.4,31451.95,32384.88,32672.4,29922.26,29236.34,28847.76,29896.49,31274.75,30693.82,28950.14,34213.02,31936.65
10250,31113.07,33016.92,27670.53,33128.04,30985.91,28592.4,32054.7,30886.64,29712.45,31344.76,29621.65,30619.75,30902.19,32977.01,27010.08,29648.07,32454.6,29408.74,29420.64,33710.04,33018.58,31464.26,32847.68,33031.91
11442,42598.94,39583.37,40583.2,42768.59,43550.63,37520.53,43639.0,39027.41,41051.33,41061.24,40107.1,42574.88,42375.65,38025.44,42311.49,37966.04,42080.77,41420.46,40867.5,44247.3,39158.64,36764.74,44158.17,41345.52
12450,40681.92,43994.21,41641.38,39056.36,40207.99,43101.31,39187.76,39945.82,42557.2,42323.63,42611.14,40775.32,43602.91,44856.76,45992.47,43735.54,45530.71,38277.62,40015.26,38973.66,38175.9,36600.91,38259.77,37599.28
13451,45912.73,41125.98,43709.36,46074.03,45695.05,45061.31,43602.78,46250.06,42771.51,47385.03,45294.97,44463.73,44142.7,45934.15,44193.73,46386.69,40850.69,48741.57,40054.28,44481.02,46671.57,40967.58,45707.64,49269.91
14460,34591.68,33046.22,32869.53,33540.55,35060.86,34167.21,36631.36,31170.68,34472.08,36309.8,35472.08,34076.7,36384.99,35714.04,36229.46,33540.47,32866.27,35229.76,33554.84,33257.75,37748.41,37396.62,34305.07,34446.11
15630,41313.88,44951.59,38704.54,42073.85,40696.83,41665.77,40122.0,41178.96,40357.79,43056.65,42714.79,41591.45,39406.33,43947.85,42226.69,40719.92,42299.79,39946.64,36089.78,44037.57,40631.77,42366.78,41135.05,41280.65
16650,44090.66,43984.7,40264.92,44074.32,42059.93,44968.94,39612.06,44060.78,43157.51,41431.97,42381.67,42088.36,44368.97,45567.0,48147.22,38084.1,40501.76,43638.7,44835.25,38612.41,45409.13,42061.32,44912.39,40640.71
17661,49283.47,47115.77,47083.97,47809.05,46884.55,54707.46,48283.18,47982.17,45202.68,49492.52,47636.18,45680.18,40135.09,48848.41,44161.57,47108.89,50355.16,47588.83,44914.67,45809.37,43836.73,46816.07,44733.97,49017.58
18662,62507.02,55720.29,55084.1,57305.78,56783.48,56855.47,55528.56,55495.27,59098.37,54940.84,51815.64,57188.87,53485.24,56947.8,50452.26,54637.45,55702.35,51556.4,59751.99,50780.91,58951.34,57999.76,55236.61,53680.24
19690,36456.88,39816.39,42054.18,38929.21,38399.11,38366.42,38782.88,38655.38,42048.77,39584.25,40624.42,41435.14,39375.06,42800.29,41526.56,39925.88,39847.67,37763.94,39564.94,42284.58,38500.22,39549.05,41212.36,38942.77
20691,40694.28,41499.16,36740.2,37873.05,38143.56,41398.86,38368.32,35454.56,35168.09,38000.5,37110.6,33218.13,40387.4,36661.8,40588.38,38027.7,38650.47,37453.24,38529.42,40867.74,38417.58,37798.74,34710.83,40567.31
21700,40876.29,42529.53,43379.85,38149.84,40554.16,38400.94,35991.58,42221.48,42015.04,39201.14,39081.85,41448.71,39696.98,41010.56,40058.59,42423.74,37293.74,40326.15,43688.12,43670.16,44473.34,38427.12,40391.39,42691.97
22710,43488.49,45022.15,41665.39,47549.87,44373.72,44568.19,43151.92,46475.17,43644.23,48658.79,46531.8,45635.45,42899.37,43865.18,40514.14,39397.42,42474.11,45777.2,47536.96,45908.11,44592.24,42956.03,48112.6,43039.96
23880,45229.64,45685.64,48244.07,46963.57,53401.84,45820.81,48340.66,50644.66,50919.78,48537.31,49768.25,42979.37,47061.67,50903.07,47381.88,45715.96,47712.17,49106.33,49257.92,46523.37,46347.49,45590.02,45467.03,48069.97
25060,52461.41,49728.01,47037.78,48992.96,49613.75,46573.4,51553.49,48076.27,51109.8,48709.9,47905.74,47735.98,47245.7,51900.99,51345.49,49754.53,49964.59,47364.38,47131.59,50759.34,47361.94,52843.76,51672.24,46166.46
26280,56931.75,56392.9,53931.9,51623.3,59677.05,51538.49,55932.77,55804.19,56776.0,51632.99,51160.76,58010.15,55441.1,57549.0,59073.58,60288.21,52410.36,55793.66,58333.82,59707.43,53929.0,64055.58,53958.47,58412.86
27291,41152.98,48784.75,42634.07,47249.27,46065.4,47650.94,43932.8,48293.38,44778.7,44788.05,44749.6,48285.3,48592.51,47107.92,41832.1,43385.64,44524.35,44854.98,43714.02,45086.49,43746.35,43390.88,46628.59,47432.99
28292,50513.53,52543.12,50489.89,48003.38,54955.78,51037.62,54559.5,54042.66,53049.4,51941.52,55156.11,54613.63,48953.39,54020.47,52407.99,53870.71,53444.13,49248.54,53749.05,50557.02,50271.14,51277.36,51520.22,52049.12
29300,34142.47,37112.11,38369.08,38996.52,34531.11,35949.79,37864.07,32535.36,37337.92,34702.36,31029.06,39288.96,36782.02,36217.87,36276.28,36719.0,34877.83,36437.13,37769.8,33106.27,37465.18,38587.92,34506.72,31618.67
30311,37606.95,37933.75,38863.44,39974.57,36711.55,36629.6,39782.99,36555.43,35459.5,39392.58,38846.67,36770.36,39672.05,37515.32,36533.92,39811.78,36255.4,37224.79,38374.91,34019.49,40858.56,35735.83,37649.79,40266.04
31410,46965.0,49157.23,48561.44,48559.61,49030.72,44655.99,45377.57,49579.31,48277.9,48375.34,45127.31,53145.48,46410.85,46678.03,48331.62,49066.31,47495.99,46819.57,46238.54,48248.66,43989.7,48410.97,45788.87,44195.95
32420,36716.15,37302.98,36447.18,34073.19,37927.48,38145.99,40058.2,40392.09,34694.47,38288.44,35883.91,35881.66,38577.79,36205.77,34129.19,37142.61,38751.58,36714.09,37900.69,36036.55,37638.57,32404.83,35218.56,33699.44
33441,36903.62,35944.12,37425.99,36974.37,39080.43,35368.61,39696.22,40545.33,37320.85,40069.34,35992.5,37212.47,38655.39,41650.3,38532.48,37683.5,38381.88,40759.37,35786.17,38412.22,36947.5,34906.9,39339.7,37919.92
34471,37142.96,38022.83,40516.98,37656.13,36204.49,39510.56,39098.15,37474.36,38705.56,40028.4,36422.47,38716.41,37845.26,38108.76,35506.59,33480.87,41526.31,37220.17,33127.99,36017.68,37412.69,37570.74,34096.9,38048.86
35552,48613.49,48034.23,46933.35,40270.03,45088.59,49071.51,43751.47,48546.68,44585.28,50486.26,44784.42,45473.61,45429.07,42983.69,46015.98,48345.6,49908.41,50484.94,45618.47,40684.79,45112.16,45049.19,46814.63,45516.72
36560,41697.64,36850.86,37030.9,38434.84,35161.79,37386.04,38502.54,35942.17,35162.67,36395.63,35845.34,38047.2,39111.51,32710.38,37077.23,36630.01,38730.75,35048.52,38126.44,37374.41,34192.81,33810.54,36853.56,35432.14
37570,42793.25,42300.27,41298.35,40700.69,38348.21,41013.19,37821.22,38932.54,40014.53,39075.67,41340.99,40406.28,40660.31,42747.17,42421.92,41411.13,44537.45,39818.69,41416.17,39664.83,38660.45,39339.06,41835.72,40646.24
38691,32925.08,36653.93,37090.7,36144.38,39175.82,39813.35,35421.82,38282.46,37702.28,37690.67,37963.09,36769.02,35931.46,36117.73,36474.92,37122.47,37601.13,37995.74,38354.32,35826.29,37900.12,36874.1,37115.04,37185.06
39711,34023.06,36569.0,33595.02,33749.5,37959.63,34320.32,36466.21,36253.16,35279.45,34453.69,36566.71,34055.13,34690.61,33536.93,38207.23,31813.81,34018.83,35221.87,32283.08,36874.39,37259.53,35237.41,35855.58,35250.05
40950,43074.34,46953.26,44587.02,47062.26,45837.34,47653.23,44496.83,41340.47,43304.65,45375.36,46037.65,45002.98,40575.69,43864.78,47259.05,45569.69,46858.32,46717.36,47950.5,42957.97,43772.76,47476.41,45599.51,47786.2
41960,40362.31,44226.89,37434.46,43095.31,42387.93,42631.55,42901.57,43351.75,44618.65,42300.75,39242.8,38967.94,40790.17,44717.76,42849.73,44470.1,42491.11,40997.27,40657.28,44658.09,38311.8,40954.76,43089.97,44685.32
42980,49357.86,55189.17,53687.91,54190.91,52575.59,53640.72,56103.89,53471.43,57991.57,53142.05,52607.96,57337.81,52170.54,56499.33,50624.68,55239.81,56030.6,51145.33,50765.32,57564.21,52113.1,53594.54,58061.35,52595.04
43981,17242.61,18184.92,18953.41,18445.8,17843.21,18325.89,17635.02,15612.74,17163.07,17377.48,17905.67,18163.8,17411.5,17786.14,18431.5,16589.41,18838.67,18852.06,17821.67,18915.9,17349.55,19048.6,16031.17,17508.82
45490,16644.74,17477.52,16396.4,18485.59,17858.52,15068.94,16781.3,15912.76,16972.94,18177.53,16362.42,18061.28,17594.0,18251.15,16925.18,17149.74,19676.76,19546.54,18691.34,16317.95,17587.27,17300.47,19191.18,18294.3
46501,27387.5,28955.84,27771.03,27585.14,26265.76,26199.49,30217.47,27290.44,28215.07,29645.0,27824.48,26428.17,27739.09,26923.41,27248.36,30207.33,27177.8,28574.39,27397.47,30620.13,28230.06,28191.06,25204.52,29109.89
47502,68686.28,75286.65,71880.45,72789.53,66126.49,73175.13,72876.71,73057.12,70206.56,70843.75,69120.09,72174.31,69055.2,68612.19,71297.55,67702.37,74510.88,68215.48,75166.13,68713.23,70031.41,68488.88,70879.43,70175.66
48511,75655.02,73101.24,76757.3,75536.28,82162.32,76243.93,78306.49,62266.73,71689.68,76240.03,75586.29,71806.08,68594.25,76381.06,75295.05,68947.78,74236.5,73223.17,72958.5,78369.67,69914.91,71748.07,72691.34,71435.25
49512,83113.83,84882.94,90556.58,92100.47,86940.14,97517.59,96361.77,89416.62,91409.72,91327.66,94382.19,99702.77,93957.45,94952.41,95847.35,97920.07,92208.8,87711.36,98026.66,95530.6,88933.07,85180.5,90147.84,89585.17
50521,83600.14,80267.98,81054.36,81770.51,79300.78,82669.27,83342.0,77886.08,82054.38,75510.19,77754.31,87303.07,74122.25,89356.7,79714.52,85214.37,81498.21,80434.88,84143.56,85029.3,82242.83,78636.54,79062.9,83274.78
51530,89208.58,82515.22,92581.58,80422.48,86200.44,82933.5,83809.96,83619.81,80048.9,86548.72,82573.22,80100.92,87055.04,87418.39,96652.27,76590.78,84453.94,86207.26,90797.54,95184.11,92625.89,89599.75,89464.79,88254.41
52650,119789.48,115827.65,116914.47,124817.14,110972.76,113881.2,124434.96,121130.64,126425.77,128765.7,117433.26,115134.22,120479.64,121837.51,115370.52,120249.2,126670.5,115567.22,115345.73,113092.31,131376.3,118318.71,117107.39,105931.75
53651,63530.35,62602.04,60372.59,67674.18,68326.11,60843.35,66304.43,63008.59,64414.04,68356.68,67773.12,66957.41,65271.16,61053.94,65073.47,62183.76,58927.4,65741.24,63890.55,64065.1,60117.42,63166.43,68311.74,65343.46
54652,109002.35,108230.58,106267.49,114831.93,98540.05,104437.41,106925.77,108175.82,113253.08,114349.24,95314.11,114551.25,118134.35,109652.91,109697.34,108992.55,106393.31,105111.01,107436.59,110268.94,110317.36,115950.07,109933.56,109595.22
55661,86916.01,86482.29,83931.13,84703.15,86423.03,91104.15,86725.91,77633.39,80832.31,83398.43,82839.13,90503.36,87822.81,87281.12,91333.9,86994.88,84206.69,91694.94,82012.5,91134.25,84906.26,86530.4,86689.3,84975.63
56671,95421.51,91818.03,94062.83,96293.98,95569.51,90746.7,99477.36,91322.52,88648.4,91901.39,92304.57,87628.38,90854.23,99335.73,91463.7,95247.65,88903.93,88912.04,88273.52,88846.17,92867.5,92653.51,90123.48,90790.02
57681,52925.64,52256.75,56585.5,51167.54,57676.89,51793.79,56643.81,53766.74,48691.56,55428.08,56428.7,57407.12,53174.86,52803.45,50111.48,53431.92,52412.9,50331.39,52951.84,51128.32,51853.46,48757.7,52403.15,49074.18
58691,117657.94,113256.86,117079.28,121562.82,106483.84,117221.6,118287.75,107158.95,119167.08,118792.45,113566.55,128908.94,125299.89,112462.69,120151.74,120408.52,129209.9,116069.25,117104.9,116084.06,123886.01,117666.84,112508.05,115904.65
59692,101314.95,109243.16,115212.58,110879.06,113577.69,104576.71,102471.57,105286.03,100273.3,101140.57,112347.09,102988.31,112618.61,102452.52,99726.82,109119.13,110803.9,108872.14,105443.72,108200.44,105560.05,107509.6,115607.51,112238.63
60693,58606.79,65303.73,67352.69,61947.07,66756.78,66911.59,70133.64,63628.7,63525.76,59579.88,59169.1,66165.9,63381.42,66799.5,62239.12,64010.69,62497.95,61661.06,67335.06,58903.96,61452.47,60175.97,60952.89,64398.47
61901,111269.37,102805.51,121994.09,103165.19,111919.28,109013.45,103017.74,108581.23,112777.24,118030.85,110227.25,110945.36,119590.53,112285.7,117841.12,121434.72,111883.49,104283.08,116907.49,112656.88,111478.75,104572.96,107823.56,119169.0
62902,123197.2,138094.54,108957.18,129160.57,123651.68,131946.07,123589.84,123783.74,126700.56,124943.22,129443.12,129423.4,120173.14,127877.38,119657.93,128482.29,110619.02,135654.91,123333.9,128435.56,130740.43,125159.06,125123.45,121074.53
63912,72302.2,72460.49,72326.66,69150.42,71758.64,70480.85,74857.16,74468.67,76624.07,74649.22,79720.28,72487.01,75799.7,71863.3,75162.31,75247.0,69110.27,73676.2,68358.62,73696.07,70076.85,76859.11,72398.16,74041.31
65081,104139.41,99657.1,109745.54,105835.15,109404.43,102125.7,107774.45,109737.02,110048.23,114250.27,110727.13,104631.9,101201.07,108592.46,99518.31,114515.15,109002.78,110491.29,115708.46,111294.58,107620.7,102851.86,100205.61,109485.19
66082,100020.86,93555.45,98449.01,100642.53,94411.41,96948.31,98161.15,100798.12,102158.81,106257.16,94118.0,88684.06,100470.22,92304.5,92107.29,102445.67,99732.62,92238.26,90069.92,94174.97,96105.38,92834.96,95879.9,99889.64
67093,89967.35,88187.89,85132.33,87611.3,94413.94,84457.8,88326.11,85858.52,90723.91,86811.35,90329.25,89471.55,83622.89,84229.51,94478.73,83711.83,87140.51,89672.54,90539.49,80236.37,91843.57,89187.68,83319.72,85356.11
68101,117058.97,125671.52,125326.39,125742.07,123285.52,129393.72,130812.86,130597.18,118821.15,119403.86,127843.64,129359.07,118168.62,137693.18,116135.36,130310.9,126632.9,137101.56,112654.26,131903.03,127057.46,133816.66,137106.92,119417.99
69102,80175.94,89072.04,84393.55,89043.72,80634.65,82776.54,84615.0,79885.21,94516.64,81920.23,87586.91,80989.97,80456.06,78746.53,85477.12,83649.24,79510.94,81574.88,88602.92,80555.93,84862.87,79007.1,80568.7,79655.69
70121,54400.84,59406.3,56348.92,59166.03,54522.3,61359.65,63573.16,56019.22,53523.56,58787.19,58936.99,59279.62,54861.47,60751.47,57604.03,62551.56,54896.66,56882.31,59245.17,53238.78,60993.28,57967.69,54009.58,61959.72
71201,100733.86,89239.46,88862.59,93534.39,90960.94,94244.99,93120.21,99240.82,95046.55,98894.27,97111.11,89788.19,98103.53,87704.17,94462.91,98706.67,84511.48,95023.37,97977.57,92089.08,97416.7,94406.58,92638.64,99603.09
72211,70349.04,63845.19,66816.44,66084.29,60220.84,63089.95,67631.74,59484.97,64346.45,65490.79,67422.77,66111.48,71744.19,66832.58,59324.95,62830.3,73292.14,62431.6,71093.52,67064.83,61096.73,63322.33,59993.26,75619.24
73212,85288.8,81812.07,85869.95,76699.86,83124.41,79759.67,90761.9,83221.19,73701.65,76974.2,83235.93,79594.38,78247.2,88192.28,77932.06,84864.72,90497.65,81833.32,91414.67,83559.79,85799.28,76200.68,83654.87,86840.07
74221,67007.6,65624.51,65430.86,67890.78,64377.79,66574.21,63754.01,61391.67,65461.2,69214.18,61963.33,63368.11,67708.42,70245.38,63512.53,69211.67,66885.85,65810.94,66663.25,67784.44,62813.63,64445.69,62672.9,69676.26
75242,73802.92,75429.07,70110.19,66540.45,73150.03,73293.97,70632.67,76942.15,72276.04,77745.25,76614.03,76219.45,71959.26,73748.7,78761.72,75674.48,78252.14,75489.8,77322.08,72699.57,74929.58,78557.63,74119.87,71094.13
76251,54381.16,52724.08,49081.97,51114.12,51022.59,51362.64,48333.62,53601.45,50764.72,55762.8,54381.76,49936.88,50244.12,54564.09,55484.76,49388.16,49159.1,49330.82,50692.19,56293.66,48845.33,51113.92,47141.99,51218.57
77261,55235.93,52521.56,50312.07,56300.25,61599.67,60247.96,56434.73,58331.37,54271.04,55826.74,54250.16,51197.83,55971.46,56494.56,52853.66,58873.73,55923.45,56382.0,57957.3,59961.15,58525.94,51766.63,54728.56,62903.23
78271,39625.79,36863.83,38167.56,35602.26,35504.89,37894.22,34904.05,36085.87,37229.85,34703.3,37939.36,35439.79,33052.29,37224.27,36729.51,34730.63,32942.85,33308.78,37977.74,33483.32,38781.19,38617.1,39546.58,36503.29
79272,65679.66,71068.96,63762.9,69470.41,65419.98,66908.59,61373.48,67113.63,67454.66,67455.86,72390.12,67476.05,64436.47,69337.4,68055.67,66699.18,72054.81,65473.44,68121.97,69744.47,69898.4,61609.33,70787.74,67659.11
80301,16848.75,17345.29,17928.85,17954.67,16203.27,18285.0,20073.45,18288.68,17440.26,18123.26,14924.62,17860.89,19350.67,17863.66,17576.88,17362.05,18553.73,18342.51,18534.47,17197.69,17155.38,17103.78,18648.48,18884.63
81311,58095.85,55346.37,52832.37,57635.9,52019.53,58070.81,53672.55,55887.59,51463.45,55734.42,56779.75,49178.7,52885.28,58116.42,58869.53,54328.24,54616.0,53468.24,58041.95,58857.31,51988.94,52248.47,53932.24,62286.06
82312,96297.53,97923.55,104746.65,98409.43,94128.01,107981.09,112386.65,111983.32,100297.41,108447.86,100719.82,104703.56,86006.36,93276.96,111322.83,102103.46,105715.62,107573.12,118822.98,120040.43,97719.96,97379.93,100228.07,100758.28
83313,130717.43,126194.94,132671.44,119895.98,126465.18,133841.49,124721.25,115891.02,128757.88,126491.05,123403.22,127177.43,141529.3,123919.92,130393.93,133022.17,138731.74,116842.26,126010.84,127880.14,129029.62,129800.67,115471.91,127117.7
84321,114697.59,110173.47,123056.69,111556.73,117571.74,113053.12,125465.94,118411.43,108074.94,113420.17,125754.66,114262.48,111858.66,127907.85,127517.89,121091.63,119698.91,122472.17,119061.51,122474.79,118119.72,129998.6,126314.75,120652.82
85322,73623.56,73917.97,76826.21,69445.35,72528.77,78863.46,63168.79,73902.88,71408.0,70492.27,71756.23,73888.38,67393.2,70611.49,68497.95,68737.62,75244.14,74185.27,69328.11,71110.67,71193.42,78404.71,75855.18,76301.36
86331,94379.7,105918.01,94999.29,85295.55,97139.91,93568.39,91776.16,100442.0,97315.85,92274.81,92214.88,88465.49,93687.79,93273.44,102627.14,98247.85,91014.09,89865.97,105195.23,99523.44,96483.61,95329.28,93820.0,100344.95
87341,120746.09,104724.16,103912.67,112594.19,113053.65,111904.01,115450.08,115160.94,117419.01,112554.34,118848.28,110054.27,107310.35,106279.67,107366.29,114668.14,108276.69,106770.67,108261.36,109068.45,102794.83,102719.94,99473.62,106229.78
88342,102490.26,104654.51,95031.52,98283.41,96115.81,102191.51,109740.88,101701.79,94519.26,96480.08,110739.11,110586.12,114235.27,101653.06,106760.96,110117.99,105569.09,99443.2,104081.43,104534.89,104213.56,104802.18,115302.44,98827.69
89344,131481.42,120177.25,121158.43,124378.94,119822.35,126504.19,130246.57,114075.31,125778.59,124426.42,122623.5,119555.53,117893.92,115363.89,122449.87,129123.85,119386.19,121654.54,126021.41,116647.31,117767.53,117063.02,125002.62,108891.11
90352,128802.34,134919.28,125032.34,126575.9,121659.18,119128.42,121331.4,130641.31,127812.43,123707.55,115415.91,120184.32,133090.72,128210.99,136649.79,128648.99,122494.05,120640.23,131584.92,121255.25,124546.8,123443.64,123895.27,127930.46
91501,158402.4,134975.62,155553.77,160220.3,140897.04,148471.83,158098.64,152668.65,147751.29,149692.86,138006.65,158663.8,143933.21,151305.11,147115.73,158305.7,155017.8,128471.29,172827.7,145273.15,157564.48,161825.03,140287.81,144863.85
92512,98701.31,102495.71,104727.65,93799.9,97146.09,104366.63,98824.47,94749.86,101363.87,96188.85,103302.73,94004.07,90189.28,93826.13,101516.27,87183.3,101220.92,105947.15,101791.84,94025.93,100875.25,97896.79,101962.63,93271.35
93521,90194.84,83378.89,83629.52,87067.18,80841.86,81887.95,92956.59,84940.26,85416.08,81946.49,93635.83,90371.25,83855.09,78622.48,85342.65,87476.17,89949.84,88023.14,89662.46,86766.98,82982.22,76856.42,86539.46,81831.88
94522,120871.79,107458.67,112881.75,109180.64,121743.91,108531.85,112265.37,112453.85,121879.67,115344.12,109668.57,116946.03,107865.18,112997.23,110564.11,97166.88,109554.35,106577.91,111124.12,122312.21,111791.05,110949.28,111150.14,111831.14
95523,64748.29,65606.17,68091.87,65575.85,61880.84,64568.92,66479.25,66707.22,62742.86,54761.66,65511.98,61570.67,66335.99,64489.18,67192.35,66721.67,63538.53,65304.44,62607.55,63624.65,67373.72,57899.09,70836.9,68307.28
96531,80070.56,77178.97,81464.25,82127.12,82681.36,81092.93,83202.0,89443.62,78206.43,83707.74,82360.48,82974.94,78712.13,81675.6,77750.47,80880.06,83736.1,78677.0,80575.22,82480.43,78265.61,80857.71,86204.71,79319.12
97533,99130.17,102587.01,103808.5,106404.28,102329.25,106471.5,101870.75,111174.79,96478.33,100294.0,93333.53,105995.54,100880.48,108159.17,100794.41,96481.33,100459.48,97771.55,102571.51,100666.04,96526.05,95605.29,102762.6,96045.2
98539,140411.65,136533.1,156571.75,128314.42,158164.65,162989.46,142121.35,147103.09,151285.92,149440.38,149753.29,144724.58,157030.89,146635.93,139299.03,138080.86,152227.93,141172.16,147232.11,138511.21,144857.15,156281.13,143590.16,136997.94
99542,99181.21,107776.25,113746.31,113650.15,120571.63,113983.6,102520.65,119080.41,97390.46,112140.86,108528.42,110853.94,108296.2,113234.2,114788.59,108410.41,115238.76,102581.12,114969.1,115632.51,104120.64,105622.8,108170.33,108072.08
100543,126626.34,125519.5,119219.42,133365.12,134766.54,128298.03,122174.45,127966.36,121216.13,135896.93,122618.23,117457.7,116261.47,130811.85,128824.45,127359.48,124316.84,133121.48,129831.05,123692.08,124265.94,123774.97,122501.03,126331.28
101552,92328.36,92907.44,91439.66,93935.9,91061.53,88344.89,87211.94,90001.36,80618.64,83544.32,91373.09,83355.31,91906.13,93101.13,92404.33,89023.28,86263.36,93759.61,87846.76,77743.42,91395.46,85459.61,89268.75,86135.05
102553,97147.27,89135.33,84505.12,86766.67,81452.03,84406.87,89196.0,82339.19,89089.24,93648.85,92139.2,86081.34,84086.51,95902.13,84898.16,92050.0,91020.25,86245.26,90306.25,85314.51,89066.17,90865.12,80332.48,84307.34
103554,68093.37,76513.15,83924.3,72983.68,74524.35,78585.39,83605.28,79797.88,79857.67,79555.33,74617.34,72638.87,76716.62,67916.63,74008.4,73792.26,77620.24,77052.08,75247.15,71481.84,68999.37,73738.82,76448.52,79016.59
104561,63746.16,64889.21,62017.25,65233.8,57906.07,58038.34,63368.67,60079.92,61439.8,67836.39,66884.64,65942.56,66084.9,62409.02,61246.31,66393.66,70268.23,62307.87,61838.87,61349.01,61689.58,61014.32,62990.54,64167.87
105570,92807.45,101281.46,89555.59,91038.1,92850.15,83347.74,89438.03,106546.54,95283.6,100231.07,95671.86,92637.63,90634.04,96798.54,100711.88,93286.58,86481.95,91917.0,100536.75,91562.07,96542.53,100816.42,93652.95,96420.55
106571,70706.05,66298.88,68435.96,67581.09,71009.07,67909.08,71883.24,66576.35,67186.91,70909.08,66970.44,72689.71,71372.7,62213.65,68373.48,71892.89,69221.44,61359.83,63758.17,70671.45,70274.36,65720.54,69065.63,66537.85
107581,69599.2,74600.03,75125.49,67058.84,67270.52,76995.06,75972.56,68789.9,76784.88,77972.44,67745.22,73751.01,71772.92,65325.89,69519.61,69501.7,75005.23,76781.99,73486.4,69023.53,71634.08,74376.13,71508.21,76914.97
108591,71205.13,68024.95,75379.4,74646.01,64956.91,69942.07,69465.41,72127.49,75057.41,69519.98,73380.01,70677.43,76579.13,68417.5,72432.94,72226.73,74025.91,71074.77,69581.94,67855.82,71160.05,74005.01,70193.06,72121.58
109600,57001.8,53755.27,53910.71,53793.53,53538.53,49881.27,54621.27,54909.22,55638.87,56948.5,55833.8,50409.07,50096.72,54108.1,58816.98,50999.04,54248.3,54238.5,51002.13,55651.77,55406.22,51668.81,55790.42,53082.52
110610,31873.19,32924.42,34496.52,31771.88,31754.41,34183.2,34045.67,32560.55,36752.0,33217.7,34700.7,34788.55,31706.99,35407.41,34881.89,35042.62,36405.67,33484.55,31986.3,30756.97,31312.02,32021.74,33380.29,32261.62
111620,53818.35,48555.58,56672.24,49766.58,49357.96,50499.0,53783.02,52905.28,47386.23,44925.6,52363.37,54804.43,52965.57,56775.25,57467.93,51917.35,51148.23,53038.72,53636.77,54577.89,48320.73,49789.62,53973.08,46904.43
112630,47516.15,43984.91,42244.96,47630.05,49577.36,49378.21,43988.53,51331.64,50926.08,47792.5,46178.95,47641.28,49201.34,47501.7,51651.13,49463.83,48916.95,47471.05,54860.8,46337.37,48664.28,50735.93,48221.38,48157.71
113640,37396.36,42112.97,43051.63,40880.4,38992.36,41945.42,43867.15,40945.63,41210.16,42266.8,40446.37,40226.27,44420.56,39615.34,45285.04,43674.85,40600.28,42204.3,45951.19,43181.21,38711.82,39048.42,42287.49,41697.9
114649,66515.35,65003.8,58016.22,56214.64,63764.33,63865.26,60320.42,66420.8,62557.95,61066.83,62994.56,67002.85,63960.96,57794.63,59435.37,60611.62,60302.39,65453.94,64934.5,56630.98,65704.53,63165.43,61015.54,62865.99
115650,65319.2,58110.42,61267.19,61804.58,63941.35,65134.25,58394.56,62663.58,67187.72,61547.38,66753.37,64846.64,62096.64,65432.01,60709.09,62206.55,60788.11,66349.68,64880.57,64546.83,62518.74,61036.37,58481.02,62711.19
116659,82024.26,80740.12,80519.67,75808.69,77845.23,77840.28,80932.91,76102.08,77312.72,81789.32,77889.0,77711.13,80096.57,73145.21,70522.29,77107.86,83289.65,76417.03,73369.91,74458.62,75703.49,75986.17,79314.19,74564.86
117660,57412.2,63785.4,57470.01,54617.0,62957.28,56167.93,59734.42,65447.83,58849.69,61247.38,52756.94,60292.61,59603.83,63013.91,63440.72,58953.92,61899.67,65179.45,61195.41,59997.02,57517.84,65860.69,60389.73,63493.64
118670,65288.26,55442.04,54746.17,58125.0,56038.59,59611.8,61842.43,56172.42,64057.4,60050.41,56537.91,61747.87,59215.14,61229.08,62369.24,60781.95,61544.18,61064.92,59822.43,60292.08,58949.11,62109.47,57900.96,59822.09
119680,48207.7,47754.14,44367.16,43433.55,44293.47,47697.49,43971.66,47940.54,45024.52,40292.65,47034.34,47335.0,47574.22,52559.42,47175.93,45609.21,43826.47,48660.02,46327.46,47510.11,46453.49,47979.17,49931.62,45166.64
120689,47264.29,50711.68,52308.29,49577.29,50008.93,44365.28,47406.99,43116.59,43330.38,43814.69,46994.68,49866.34,50312.51,52740.99,45417.32,46786.09,43256.09,44391.6,49462.55,45128.64,44770.41,49627.31,49680.53,52172.58
121691,43722.13,43820.36,48685.79,45908.19,44723.59,46728.72,41630.58,46301.33,48603.46,46785.22,48512.91,43028.79,46170.99,49139.15,48601.92,41351.83,42336.9,45791.57,41133.43,43883.41,46884.3,42295.9,45733.51,46923.9
122699,29524.47,28443.12,26943.87,27332.92,28820.85,28469.19,26643.09,27669.06,25879.28,27994.78,26933.77,28796.17,27272.5,29870.72,29605.27,28585.3,27461.97,29680.72,30487.52,28610.79,27442.64,28254.37,26517.67,30341.49
123719,40364.64,39558.38,38918.13,42347.62,38068.04,39737.94,41706.87,40939.49,38532.91,41945.59,39107.05,38558.56,40515.09,37529.1,37343.43,42131.11,42410.16,41055.09,41752.09,41958.68,41298.32,38958.44,42420.88,36890.69
124729,27213.72,27711.8,26806.48,28723.43,27561.9,27965.58,28664.21,27526.93,26051.39,27405.12,28629.9,26880.42,26290.54,25219.76,29180.88,26473.61,26415.34,26380.99,26391.73,27324.73,26583.4,30242.77,25339.0,25228.97
125739,19221.89,18415.56,18189.08,18353.98,17418.06,19866.85,18452.88,18866.24,18344.45,19146.34,18960.95,20237.73,18341.77,19764.79,18674.94,18836.71,16777.69,15910.16,18860.51,17616.18,18630.21,18536.99,19339.91,17051.23
126742,15200.72,13245.06,12495.77,12509.38,14862.71,15039.88,13853.63,13855.46,14271.88,14991.84,13573.51,14512.79,12938.21,14124.63,13677.2,13914.35,13951.61,12794.22,14572.27,14142.03,14065.34,14078.97,14575.62,14077.42
127750,20549.19,19868.61,20174.02,20896.42,22953.83,22317.94,22090.04,23489.08,22764.33,22159.54,21444.9,23729.18,21769.14,23460.8,23105.02,20306.07,20470.71,22756.74,19797.77,20846.5,20193.42,22232.45,21061.14,21988.6
128753,88020.71,91952.33,99429.64,85415.47,90960.83,83562.91,90500.26,89492.89,88666.81,88445.38,89074.14,87395.53,90117.13,79374.07,84916.99,94248.1,83651.18,79646.77,94926.48,92425.34,90500.93,93015.61,91229.75,88690.07
129760,83161.92,78915.73,79729.83,80557.43,85783.45,79854.62,81639.85,81955.57,80482.11,86162.71,76735.8,87283.2,79291.72,82938.99,76825.77,87239.05,79227.13,79015.93,84632.77,82479.61,79153.65,82976.68,84818.42,83816.82
130761,42487.66,42292.1,41518.59,42398.85,40356.29,42218.93,43301.62,42837.59,42594.73,40171.69,41420.86,39124.41,43456.03,42357.5,41754.2,42748.75,41723.15,40973.87,44422.31,45617.75,39791.42,41970.4,41279.18,47831.0
131880,59664.92,68486.18,68531.27,68263.88,66765.96,64370.82,67555.65,66751.64,69955.5,67559.51,66450.39,64182.38,65536.01,65138.2,68253.4,70329.91,72447.53,66501.92,70129.15,69709.37,64825.3,59105.73,67458.25,68696.13
132890,59645.47,63718.81,56667.64,66394.83,60755.86,61585.26,62929.3,60916.26,64030.42,66370.18,62803.41,58570.06,68340.12,64033.43,69377.77,55803.88,66222.61,61639.84,65332.29,62722.19,59528.47,63110.77,69445.32,57790.63
133940,22587.66,24893.49,21576.51,24699.29,22845.17,24429.8,23656.16,22725.22,22557.92,24147.88,25207.69,22118.54,23453.73,23985.0,23571.44,24933.72,22492.46,23956.76,20288.35,23770.72,22639.01,22587.28,23734.24,24611.45
134959,69497.72,70892.09,67671.0,68136.99,66829.99,70062.22,71455.58,68751.42,62919.16,72221.77,66393.47,67488.34,71557.62,71098.59,67274.6,69317.29,71778.98,70734.38,73715.79,70943.32,69959.71,66484.27,64054.27,70157.94
135960,67766.65,71423.46,74540.16,74684.23,74109.63,70549.08,68775.95,71103.14,66162.54,68743.21,71827.38,73915.21,66663.02,65668.04,71334.14,69785.13,65658.24,71609.88,71125.59,69375.02,73161.74,68226.17,66335.58,70631.73
136970,62709.08,59802.59,58826.86,55698.15,60372.35,60265.16,55651.35,56680.19,55748.61,60112.28,56344.4,57803.6,56649.44,57272.05,60159.81,59827.43,56755.18,59673.1,53983.61,50280.43,53474.9,56594.78,50646.7,50892.75
137979,36298.56,39877.32,39216.69,39711.42,40011.73,36594.18,38886.51,40279.03,38002.57,40429.43,43212.49,40434.47,39329.17,40166.7,40006.35,35525.46,41473.43,39447.08,36160.46,34844.56,36238.21,36466.47,39314.95,39352.96
139277,53902.55,57921.3,56398.3,60795.25,52681.94,55810.74,58947.49,51326.7,53526.44,58853.33,57882.38,45823.71,59664.02,56171.38,52328.15,54704.97,55887.04,58788.22,60543.51,54330.19,49435.56,48555.53,57760.29,55267.49
140400,43100.56,45113.75,40099.81,42705.34,41460.36,44002.56,44874.39,41470.07,42216.61,41302.06,45703.19,45199.94,38774.47,44544.82,40294.8,45063.87,43219.65,39558.89,42071.63,42662.88,43699.07,43223.82,45131.51,39921.96
141650,81329.88,84817.35,92057.74,72789.59,81817.98,79861.55,84110.59,80616.78,84769.16,89341.33,84615.88,94689.55,92270.52,88173.69,94443.17,84443.57,75396.8,91296.12,78964.12,85979.69,79913.67,78961.93,87506.69,82588.64
142660,77016.85,81484.5,84244.3,76881.29,84983.18,84931.87,77462.45,77939.77,77401.98,78864.51,79438.09,73175.7,73502.47,79495.14,79838.5,83142.34,77600.26,77778.29,82059.71,82884.71,75428.15,71411.37,80405.84,79902.86
143680,72542.97,79276.82,82694.62,75141.09,74514.71,83172.25,75580.07,69742.19,76084.14,79594.48,81665.8,76110.16,72853.93,78570.0,84005.21,83465.41,65022.02,73143.52,85840.28,78249.5,77297.76,77002.09,75440.41,78991.04
144690,37623.12,36929.61,35871.05,35795.88,37801.82,39911.51,35070.99,34115.9,36292.2,38136.61,33060.21,39152.94,37193.14,36064.24,36283.16,37222.82,40641.2,36885.73,39342.65,34494.84,36575.01,39587.74,36791.96,38388.42
145752,64649.32,52007.14,57133.86,62522.93,60894.71,62654.83,58279.55,56729.93,64203.71,58439.91,59361.03,61747.65,57751.58,60408.06,59926.54,64726.87,58073.14,56194.53,60569.24,60116.0,61110.96,67750.81,61875.71,59463.19
146760,42656.5,48139.21,44584.55,41458.63,46109.09,42315.99,41873.88,41478.25,43611.54,44112.56,40863.14,46723.84,43704.72,42210.14,42930.48,45820.29,43713.28,46100.36,48411.02,44498.88,44769.26,41573.51,43364.77,42969.12
147770,68154.77,61873.11,64774.56,61936.71,61831.77,64430.27,65125.84,61856.13,60197.27,66530.94,64940.53,61225.12,65717.66,68491.19,66663.23,62877.9,60404.71,56044.82,62390.2,56290.19,62227.33,66189.36,66207.74,64241.32
148780,32408.72,30251.24,30700.31,28498.88,31512.66,29973.87,29414.71,30741.92,30730.83,29355.61,29271.74,29261.06,31350.44,31347.94,31794.52,31074.3,28085.32,29746.25,29997.28,28609.79,31429.43,32621.15,30039.96,33083.68
149790,38546.59,40346.57,43405.38,42550.04,45129.42,44560.62,42105.34,40230.88,40298.04,43510.44,39806.6,41134.18,43630.05,42100.42,44537.97,46570.13,43482.26,41475.35,40918.39,41906.76,41349.61,43198.56,43094.68,43370.81
150800,19558.45,19935.69,17852.59,20566.34,18295.59,20046.99,16939.31,19170.21,18703.02,20030.4,19039.47,19133.54,19231.67,19234.62,17561.55,18022.75,19055.25,18601.89,18537.0,17790.47,17262.58,18574.0,19761.61,20538.79
152181,21388.84,21995.57,21011.65,19755.4,19051.58,19003.15,22743.46,21779.77,20045.58,20415.17,20335.58,19611.72,19196.93,18863.53,21557.8,20047.6,21491.31,21393.08,21536.54,20734.36,19922.88,19923.07,19596.55,19296.08
153191,34556.63,35940.47,35874.72,39263.87,37005.44,39406.68,37597.23,32967.87,38190.83,37543.0,33755.67,35323.11,36677.55,36125.01,38026.34,35933.69,36838.7,35361.73,36099.43,34766.29,34736.54,37423.06,38537.7,36054.87
154250,29727.54,29629.76,30537.49,27855.87,27926.96,29953.66,29288.36,24412.05,27870.19,26315.89,28857.52,29010.58,27714.47,27586.1,29736.09,26436.95,27461.8,29200.59,29817.29,27502.51,27501.58,32108.66,26490.55,26821.51
155260,44015.68,51488.96,48336.99,45737.79,44183.17,50037.96,48795.39,49586.49,47677.56,44759.7,45100.77,45306.74,50710.03,44246.41,45854.23,51733.45,45438.57,46666.67,46605.05,49234.1,46111.91,49433.24,47397.52,47142.16
156271,36266.66,32770.59,32720.39,34852.56,36893.85,36756.7,35207.83,38160.33,34032.9,35519.59,31549.6,35999.37,33432.94,36392.43,32440.79,32898.1,33867.87,35954.0,33028.9,32394.58,35239.49,37185.79,34349.42,35163.23
157280,51582.62,48311.52,49471.22,51429.91,50301.94,45432.58,57427.37,48688.47,46694.12,46583.78,47838.09,51961.77,48017.22,47654.08,49531.87,48954.12,47676.5,52302.58,45826.3,53037.41,50939.31,49614.72,51980.88,50429.85
158290,23912.34,23474.8,23668.15,22548.97,24717.36,23397.38,21858.0,22117.23,23972.78,22240.16,20901.04,21163.01,22042.32,22389.12,22276.25,23473.76,23983.53,24617.33,22063.71,23179.97,22040.92,22185.43,23441.19,22107.05
159331,80946.37,81796.91,88416.76,91577.57,78132.69,86026.92,82569.0,81640.93,90033.67,82918.53,87484.3,87018.09,76447.08,86655.46,78451.16,84062.47,78308.11,73426.08,83198.94,81632.58,82866.16,88512.87,91885.9,78519.85
160334,59435.21,59376.77,59211.34,63294.69,54925.03,54439.59,58765.3,56444.56,63209.12,54543.5,50295.11,59650.93,58605.28,60046.9,57681.36,55675.22,62636.86,55625.39,62243.17,60495.85,58120.63,57373.98,61237.35,57695.91
161340,92384.44,83153.77,80961.98,88722.55,97583.09,85045.3,85391.04,92507.56,81994.14,79139.64,82824.81,83326.66,79097.97,75753.43,80297.09,87889.11,84937.48,92611.89,79135.07,82477.7,82897.81,85034.19,82286.14,86630.37
162350,43193.36,42027.65,42048.01,41451.81,46298.74,42944.81,47459.18,45512.3,42688.98,44081.49,46178.18,41996.04,46005.6,45818.46,41542.06,41916.52,41239.84,44196.86,41117.46,44793.73,44107.14,42721.77,38902.82,41848.48
163360,64597.45,65748.44,73273.71,75154.0,68550.46,62706.7,68467.35,69909.23,66974.99,65956.07,65753.42,68961.85,73177.86,60225.76,64641.79,67474.1,66008.91,69725.19,66121.04,58481.81,65113.4,62557.26,69722.38,68568.26
164361,40472.63,39728.51,34997.46,37328.74,36012.17,33765.11,34880.12,36667.19,31538.86,35043.56,34098.71,36105.38,36582.87,39677.9,36532.6,33994.42,34805.05,37815.46,37260.98,36290.95,34416.36,35656.45,34401.69,37940.13
165940,63702.4,60175.67,64618.11,63793.63,58483.25,63548.05,63880.1,69400.95,64240.14,66658.05,64309.51,65549.24,65903.24,67124.53,60434.46,64449.36,68912.11,62777.39,62747.11,64397.77,62986.4,59349.53,66722.3,66790.09
166948,50225.25,42961.99,50956.87,50892.66,52976.87,51555.88,54595.48,50078.07,43240.23,46595.68,51004.22,49540.26,50170.7,48763.71,48242.1,51493.92,46161.94,54310.84,50398.76,48230.23,49500.49,52664.15,49574.31,49514.76
167960,47414.43,45330.99,47864.03,48065.83,44053.81,47905.73,50313.55,47365.86,46503.62,46141.34,46842.59,46229.07,42618.96,45074.5,46532.79,46645.77,45803.15,46490.16,47370.55,42002.13,47647.18,49022.82,46584.64,49070.94
168961,40772.35,42559.78,41223.42,45636.74,39532.23,43966.14,47319.72,43071.11,43525.51,40594.72,43422.35,41473.27,41053.94,39504.32,41340.67,44684.28,41833.66,43523.68,42583.39,44916.83,42965.37,45383.69,42380.59,42088.07
169971,57283.58,55777.72,53227.12,54850.91,54333.61,52753.16,55141.24,54566.03,56003.81,54645.91,53258.12,56980.71,55090.34,53761.06,51926.13,58622.23,56151.03,58528.72,54575.59,52525.26,50177.17,53966.53,57267.76,56036.04
170972,57395.99,65727.61,59377.51,64984.83,63225.29,69573.12,60983.71,65153.67,65035.36,69295.66,66806.14,59272.61,68145.08,66308.6,64996.97,60627.84,70288.64,67118.66,67969.74,66945.45,61959.65,64506.91,66673.34,63291.85
171980,68415.41,59312.1,60580.12,66625.73,63624.62,62975.47,63081.3,57293.1,70659.9,63011.63,56510.28,66264.09,68029.18,61561.65,53876.71,56344.79,58973.95,65054.39,60150.14,57120.47,60709.96,62641.66,62187.73,60556.77
172990,64344.36,64044.03,57197.85,66006.34,66754.3,62031.68,67444.25,70962.11,64440.58,65793.54,62016.64,61502.53,60121.95,64163.84,67302.47,60833.22,61748.5,63891.28,62323.67,63888.38,68186.73,62694.98,59061.62,65525.8
173991,68067.75,68143.58,66194.62,70909.02,67956.34,67876.05,63893.14,60373.85,69438.6,64055.91,67465.76,64932.7,71908.6,62197.08,60008.32,69350.94,70457.93,64587.24,67025.8,67721.78,62645.81,69372.4,66645.59,64349.02
175001,62446.21,55517.95,55356.93,50730.75,59562.31,54285.86,59192.31,55737.13,53873.02,55703.87,58011.75,60084.63,59936.75,53936.02,54783.93,56914.04,57229.62,61873.72,54722.57,58443.61,53427.01,54450.46,59566.75,54696.77
176011,55565.33,57408.98,55651.29,58270.42,55806.5,59091.88,56814.65,57732.22,55815.36,52527.04,58124.07,63125.75,58738.11,50960.04,54607.39,61558.12,53946.4,53208.83,51001.91,56888.19,54867.94,56662.16,57246.31,53900.24
177020,36305.04,32221.44,37805.46,40761.14,36390.36,36357.96,37249.2,36051.13,33489.02,34723.61,37626.29,36210.85,34741.94,38478.82,41911.74,35247.22,35835.68,37158.15,37891.48,34060.0,35018.56,36234.03,41109.06,37642.78
178031,55823.45,54177.18,52448.92,53157.57,50181.75,50383.68,54482.43,50272.79,54123.31,54569.91,50122.88,50924.74,52906.3,51391.43,54248.33,49444.07,52379.28,51695.33,49278.59,55710.59,52785.35,53736.72,50588.43,50816.93
179040,33237.53,38974.05,38688.12,35845.99,37120.2,36467.4,35209.24,38460.08,40645.78,37383.54,37731.68,34159.62,36841.46,34194.91,36585.68,36170.52,38915.42,38165.73,40244.73,36222.96,35755.25,34771.32,30875.14,35936.17
180060,73277.92,77191.06,72574.41,73932.01,73512.36,69584.41,72173.15,65631.98,69581.45,76527.07,74105.3,72053.14,72058.55,66447.79,70945.16,68413.98,70869.85,73570.84,66887.57,64360.36,72086.17,69080.01,68370.94,70996.9
181120,98137.58,96957.63,100110.88,97218.29,96605.77,110016.82,97780.08,97498.19,101577.48,103664.48,110193.61,99727.04,97839.41,98879.66,97928.9,100451.14,98491.15,96658.74,96170.09,103167.03,95780.69,108060.96,97225.87,109920.61
182121,59623.76,64742.43,60235.32,61027.92,56804.89,58056.95,54945.92,56841.84,57496.9,60674.17,62526.48,59316.48,61696.28,55179.36,57889.27,60886.83,55340.23,60781.91,57051.7,54509.57,54795.15,58489.29,59111.91,57205.32
183131,66875.47,69183.01,66710.72,68872.7,62184.35,75286.38,64903.54,76481.88,68216.14,65185.41,71960.28,72937.62,68760.08,69823.1,60152.75,68772.66,65273.0,63024.81,70679.92,73148.22,70060.85,65281.31,70193.39,69552.43
184140,101549.08,101243.85,98778.53,94144.06,94422.75,98108.92,94483.56,94084.57,103121.87,96393.6,96221.29,98379.33,112704.76,98227.24,102126.53,96429.65,109096.39,92218.85,97470.22,103613.43,104808.45,104455.44,92675.21,96064.04
185141,86797.0,84786.44,94144.9,92290.87,89103.5,91548.5,87766.82,89875.04,82131.64,93279.42,91676.92,91761.56,89807.73,85355.76,99116.41,85952.25,93569.74,97032.42,92452.89,87875.99,92827.67,87799.43,87797.69,95110.55
186142,83448.61,90918.3,89334.29,89397.37,94086.37,95298.85,92566.39,89698.53,83702.83,88874.33,84929.64,94317.78,97023.22,86094.75,92549.71,85456.13,84304.01,80748.62,95161.66,89614.37,82124.32,90635.79,89495.05,85930.06
187144,75836.92,80074.42,76254.25,77146.1,74148.09,71454.27,73234.13,74561.06,76825.28,71041.09,76888.21,77775.37,74865.08,73963.9,70007.44,73775.8,75966.78,71591.78,77467.08,81345.54,78938.29,73728.17,72140.43,71665.91
188151,98661.54,98781.21,86832.16,102451.74,91576.79,90813.3,101032.55,89763.99,92985.59,91638.57,94353.52,97942.35,94202.17,97690.42,90139.13,100358.75,95667.33,93885.36,101755.37,99947.31,97032.89,93096.19,101121.12,98843.9
189161,69986.06,67749.47,68032.41,65038.48,66730.65,70959.73,65292.47,71739.34,59271.55,71718.32,68779.0,68391.86,69120.43,66191.38,64789.0,72512.99,68806.35,65260.59,69696.56,67923.54,65521.2,73502.65,68203.48,70885.45
190170,94164.32,88236.53,96015.72,90464.94,93796.91,85409.02,87969.3,90547.08,87527.04,88615.38,87321.9,87274.78,87142.06,89861.28,79463.98,91838.57,84870.57,96429.37,84029.04,87360.97,88373.54,84337.51,97943.16,90932.01
191171,57768.95,63035.01,58584.18,64690.67,57375.08,60179.81,62309.08,58876.18,63180.83,62358.72,63298.71,60831.3,58635.95,62542.36,61880.39,65074.17,61800.06,58432.8,57255.33,67436.84,61617.74,61745.45,58951.3,61836.59
192181,61752.16,68794.6,65153.42,68152.65,67325.21,72519.54,71598.0,70154.22,62817.16,69023.87,69426.47,66606.63,65395.51,64282.28,75211.87,66415.6,65144.17,62073.14,67121.66,64341.64,69279.6,66042.33,62500.05,69809.97
193391,87078.76,95747.7,102974.38,88671.97,94638.35,92477.92,90066.8,92006.54,87917.33,97868.47,95341.41,96969.88,90799.21,87873.22,96239.99,92040.7,91850.16,89250.66,90602.42,86824.72,91827.26,96553.37,87654.74,92619.48
194401,63086.68,70050.76,69497.42,70185.47,61021.83,63945.78,68755.07,67994.26,66007.4,64933.45,64839.71,60248.04,69038.65,68070.59,64683.83,65674.4,71436.7,65665.61,68941.27,66575.14,64494.08,69000.77,60334.1,61222.77
195511,106718.61,91229.73,94859.23,89257.64,107737.14,96262.3,108410.54,108883.31,91679.06,103242.76,95759.29,100762.89,98766.25,105901.44,111028.86,96809.55,92469.99,105108.87,102276.39,104176.28,102006.77,102012.62,104351.93,107378.93
196521,78087.68,77385.12,77245.06,81407.14,74926.06,79766.52,82742.3,75291.15,71019.58,74933.09,79298.47,75626.12,83496.23,74355.87,74732.51,72380.56,67295.2,76897.56,77907.67,82814.02,78526.95,76301.78,76214.27,82282.84
197522,101432.77,105419.79,106557.46,104569.44,111122.16,105285.62,115379.18,106906.0,111201.25,113036.5,99561.76,109317.77,104786.66,111296.98,102584.3,104352.73,107340.24,99737.21,111976.6,107342.99,109064.23,108782.83,104957.77,99471.2
198524,82312.55,82241.6,84051.38,89923.01,87290.29,85888.8,83631.3,89192.98,82861.22,82835.76,86699.06,87005.03,88780.04,83100.13,89086.39,89477.33,91000.68,93173.13,92695.46,86765.26,86239.11,86608.05,92700.23,85467.03
199553,113781.64,97846.89,101813.24,112226.31,109714.4,102708.42,98398.38,109963.79,104110.3,106468.74,97969.53,101121.15,103342.76,112619.15,109159.47,99964.19,106131.72,94317.57,106975.42,105164.21,119870.09,110024.57,101963.87,111083.41
200554,99675.39,111209.29,113222.27,105777.0,110469.95,105358.55,116926.65,111822.13,108111.59,119110.17,118688.84,118069.94,110452.57,110377.6,118151.79,112137.68,106838.79,117726.0,105448.19,112489.98,110505.39,112321.53,108414.58,108630.24
201561,97222.46,93051.5,92459.8,98773.05,98756.75,109044.51,99401.46,102662.65,100382.77,106541.72,97429.22,106598.1,94762.33,94184.99,89925.89,105540.46,102791.15,100398.81,97240.46,93297.66,97039.09,94183.37,97479.22,103467.58
202651,90315.86,104312.76,106528.16,90201.32,90892.46,100179.62,97754.8,93839.03,103053.78,90609.62,92384.1,99574.72,90655.43,91069.49,95871.98,92398.05,86525.96,92670.26,85110.67,96874.25,91609.87,88598.46,100545.23,93983.96
203661,77046.62,75356.27,81709.84,77480.77,80771.4,79527.84,79751.53,79064.21,78933.26,78952.29,78266.1,75814.26,78950.77,73330.07,82325.16,74993.29,76660.98,78495.84,79671.58,80310.77,71837.2,72647.21,80519.16,74605.45
204662,95139.46,96289.69,93113.11,99373.28,97805.24,99538.34,94598.99,90909.87,93046.34,88849.95,91159.82,87618.56,98006.02,101189.34,93635.64,97510.28,91596.13,96706.83,96467.28,95088.37,96181.47,92286.78,98038.53,103803.91
205801,123234.55,128698.03,112497.91,125791.63,129604.77,121223.34,129378.96,121868.37,122707.83,123911.36,133944.31,128065.65,110381.62,131785.4,107228.7,112071.38,123558.17,133430.93,122456.53,127592.68,124612.17,133999.41,130690.17,129805.21
206802,86498.66,95048.59,92985.14,82958.48,76491.88,85576.35,78904.39,86336.47,88934.51,89444.18,87618.87,80160.62,83551.12,78447.75,86974.77,72491.37,77942.02,90258.0,88880.08,94799.52,79880.97,82725.99,82794.56,77486.06
207803,80432.76,65784.27,85600.37,74424.52,75774.47,74964.69,84740.13,78363.58,78234.51,77824.87,76986.23,80123.03,72558.2,78082.87,76300.22,84342.33,71965.87,73354.52,82516.83,76944.79,78852.51,80920.36,77617.31,78325.43
208811,87501.01,97972.36,97323.06,99598.91,98891.55,104373.62,101072.19,102483.59,103973.79,101764.82,96484.46,97460.57,98040.78,102013.18,104854.15,95503.72,95387.96,106595.67,101136.45,97323.59,101684.93,99948.69,96841.88,95877.88
209813,69133.15,72259.63,74269.81,77321.57,69128.86,69775.75,71976.16,71621.89,72059.19,78156.48,75641.91,78706.88,69790.11,71421.47,71024.93,75477.52,71409.03,76979.22,70675.49,70953.19,76666.25,77759.01,70436.97,74950.63
210821,99306.94,96317.02,91973.85,92022.81,99777.24,91363.21,91939.63,99397.2,92907.74,93787.3,102481.45,95946.86,97342.29,89936.14,98039.6,93536.19,92142.42,99014.82,100752.43,87055.14,92006.4,99374.56,102463.79,94953.78
211831,125615.71,130238.19,120285.59,123799.64,134832.74,128912.77,128636.69,119297.71,123472.18,120420.17,113372.58,118770.69,120148.77,123268.12,136069.3,129566.09,115170.88,124607.32,115624.8,111579.87,114958.76,128939.44,127684.56,132949.23
212832,94119.28,95669.9,98655.0,99262.29,103456.16,97343.85,94680.75,101356.27,89209.97,103391.13,94576.08,91695.56,103015.65,84713.91,90246.87,96178.08,95790.56,95211.04,94017.32,94082.09,98975.08,92612.28,92573.33,94625.16
213834,107945.64,102522.05,101531.95,93470.06,107385.4,105056.46,100290.39,94027.64,116104.82,97852.33,101924.93,93627.88,98629.87,106144.12,99256.42,109100.06,107636.25,107019.68,101844.31,107005.22,92972.46,101809.46,103721.63,103406.35
214841,21177.56,19373.36,18845.8,19714.92,19014.98,20509.34,20312.31,20915.06,19804.44,20548.31,19245.71,20114.34,22220.36,20371.6,19222.77,20286.59,20842.46,21345.06,18825.77,20620.01,20182.97,19353.69,20020.49,21658.91
217342,246273.69,268317.07,226997.36,229963.48,267676.37,249548.94,257124.72,262105.44,251572.32,234383.3,252073.13,250729.14,238332.59,247230.2,247313.44,233597.4,244319.45,256557.47,262011.54,237394.26,247515.09,261535.2,251988.14,250772.57
218351,80204.96,80721.32,76153.0,84146.92,77112.98,82035.51,80396.88,80155.97,82718.61,76907.46,78068.35,90604.06,78883.87,80447.44,80313.92,85550.28,83493.18,73845.82,77157.03,80226.03,79015.82,84556.08,78340.36,83159.72
219352,65768.54,71635.21,67822.04,58111.48,71009.04,71905.97,71268.31,72208.21,65921.32,66524.18,70973.63,72204.56,72080.14,71781.16,69215.32,68821.17,64949.76,72486.27,69507.83,69817.02,70592.56,68441.95,73451.47,62020.89
220361,76789.84,67987.73,76355.83,79027.69,72094.96,69902.61,67454.83,77725.36,77085.66,75922.86,73133.71,71892.32,79601.65,74407.96,76334.34,68324.22,75139.5,75164.5,72721.06,73876.36,73088.36,74926.59,77630.47,80997.27
221362,97014.15,88432.82,98798.74,102711.97,88562.13,91563.41,97901.01,94657.27,92027.05,98217.45,91215.37,90991.17,89035.31,96086.54,88943.47,97334.74,87499.32,94702.33,95087.57,95966.87,102493.27,93566.71,92764.8,102642.28
222371,88077.87,91005.74,84296.83,91710.92,79805.55,82950.41,86661.93,77642.17,85683.78,90554.65,88702.36,86425.27,84623.04,85697.53,83749.49,88615.64,87001.89,82628.38,85404.28,90217.19,92816.76,94620.2,92580.89,83072.12
223372,95049.03,91948.89,93196.44,85752.0,92462.72,84775.17,90886.89,90435.82,91624.42,87412.56,87582.44,85328.98,85576.27,84146.09,85016.55,90132.61,91576.39,83703.19,87662.15,89328.89,89910.1,92619.68,85608.7,83681.06
224381,69893.21,77459.87,71732.67,75504.19,75060.49,72503.49,72627.34,76328.21,74441.93,73121.72,73337.34,74037.08,72220.61,69931.38,76870.97,75712.82,70431.62,79057.27,71287.33,77316.57,85577.11,74871.97,67625.2,80101.77
225402,23748.2,20229.34,24843.01,23697.7,23843.34,23641.06,22647.89,25391.8,23325.05,23134.39,22231.83,22724.55,21258.7,24127.15,23234.1,23346.22,21712.46,23282.16,24690.19,22492.55,20507.4,22533.78,22434.82,24115.65
226421,47789.71,49338.38,42591.61,42320.89,47307.76,46302.27,44163.61,45624.35,42536.57,46246.08,43637.97,45289.5,44824.29,45734.62,43184.72,43371.81,45395.21,45724.63,41564.09,42439.59,40816.04,46653.84,48306.47,43687.85
227441,55911.55,59278.7,63342.85,51139.74,55782.42,58833.78,58216.59,61134.94,57249.16,59726.53,57606.74,52525.18,60211.74,57255.42,49465.69,59319.91,63325.31,54765.55,58998.48,57156.83,55800.92,59215.71,52230.77,56634.37
228452,53616.1,50911.53,46030.7,51402.37,55544.07,53711.67,47145.48,53757.5,56151.83,51202.32,49026.49,53869.69,55174.72,51250.34,52913.45,49979.36,54278.92,47677.49,55301.74,54623.64,50726.77,54500.33,54367.91,51028.47
229461,41257.39,37282.13,39574.9,39047.99,42712.67,41993.02,41044.78,36400.44,41697.57,40853.09,38003.36,37978.75,39875.04,42670.74,40915.38,37093.45,38300.43,40767.2,32625.05,39229.31,39680.77,39439.97,40921.32,41592.62
230471,692.95,688.81,712.05,709.78,736.14,684.27,667.87,763.97,691.72,725.75,755.39,745.65,727.9,665.41,688.22,681.59,743.01,704.87,750.47,706.76,748.27,692.38,807.61,704.69
231732,64079.28,66394.58,62960.71,62361.72,68166.3,66878.64,69130.49,64890.65,69396.93,67071.87,63879.31,58420.53,61722.36,64812.85,65212.06,61425.54,61246.99,63056.19,65587.35,66254.72,62537.15,68609.03,63414.37,68667.87
232741,73140.67,73459.75,79012.14,80809.38,80903.04,78279.47,72628.79,80865.45,74000.0,72415.48,78362.81,73415.16,76058.87,74133.81,64927.52,83401.53,71478.96,71265.75,80343.13,75216.87,76921.78,73252.77,78741.75,75127.82
233742,76564.88,76529.57,76257.62,75450.77,80199.21,78638.68,82788.55,77576.33,77876.88,74441.88,74087.82,83759.07,82789.86,75751.01,78071.01,80411.41,78739.41,80562.22,87896.32,77189.26,70215.23,80749.84,83185.25,79207.25
234743,80719.82,92149.3,87517.03,74491.42,81469.92,86813.87,82678.07,77786.89,85233.29,85521.76,85994.63,79076.96,81786.5,80710.65,81446.38,92078.24,89619.55,87314.84,80532.9,82380.52,77070.18,82541.73,82185.15,85114.93
235751,67209.45,66060.25,77605.14,78247.75,67565.49,73193.19,68599.65,77113.27,80132.58,72016.59,66230.25,71834.24,80474.22,75960.12,76027.68,71203.35,73359.34,73354.38,75482.98,69718.46,77653.42,69093.94,72577.55,77617.0
236761,73996.59,67258.92,71458.11,78059.01,76587.65,73865.11,77209.82,73124.8,79995.61,77050.21,82892.6,71563.25,71497.05,74480.84,79064.27,76360.36,75978.03,81170.35,72497.3,70599.49,77082.15,71327.02,76656.47,68098.07
237762,68693.04,76242.85,72596.75,71256.45,66983.21,79821.01,75462.27,69559.46,69591.07,73502.8,69917.42,77143.54,70473.99,75303.82,71733.17,75527.07,75070.19,69593.77,68166.74,71003.15,75931.15,72532.47,67994.36,75814.44
238772,85948.61,86530.57,78142.36,91158.38,83047.92,76230.4,72672.87,74901.93,79475.96,78741.12,77906.36,74144.21,80340.34,78559.58,81268.56,81803.08,84279.86,76702.1,80288.66,81391.71,82991.96,79550.49,78420.45,83404.42
239782,62873.42,64647.36,62048.41,67152.91,64280.52,60315.08,63392.54,67058.05,67262.07,56597.39,60693.4,64584.96,64944.91,64339.32,63941.33,67912.82,69527.92,66299.37,63394.87,59696.84,63985.07,70586.62,59934.26,63761.69
240982,98209.36,94180.64,92712.97,91030.55,86615.39,89295.44,90519.25,95016.53,88579.05,93690.41,96024.73,91444.8,88187.58,86684.64,93314.93,94516.66,86962.39,86321.9,88801.65,95649.46,95517.25,86936.9,86044.89,98009.69
242072,83486.26,91798.05,90189.52,87976.0,86132.12,94581.87,92604.35,94839.82,90185.74,89150.94,95767.94,87481.21,90054.62,100947.64,91164.91,94171.72,85162.17,84241.34,94076.23,90461.36,80393.74,92490.67,91740.14,89207.47
243172,100202.64,90324.24,89216.6,94060.6,93637.93,95857.22,99841.43,97692.7,93925.08,93875.68,97574.22,94364.25,108800.09,87027.44,95602.19,90753.9,98802.45,97326.14,93585.97,97200.65,94829.19,100808.0,98318.55,101188.64
244182,51597.98,58405.11,52114.43,54172.6,53015.27,58538.55,55263.0,53219.7,58116.61,47135.65,57248.5,57458.56,52459.68,52180.3,59844.77,55266.48,54045.06,49958.22,54979.32,51119.05,55998.56,57724.73,51670.94,53395.17
245191,54530.53,48523.41,49769.41,54958.62,55056.33,47824.25,46639.95,44744.48,53654.9,51844.74,50318.63,49789.97,51814.51,49464.5,56563.1,48123.93,49229.69,50367.47,51392.0,52887.32,49817.03,48167.18,50415.21,53330.8
246302,37989.68,42268.68,43314.94,44299.32,40968.6,42570.16,42274.51,37772.47,39822.93,38904.35,41265.24,40848.2,43599.45,38119.04,42828.32,44201.85,42151.09,43576.27,44672.35,41583.55,41792.67,40976.93,43284.41,38864.02
247331,42990.24,39235.04,40954.26,39292.43,41551.44,40663.44,41384.05,42963.78,42222.47,40713.41,46399.89,41084.89,42624.9,42375.94,44080.74,38963.39,42592.0,41030.6,39664.45,44095.6,41398.92,42000.49,45021.76,45178.84
248342,78687.37,85264.19,81123.44,79695.79,81578.34,89672.9,85665.04,80357.89,85572.79,82837.83,83646.86,83241.27,85823.13,72444.81,81290.15,82539.96,78371.09,79801.85,82034.83,79283.34,83060.1,83062.64,84899.03,79725.07
249343,82293.4,76781.9,79590.07,73991.25,73245.68,82271.91,75396.03,85978.25,73652.63,75204.25,80112.93,83188.81,85942.0,85245.47,81125.84,76437.35,71647.47,85143.05,73336.04,84677.76,80330.05,78580.71,75874.79,73833.54
250344,91556.84,80993.76,95787.74,99767.23,93461.62,86628.84,90128.56,87569.23,84550.1,89703.28,86947.53,94825.67,84275.75,88191.55,90983.88,88056.03,89886.77,84152.72,86760.17,88342.96,84700.81,92794.08,85520.66,91262.09
251352,89306.84,91815.27,95036.98,89566.04,88394.3,87367.62,93151.92,83963.38,87185.48,91130.36,94685.58,86484.04,87178.25,93417.77,93780.96,93532.71,91104.96,81422.28,92581.12,88054.99,85447.87,86112.12,83435.66,93587.96
252353,54722.97,53160.33,60432.65,59760.55,55724.9,57208.7,53993.52,54988.46,50365.6,54349.9,52417.78,58355.91,49470.92,53864.48,56466.39,54233.73,57539.45,56757.73,59438.86,61567.47,55508.04,57972.05,53574.67,54913.05
253354,63280.86,57995.06,62675.1,57611.66,59381.66,60558.45,59006.61,65462.84,66134.88,58318.17,59878.96,63278.26,56988.78,62934.38,66803.01,56734.29,63910.49,64813.34,60733.55,60593.31,58239.26,57688.03,60941.65,54846.38
254362,61999.74,66173.64,64243.74,66674.0,68694.69,62646.1,60444.17,64701.75,60682.16,60375.35,63543.16,66145.37,65705.7,64142.93,63426.49,59253.21,58991.77,64164.4,61188.96,67157.43,62881.64,66500.18,62974.67,60671.49
255392,93027.61,89569.24,89274.92,90114.95,95430.91,93008.74,84678.74,89011.77,85645.59,84394.78,88370.08,85599.77,79790.96,84371.72,93647.77,83603.79,87452.04,95547.02,98361.79,84217.21,80169.87,85783.05,90916.5,92752.01
256402,69545.36,70419.68,69398.23,71799.63,72076.97,74083.03,66917.27,70878.57,70228.13,65295.39,71622.73,67999.81,72013.62,65326.26,72991.37,75877.16,74779.16,65114.53,74747.99,65266.97,67772.85,68235.59,77464.86,74289.46
257403,91366.98,94438.65,82298.89,92623.24,84504.27,83910.65,83542.87,96955.59,84273.26,84426.51,91175.35,84695.96,79842.98,88829.24,92817.25,88077.65,87651.67,83994.75,85375.58,81138.7,90396.76,86615.97,93202.07,87232.65
258412,89274.87,89869.38,91043.61,88119.64,86282.2,86549.07,94645.02,98815.11,90058.16,91719.0,95733.03,92565.17,86605.39,92951.89,98444.6,86568.1,97731.46,84281.22,90028.05,88990.0,89405.16,85064.6,89154.47,85240.12
259414,89466.3,91595.19,84179.52,100144.97,83401.87,86250.14,89705.21,98111.29,95536.21,90186.82,84025.42,88235.35,94489.65,93408.13,87424.3,88759.81,93271.3,82205.77,86965.85,89167.73,95750.77,96428.95,87317.75,94947.35
260422,76334.41,65157.67,72784.43,71954.91,64764.16,73302.6,76598.07,73957.01,81340.1,79422.01,69154.81,73542.57,73631.52,70636.21,70575.85,69625.92,70525.02,69515.94,68089.62,74794.95,71292.38,73918.51,77147.7,70463.27
261432,81483.58,76598.6,81278.0,76437.91,83684.39,74869.05,75142.71,82556.1,69123.26,70037.89,72686.75,76510.1,77702.01,71956.34,76623.39,79763.86,77668.78,75230.29,75370.73,69682.06,78949.55,81625.39,83599.52,82800.94
262442,74472.85,82751.08,77610.58,77123.31,81382.06,80180.13,75782.63,74930.83,75012.16,75819.97,77802.68,80555.14,75006.81,83138.42,80430.95,72894.26,76961.1,77823.09,70349.01,77377.04,77845.01,78140.79,77081.29,72625.1
263462,90523.39,94983.99,84550.29,97617.49,87938.57,90681.11,88788.09,89768.85,98328.06,86639.42,89428.94,102950.44,91340.14,89037.45,96099.82,86392.22,94759.77,91615.81,91580.01,94953.15,96275.25,98680.94,84499.89,94140.57
264467,43111.86,40538.05,42002.56,37220.02,39786.59,38292.92,39781.67,40285.54,44753.06,40136.61,43113.24,39364.3,41799.39,43479.65,42057.81,40338.4,43831.31,37213.46,42046.11,36942.43,43053.61,38511.49,38714.39,40454.02
265472,15855.33,16113.48,16443.0,15611.24,16002.88,15463.81,16023.63,16913.23,16341.73,15370.01,15527.42,14940.95,15929.77,15964.29,16525.65,16165.34,16063.39,15806.71,16859.68,14656.29,15534.19,16685.6,15328.33,15473.76
266492,92227.67,88158.23,87044.63,80445.23,83244.7,89426.43,84743.36,82866.26,78180.79,87928.12,88539.15,82105.46,83363.7,82261.76,86387.19,88231.08,87545.87,83797.9,81495.71,89198.58,80719.36,85220.69,88303.71,74416.85
267493,112945.28,106696.51,103913.7,107047.85,104910.82,113190.16,110234.9,119983.29,110570.42,105785.97,120550.04,110172.77,118261.96,103020.58,107923.76,106312.16,111180.06,108619.9,117134.19,105338.0,101271.93,108544.66,113311.83,109835.92
268494,125354.03,127010.67,125230.68,119424.29,130607.32,118853.75,125647.62,125823.47,119788.24,124169.65,133453.72,115086.36,127367.07,121197.29,113096.13,127448.21,123751.23,121373.68,134837.25,122957.52,119805.25,125839.7,116452.81,129672.3
269512,135711.84,135754.42,111849.6,131040.7,123686.17,137394.78,134678.86,124442.31,138827.09,126541.54,124675.34,121491.37,118857.98,130725.46,135573.49,126782.52,132300.66,133783.2,126288.81,128139.92,126850.15,122601.2,134358.56,127014.34
270582,150946.32,146701.06,146630.22,156426.7,149907.28,151502.79,154397.4,136337.88,140091.03,149937.75,149490.7,156648.28,141389.61,143448.98,138311.97,162254.65,149805.51,145353.68,148045.71,150235.37,143506.71,145790.64,153703.2,140052.47
271584,89157.8,102638.03,98902.09,104295.63,100208.97,94713.86,100945.7,104462.94,96175.51,94801.18,96741.35,99797.32,91042.09,96553.0,94595.9,97359.86,108889.54,93180.65,104189.32,110460.12,101771.05,89329.52,96433.55,96555.76
272592,120049.55,119295.2,119108.72,118117.34,113524.58,117599.45,123214.2,129407.8,122104.75,128160.53,125370.77,124411.59,123031.03,121033.1,129236.95,122293.46,124089.55,126077.58,124446.29,135924.76,111361.55,124504.27,115785.8,117108.06
273593,124390.95,131681.42,134116.92,127895.35,126041.08,135632.5,124489.68,124969.27,128293.75,122970.43,134577.06,118696.74,137259.29,137068.94,150132.63,133219.9,124133.43,118041.14,136939.11,124091.01,138660.51,128415.25,139538.57,125832.83
274712,160851.45,189994.7,153965.92,166230.85,146166.53,166071.97,167978.63,163373.04,168712.62,161539.79,159916.29,166646.32,170113.29,160658.71,166677.59,167471.4,174725.05,169513.89,162702.83,161351.36,171622.58,160353.04,168831.21,167951.45
275713,166991.75,174994.33,173003.53,198505.32,176444.39,183222.53,183919.76,153642.0,195207.56,165869.66,190961.49,173926.18,171780.54,178077.84,171066.53,161493.52,175164.18,189962.85,179356.09,161965.05,177477.53,172723.56,180700.52,172451.98
276718,125911.52,111650.23,121617.53,125595.56,120905.3,128527.98,125788.28,116559.0,134393.43,129788.91,129739.08,124966.94,121514.63,128593.83,123326.39,119887.05,121350.21,134092.6,118116.71,124225.79,124912.11,120219.65,120774.45,131167.37
277822,162645.72,163436.76,155228.63,156500.63,157826.59,163890.66,165824.3,156666.02,155151.62,149861.92,159630.08,150789.7,162760.8,154314.15,168927.73,167061.95,150128.25,154416.57,153751.47,151007.09,149263.24,164596.44,158665.63,150807.14
278823,133478.5,144081.72,132689.51,130130.26,119602.78,136431.84,133087.56,141766.65,137426.83,134936.45,127233.99,138891.3,123547.09,125965.23,141468.47,139320.1,143093.33,135593.9,138169.19,137469.01,136715.72,140285.89,130323.73,145004.41
279833,151772.08,145565.44,146840.06,137005.27,137748.52,151373.19,145459.72,140824.07,153563.75,152447.38,145664.88,128136.1,134971.96,141539.12,136023.33,142581.52,141941.77,140784.18,144914.76,136420.92,135988.35,140796.92,145559.08,138667.32
280943,172473.51,156200.78,171206.4,179260.44,185017.67,171486.7,175500.05,192706.35,174230.2,181088.84,195375.81,182917.61,177800.6,187447.77,179635.51,168037.49,174875.12,186572.2,179985.25,177256.63,181895.26,191043.0,170564.4,175794.44
281944,106823.61,105310.87,96416.27,113156.37,106129.46,112952.45,110343.62,105399.7,118995.18,107905.13,106355.9,106145.57,113418.16,101728.78,107782.99,110890.22,109182.07,108560.62,119220.15,108667.61,108407.73,103754.82,104771.55,112278.55
282945,112400.48,118798.01,116344.08,127564.0,121111.01,122018.54,133069.53,122031.3,121400.06,121807.75,129452.1,122622.69,127585.25,120706.36,117984.6,114925.89,110594.56,124257.58,116225.82,121265.77,106576.19,117384.35,124630.5,119314.11
283947,97892.28,96289.06,99607.13,99615.41,98414.35,96199.54,101261.61,90904.36,97675.37,100784.6,96097.48,91619.8,93515.93,97662.91,94256.67,97886.25,95694.28,94617.05,98191.53,96007.58,95645.55,96786.0,97835.01,96619.68
285012,89917.15,94418.44,90889.35,96600.82,84720.75,89878.76,95635.68,89578.19,86777.5,86788.42,93036.92,93981.26,88121.95,95659.49,84468.59,93582.32,97722.64,91582.3,83186.1,94185.78,88850.95,95708.09,95161.05,90864.64
286042,96719.24,104025.4,105545.78,99245.49,106708.24,103084.52,102472.31,98235.21,99643.22,95725.4,98084.03,94089.8,92297.66,110734.32,109740.6,92177.45,102865.75,106186.51,96805.71,95620.58,92618.24,96184.78,95949.49,109270.13
287063,95248.22,93735.94,93246.64,98132.02,98040.04,97749.69,97831.0,90830.68,99269.79,93824.0,96048.6,93532.23,95092.83,88192.88,90052.65,92749.27,98263.27,105750.01,96014.95,95146.11,97672.84,100170.63,99064.35,94266.73
288233,119552.24,130963.5,129168.78,136461.81,137535.39,121665.76,129613.72,133314.22,125090.07,138647.54,133597.19,134711.5,145297.78,132443.57,129025.97,135445.48,141190.34,138237.78,135028.51,137073.96,146653.11,130202.2,147334.71,141783.28
289234,130788.19,138907.06,125312.93,134892.45,124339.7,146134.88,144324.69,129103.14,129220.26,138282.55,127995.62,144869.45,133488.41,146842.48,141863.45,129616.7,132462.05,136634.8,144332.23,139249.81,138636.23,128136.99,160066.89,127114.14
290235,121427.48,119899.76,120907.72,118656.82,114185.58,112269.98,120908.49,122505.23,109031.38,117843.62,111094.9,109874.73,115838.67,113265.43,108605.63,108425.36,123694.47,130610.73,113966.61,119638.0,110878.08,110299.79,120941.55,118404.97
291413,146792.23,135073.59,122824.44,128617.58,128662.97,129486.47,131222.03,142052.0,135916.75,125566.31,118734.88,133035.46,128977.78,140348.98,134925.38,130656.6,133257.92,126421.13,139709.93,133611.89,145106.53,130414.5,129330.13,140280.93
292414,124300.52,124704.89,121949.52,112077.34,124743.83,122407.7,125669.14,115517.72,115613.65,119855.25,120995.0,129313.57,124861.17,126716.19,129661.7,123047.72,116832.84,125881.35,119148.67,120801.58,127193.39,132325.81,126713.47,115181.59
293523,170234.8,170071.77,167605.69,170769.48,161293.74,156157.07,163869.85,170187.37,174417.01,172856.81,163931.6,176215.66,165613.4,183849.9,179054.26,166288.99,189027.08,177760.32,180243.1,176691.99,175471.22,181937.97,191642.1,178950.21
294643,186318.5,187878.32,179576.13,177988.63,173316.1,167318.77,173013.66,183559.07,181273.93,176724.59,174863.23,187416.84,187322.33,168572.21,173151.02,179435.33,169598.72,189204.94,171149.85,187266.98,196757.22,176173.4,176170.03,163701.81
295645,139875.3,137898.4,154127.16,144456.88,149236.82,138375.53,152803.31,148872.46,150266.28,137920.84,150261.82,143969.99,140960.29,147399.97,145433.96,145507.05,143205.34,147979.08,135655.36,141728.5,144947.49,149220.71,153293.86,144933.4
296873,220010.15,236907.54,204405.26,256129.27,224740.47,217976.08,227317.52,235507.8,214196.91,239295.54,229418.52,229029.96,243709.67,239368.88,225969.49,221994.03,224163.81,220686.06,248702.41,223137.07,232237.59,232658.75,231776.33,225002.74
297874,144406.11,134096.88,141077.51,142806.8,138866.04,142150.52,145572.23,143231.53,133338.35,138608.92,134449.79,148481.65,143252.44,147531.53,130206.79,134526.46,140337.42,152140.58,135157.62,135565.39,149417.43,142652.73,138026.55,142991.5
298876,195589.67,195635.27,202036.81,169852.08,207154.38,200695.92,195057.64,194512.62,183046.34,190291.56,187743.46,198994.99,186888.54,186695.04,193638.7,184152.57,198939.42,193560.74,182388.5,190781.74,206670.41,205800.07,188668.32,189526.85
299882,52598.34,55297.7,55090.52,50302.01,49033.09,50849.1,52690.27,52242.56,43776.29,51805.72,50368.37,56658.19,50680.47,53994.67,51636.46,51984.76,57205.54,49971.52,50259.11,51314.72,55095.66,51083.57,53172.87,55992.44
301396,311330.78,302520.25,304355.73,300633.92,311249.77,346130.6,279459.35,322619.16,300704.34,315833.38,327065.9,287816.14,285821.32,300162.72,294660.95,344919.17,311536.2,304550.54,328622.31,279016.93,296769.41,295770.11,319748.3,313633.29
302403,168203.88,163354.94,166108.66,155062.88,165456.78,166036.06,167134.04,162702.63,166439.21,175482.8,160037.4,171297.57,159083.2,165429.51,163919.2,178989.12,172899.21,170429.11,186611.0,169131.88,166376.54,162564.99,164396.94,164849.25
303404,140438.25,156015.63,158491.07,144686.03,148510.31,153444.13,149257.83,143462.35,136712.38,140308.63,155342.45,144635.75,148889.96,141007.27,148491.12,157253.74,142459.46,139316.56,143279.12,152512.47,147734.46,138840.31,145907.48,143682.26
304405,170769.39,140316.39,160298.6,152924.75,149050.14,150530.2,155906.88,141688.23,165971.4,159522.72,163868.29,163424.69,152590.83,174500.75,163759.02,155403.1,158465.88,148550.26,147917.03,152269.67,168188.82,163964.09,162863.08,145080.18
305406,149452.7,153650.01,162757.26,161531.7,161612.66,155208.53,149899.43,153040.54,158866.05,161767.15,154651.15,164972.37,160444.69,155062.02,163374.18,154647.09,156601.21,157485.74,153883.27,169038.61,147747.41,138770.69,161277.0,171555.56
306414,148915.49,179042.43,181636.73,166826.89,163918.59,157747.74,170741.51,174122.71,169291.02,184264.69,184892.32,165835.16,176799.31,172228.62,165996.89,176824.65,172222.49,172801.1,171475.25,185505.34,177723.16,181146.38,179058.64,178320.43
307415,154767.99,157467.43,161386.99,151593.92,153296.89,155612.51,152688.64,147079.2,157837.34,150894.38,164443.78,144758.02,156463.87,159611.89,146325.13,148205.86,147249.23,152709.23,159975.45,153590.59,143725.93,160387.24,147359.83,148747.75
308513,158090.07,164263.56,164524.54,163023.13,167400.61,167494.9,155812.69,168321.92,160574.29,162333.31,166787.57,176107.56,156410.75,164130.45,156397.07,169842.03,163104.41,154819.47,167768.55,168646.42,181652.57,170365.53,162272.49,173121.09
309514,121756.76,130814.16,138994.47,116731.78,127296.4,125042.26,130054.72,136551.98,128307.07,140653.68,131185.55,133500.96,142771.2,119421.35,132374.81,135203.31,122533.89,134942.9,130496.42,130530.12,134909.03,135925.4,128698.44,129021.79
310523,143650.2,135873.15,144429.71,146733.9,153082.84,129905.2,142574.61,148460.98,133436.61,136107.7,149676.13,141625.03,142582.97,130880.75,135754.92,145021.57,148832.32,138852.36,149058.32,144223.37,145696.89,137486.61,133663.73,144911.51
311524,129186.32,122746.68,125525.92,115808.52,114422.33,116570.91,119968.16,118843.48,136141.33,119790.3,109797.93,129894.69,123867.3,116471.13,117971.24,111561.33,112053.62,121127.75,116032.12,114416.67,122327.66,126572.29,123279.82,123913.48
312533,129096.72,139868.73,145585.72,124398.37,136949.55,145463.36,131211.53,122285.62,128900.32,139687.52,128592.62,128171.53,129573.03,136552.29,133692.87,130795.85,136055.16,139481.18,134825.82,120557.8,137835.56,139883.24,135127.83,131703.06
313593,108059.98,120850.21,115233.61,116616.26,108731.14,112611.05,117126.42,113740.17,108410.97,107203.11,111692.37,114370.63,119332.64,116552.31,117322.79,110627.99,118757.58,111322.46,116329.08,119107.29,107664.38,107926.77,118170.49,109803.55
314594,137058.95,146066.4,131346.39,146017.78,138724.55,139256.99,135562.27,146581.65,143301.94,131136.37,133135.95,143899.06,142629.86,136357.39,132604.44,127243.9,131219.94,142739.73,130651.23,137398.78,128188.14,142228.61,138953.44,131493.64
315595,157949.55,168644.0,165413.92,156713.09,158673.69,157700.17,151096.44,170855.65,148307.88,157029.52,158733.98,157717.81,158006.91,151127.25,157083.06,149576.39,146929.92,161099.2,153896.72,162041.92,162387.33,173061.27,167744.98,154134.56
316602,164761.59,175104.68,154230.82,165904.86,163447.11,171581.44,179966.71,178068.96,176833.29,176602.38,162686.42,177381.65,166680.22,177379.36,169687.9,152843.71,170766.94,170898.75,145654.6,164035.4,174924.6,175466.27,161062.79,164775.31
317603,159924.47,155424.68,156089.59,160725.57,153339.28,168147.05,149639.14,158313.8,147164.04,152383.8,156410.84,156888.84,153625.97,154535.13,148796.17,158493.05,147129.39,152838.8,152627.96,151293.15,153117.35,152189.34,149005.0,156849.24
318604,191326.19,175945.39,175203.02,165396.55,177569.49,176222.24,171346.93,147993.0,184468.4,163675.13,163570.62,176769.36,182716.45,171468.63,154237.39,183367.94,169729.42,174939.25,180859.7,169157.44,177904.24,179391.03,185164.79,165277.21
319612,166623.19,171838.25,183897.5,189487.46,179051.18,161569.42,170207.21,167789.0,171632.64,172867.73,188619.31,171907.01,165501.48,176979.98,179343.71,182989.93,170674.42,171770.05,174266.28,168619.42,176444.06,168825.33,168587.07,170149.55
320618,125066.59,126164.32,125467.32,127922.13,125633.15,124700.31,117462.97,123335.78,124910.56,111051.03,126883.2,119842.09,119751.51,126682.22,123482.92,117471.23,123372.67,114688.6,132309.01,129448.28,125325.4,120731.93,125230.99,121215.39
321622,138110.8,147204.56,133811.05,139369.59,148514.76,135928.46,136465.62,152697.52,135996.42,145289.48,138686.85,133081.2,149498.45,140636.15,143064.73,153253.29,139181.54,143605.82,140327.33,154195.11,147701.98,153920.88,136352.32,141506.39
322623,124568.44,108499.75,127443.17,121350.03,114802.66,116179.99,124149.28,115343.7,113597.85,119981.16,110344.81,116405.34,118660.59,110485.37,112593.12,112776.1,118545.82,113766.13,119386.85,128243.08,113581.93,109003.66,115387.17,124949.83
323633,132095.15,148583.37,132386.22,132212.6,146157.28,139838.04,144187.37,125849.38,142866.38,132363.76,134514.56,147094.06,149722.73,134628.91,136305.32,131625.47,132499.34,123647.0,135273.53,130638.46,129097.64,126008.86,146111.74,139332.06
324634,89491.54,84483.0,80956.48,82096.21,81056.48,79151.62,88232.21,82574.33,78666.77,88900.38,82311.65,91111.65,83630.27,88825.74,87646.09,82269.95,84849.3,76723.95,93036.49,83423.6,82105.13,91579.66,87611.84,76885.52
325642,102180.15,90517.88,106234.64,101505.87,112991.04,97177.53,106535.15,104410.13,94445.81,90913.4,97035.89,100939.5,99783.2,116298.75,103447.13,96915.23,93528.27,102419.6,110284.79,99817.36,96467.21,111179.66,99854.01,96279.32
326643,89006.62,90086.38,94494.61,92491.14,88179.27,89315.03,92182.99,90432.32,97470.6,88330.53,94255.12,89800.94,89924.22,94739.21,91443.84,89709.53,91573.55,86451.12,91805.89,96201.31,90564.66,91100.63,93956.56,85838.54
327652,63363.6,62684.19,65009.43,68778.57,60762.04,64953.54,65609.46,63510.53,64212.14,69221.23,62629.44,65343.88,67997.52,62224.61,59240.35,63906.71,58096.83,66307.04,66687.3,63920.47,65114.3,67776.44,67066.69,67878.89
328662,122480.11,113814.05,118990.54,116492.21,119917.91,118244.18,119062.27,131004.07,135318.05,118246.92,120917.65,116241.76,113097.44,121315.39,117836.59,112443.61,128856.93,125213.13,122532.19,118107.68,132514.37,127500.54,120460.21,113650.76
329663,85732.6,92268.31,97718.71,79678.76,96871.43,92247.96,86049.94,95469.83,95885.97,91716.43,95081.59,94570.48,86576.39,92141.87,86528.31,91434.38,88018.7,91407.68,92712.14,93861.63,96098.58,96594.91,83576.59,88268.61
330674,59429.02,53325.48,58863.55,61420.99,63464.96,60667.05,57363.86,50660.66,62346.1,56089.47,62412.03,62174.47,62704.5,63791.0,59110.3,63499.7,62408.54,65114.32,54025.74,66576.11,59881.14,60080.14,59923.87,58418.15
331682,49218.25,53207.75,57126.36,52509.89,53608.15,56399.98,53227.04,57758.45,50490.86,55631.31,58725.82,56396.87,55249.67,51001.92,51801.15,54232.16,54426.16,55096.83,46424.13,54337.48,50539.88,55303.12,53073.35,53275.32
332683,29487.7,31195.26,27711.55,28362.21,25629.32,28986.5,31145.65,28689.69,30165.43,29641.34,26997.85,29803.84,29430.23,27827.8,28496.45,27764.32,29581.18,27450.05,28148.25,29036.8,27811.38,26244.06,27859.79,28601.33
334162,39672.93,39829.62,44599.61,42396.65,42015.98,36703.15,43827.0,41343.43,43799.0,43240.93,40529.01,38585.62,45894.83,38761.36,44241.03,41424.3,43870.36,46478.16,45763.86,44364.48,44800.39,41588.52,37583.54,42110.67
335172,50379.11,53443.38,46001.64,45680.78,47429.64,46762.26,51550.53,48552.16,48134.9,48253.3,48770.06,48282.34,50821.26,51299.09,49023.59,48550.01,47285.88,50780.04,48117.52,46416.54,41603.93,49123.39,48040.84,48793.77
336173,58151.8,56934.98,58148.94,57599.93,54231.54,58118.16,66254.04,58763.56,57078.28,57592.01,63020.32,57634.98,57621.34,52163.71,54608.27,60462.36,53998.34,56617.11,56633.6,56039.85,59626.75,54996.53,57273.59,57310.49
337182,45554.51,47100.28,50157.35,48947.07,45582.49,44158.09,46206.43,44789.1,47005.59,49336.94,42625.35,46941.7,45966.94,44318.77,41380.85,44350.3,47182.9,43252.64,48524.91,42865.33,45774.94,48515.27,46036.66,48542.0
338392,56137.39,52891.34,53729.18,50247.39,56165.04,55958.23,53721.14,58970.59,53993.52,53789.82,56970.69,52887.37,51743.31,53397.81,55289.75,52802.1,52319.6,56313.04,54162.01,48927.11,49410.13,51735.12,58946.83,56158.78
339402,62936.28,66577.99,62377.83,61491.74,62879.95,59325.33,59255.69,68277.02,62706.69,62630.6,59922.23,61422.59,65878.04,64514.52,66649.16,66933.43,59089.8,62259.48,64053.15,59459.5,57201.85,60680.23,56684.3,63781.04
340403,52260.09,53377.55,52315.17,58110.16,54257.15,56192.42,52697.04,54382.46,53473.92,54357.35,57845.43,49790.21,52796.89,52728.49,54785.42,54767.13,52630.87,49937.32,48933.9,53524.71,54137.55,57690.07,53201.6,50020.84
341412,64618.89,74095.94,68661.81,70232.77,77091.92,72385.34,61500.16,70878.63,70347.73,67447.49,71096.39,65503.67,66660.24,67424.7,66865.11,73546.38,70497.43,70596.75,71301.92,68838.89,73263.65,74959.63,69775.32,70984.87
342422,50716.23,58723.92,54215.68,54018.87,55400.01,51291.66,56956.25,58062.9,54152.24,53337.24,58304.91,55575.79,57485.63,55462.8,55053.2,54114.62,52559.55,59258.74,52169.19,50595.02,56626.97,51751.77,60908.16,54416.27
343423,70322.0,70630.8,70072.76,73612.32,64974.0,67122.97,64265.21,78904.08,71437.07,71434.42,67871.3,67483.09,67354.42,78567.6,70576.77,73065.25,68986.51,61330.79,70128.44,68273.41,71710.29,69075.75,69704.48,70485.91
344443,75614.22,79569.49,80340.26,85372.46,77695.55,76070.56,76038.48,79175.51,77646.98,76302.03,83169.48,72060.24,79594.94,78560.58,73325.26,79925.44,77459.53,76365.84,81847.44,77233.7,73803.92,77097.99,72803.15,73886.63
345623,108391.93,112246.86,124120.79,105320.63,119397.91,117575.13,115504.06,116341.65,108650.95,113415.02,115281.33,111840.4,116505.7,114718.62,102944.09,119343.69,109304.46,119886.35,107817.07,112299.28,112607.9,114428.57,113890.54,119112.07
346633,85022.43,86648.31,84004.15,86523.76,86083.12,87351.99,88580.87,90111.76,81784.33,78001.6,85177.21,89175.93,80495.48,81202.09,91354.66,84753.61,89780.89,80109.31,86393.66,83269.78,80287.86,91651.07,89418.05,84130.53
347643,95704.03,86043.65,98065.73,91969.33,96911.65,90614.32,99673.66,98111.59,92586.82,101007.61,98778.6,102258.7,98381.74,93484.54,91784.66,97632.37,100672.77,96316.87,93073.49,96715.38,99392.66,97274.3,91837.67,92420.48
348653,70699.03,71586.21,72056.34,74246.19,70554.1,69575.9,69045.74,73736.15,69511.31,68636.75,69983.39,71777.34,64122.4,65254.12,70771.73,70882.57,69576.38,68883.04,64592.65,71388.17,70766.69,74131.14,69861.0,75266.59
349654,79201.33,74246.87,74544.98,76794.61,71444.68,75326.36,77361.48,75895.62,73837.06,69616.25,73839.76,76850.35,77214.29,71241.99,69234.8,71548.7,73716.16,80289.66,78101.68,74906.03,73067.8,78944.27,75729.89,75906.94
350662,54500.77,62516.84,57037.51,59448.03,58291.1,55497.13,58813.95,55601.64,59525.14,51171.92,58256.85,61034.24,58119.01,57904.16,57306.37,63409.75,58112.2,57941.55,60301.34,59088.1,60405.29,60446.94,60570.11,59933.27
351673,56172.9,57820.28,58462.15,59144.0,59934.1,61582.06,62908.56,61017.91,56927.21,61038.98,59526.29,52892.87,60765.59,58392.67,56920.77,62695.34,62448.53,51673.55,54756.91,61643.71,61479.13,60241.02,55154.14,56222.94
352735,69315.15,78640.82,77909.06,78734.8,81693.57,78211.49,82648.29,79668.07,74598.01,77446.45,78858.42,77773.78,77656.16,82703.27,73870.14,78707.91,79017.32,73243.44,79390.4,78854.59,83700.27,71865.95,72613.56,84684.59
353743,67524.18,79959.21,78902.98,66535.46,69713.07,76962.88,65740.43,74455.01,69282.61,71300.83,76406.12,72589.85,68385.38,73182.96,78458.56,73676.88,75721.11,68051.26,80227.23,71552.37,72384.86,78209.01,70297.2,72885.01
354753,79827.34,74542.03,79023.92,82083.22,73228.33,75058.05,71574.97,82182.38,72335.89,71811.61,71758.45,74690.82,80347.1,75928.33,77994.71,72622.97,82043.27,76270.84,74969.54,82970.05,77987.95,79029.7,79453.91,73675.49
355772,85666.42,76534.03,79556.89,73973.09,80597.5,84717.73,82210.14,75960.64,79892.42,72973.85,78942.24,83714.42,74343.04,79436.31,69175.9,82374.15,70387.15,83016.09,88954.29,80539.91,82106.51,79423.51,76126.87,78599.49
356773,81158.95,83617.18,78183.7,80926.77,77348.22,74489.7,80554.56,87458.43,87798.38,77721.07,77713.46,93512.74,83132.69,85675.1,81725.59,89390.88,89062.92,80189.15,79615.67,87632.52,80787.81,82071.79,91929.94,85633.62
357853,108416.71,112018.99,103973.19,102774.24,116243.6,100244.64,112497.94,101022.13,104203.65,107498.22,110568.26,114419.69,106101.3,104919.93,109185.84,102764.52,106877.84,113668.39,107220.79,110620.55,114910.57,108190.44,106729.49,106442.19
358854,85631.75,78789.86,84097.55,84372.49,90882.73,87381.13,87155.94,83304.0,91866.86,85524.24,80059.96,89799.48,90022.8,80984.87,87339.29,87952.03,91469.23,77408.77,88243.01,85069.3,91240.9,78306.86,95642.37,88515.26
359855,72754.62,78480.04,73218.71,69342.45,74326.85,79775.89,70853.47,69322.0,80131.55,70401.79,71714.59,72815.92,72101.17,71899.92,73662.86,73126.57,69288.97,76596.2,73629.49,70595.0,71713.24,67691.71,71208.42,77018.49
360856,72208.93,82076.18,80949.63,84232.3,82973.26,76221.0,83190.17,79429.01,81437.47,79833.36,81499.99,84870.55,75793.81,79090.15,84425.76,89143.87,82849.1,81258.22,78865.67,85632.12,81230.97,80560.66,80607.1,81718.26
361863,63809.37,64619.8,67613.81,63994.29,71421.62,62320.79,66425.88,63981.03,68132.43,67093.8,66711.21,67662.57,65441.57,61550.89,71598.3,66036.93,69602.3,70588.42,72077.85,73220.5,71639.66,63961.58,60242.52,65445.7
362864,80996.35,98047.06,96235.35,88573.25,89004.12,91423.42,81481.46,91373.96,86816.91,95356.18,93999.13,85778.9,84933.9,84554.46,95118.05,84563.37,89007.62,89438.72,96787.03,84000.08,81305.01,86503.51,91736.62,92344.03
363873,87030.48,92998.65,94266.71,98733.6,86919.77,98462.95,88311.61,85701.77,89442.2,100631.5,94115.14,91355.98,98609.67,89363.47,94616.44,89744.23,91468.98,90193.58,93509.54,93452.86,84708.49,95361.57,94534.01,96388.45
365083,111226.83,108095.13,111179.03,120158.26,112537.79,113012.28,115838.73,119041.32,116389.16,108385.56,108389.73,114128.85,109749.0,108458.02,106714.21,113284.22,115903.5,120671.69,114724.99,106698.99,118868.65,108027.79,102965.48,115714.97
366084,85112.35,76872.91,75156.66,77578.15,78167.29,80026.02,74812.01,79804.48,82673.09,79852.14,74823.99,78028.74,79932.71,81624.32,80347.22,75147.13,75194.33,84907.02,81071.72,77933.67,81854.66,84264.34,70672.71,75897.7
367093,70231.17,75743.54,74345.86,73322.26,67810.56,72152.22,73150.21,69616.45,69600.25,66174.12,65588.99,71967.03,75025.99,68178.0,75066.67,72320.36,72609.62,76873.36,73164.63,72977.78,71799.28,70895.27,77565.2,65319.33
368094,50057.15,52701.06,48842.44,59663.12,54346.04,48765.45,50440.9,47883.02,57145.16,50498.06,50984.71,50405.43,53462.82,48029.37,54074.28,54062.98,55182.95,46973.0,51753.68,50690.37,51528.33,59563.44,51074.37,46628.63
369103,56976.64,56029.38,54778.92,61983.31,58198.97,54490.59,51268.61,58495.62,58906.24,59902.2,61105.4,57920.55,53171.56,56318.1,52258.39,55905.07,59625.98,56830.94,58413.62,54109.15,53874.06,54085.58,60327.82,57827.17
370104,86645.34,86804.48,85253.92,84225.44,86785.5,89417.21,86103.56,82440.78,81950.66,87175.15,79093.12,86147.62,87445.04,75660.26,84380.88,87887.85,77584.65,92491.67,87397.79,86978.27,87410.77,86105.97,87539.18,83461.83
371112,69665.35,69623.12,66541.59,66088.45,71212.96,74779.92,67343.05,65926.72,68390.13,71058.24,67237.95,66612.14,68163.16,71119.69,69783.51,65857.17,68107.62,65908.44,62736.29,66176.61,69989.08,66624.89,61079.0,71803.96
372114,92820.46,91422.99,102573.54,98945.29,99654.66,89948.69,95699.07,91908.66,91792.19,90868.74,96750.27,90177.71,91843.78,92480.65,88447.3,90891.86,93631.21,97789.63,100786.28,103637.37,94732.73,95117.03,99260.29,93884.33
373123,39979.61,36909.46,37046.27,40951.2,42408.52,38991.35,40043.75,41402.92,39523.57,39886.65,38193.55,39037.83,40247.49,40082.64,37226.36,41585.35,40436.13,36227.62,43529.61,42203.61,38499.35,38068.13,43536.94,39062.24
374143,44607.71,52485.09,42961.09,47177.34,49310.52,43959.26,43511.76,47673.51,47268.03,47223.05,48425.07,43886.4,44243.39,49384.69,44543.32,45737.13,46903.92,47054.47,44128.02,48596.43,42549.47,44162.76,43929.4,45964.14
375183,38667.02,35930.73,34089.17,37604.76,39834.24,36009.51,39715.96,38330.41,37369.3,35564.66,41940.94,35759.52,35192.84,36241.67,35649.92,36273.76,36608.59,37446.28,34282.43,39749.17,35675.75,35434.31,34608.34,37945.43
376193,42748.64,41569.74,36677.96,33298.31,38167.08,40034.23,37339.47,36276.44,35575.39,38708.54,39030.7,40222.94,34128.48,42223.85,38679.99,36661.54,37799.3,35072.8,39759.36,38089.48,37618.58,32810.62,40177.91,41288.18
377203,26372.19,28248.45,24236.63,24596.03,24895.11,24583.89,27207.86,27478.79,25442.54,26578.53,27380.02,28063.76,25708.25,26626.41,23423.15,24721.09,24186.57,27655.68,24550.07,27091.69,22843.48,25505.14,26244.61,29375.62
378213,27799.67,25708.9,28796.25,30874.79,26974.5,26210.09,28406.94,29890.54,25537.19,27772.06,29094.81,27858.06,28940.33,28372.49,26714.18,31336.37,28387.2,26840.72,27540.68,28860.98,26576.55,28118.55,29615.1,26340.88
379223,11230.01,12394.28,12992.2,12520.57,12119.24,12418.33,12603.48,12452.43,12152.73,11789.2,12044.06,12084.19,11606.54,12984.8,12940.96,12341.76,11356.29,10530.85,11324.83,11634.64,12958.5,11731.72,11549.82,12517.26
380233,17222.17,17917.69,16295.05,18540.96,18864.53,18477.97,17077.84,18110.71,18443.37,18890.06,17112.38,18434.03,17317.24,17089.52,18922.49,18853.91,17645.0,15680.08,18468.81,16690.31,18258.12,17453.08,17405.18,18396.32
381253,23585.97,23404.74,21742.42,25399.01,24182.74,22803.27,24515.63,25847.21,24304.29,21795.84,23901.18,22849.88,26319.69,24160.98,22831.76,24803.03,24509.97,23910.22,23901.91,24405.05,23277.45,22051.18,23560.63,24237.61
382272,32268.32,30443.38,30271.06,31922.09,32933.37,32930.44,29164.32,30575.24,29765.15,32045.41,29956.33,34349.67,30821.05,31442.67,32346.08,31944.9,34904.41,29781.7,33328.14,30991.62,31241.52,32379.78,30953.29,32162.04
383273,24231.74,25914.28,27439.8,27597.18,25046.06,26692.55,26185.19,28111.8,27474.48,25234.77,26982.96,27554.37,27469.42,26160.99,26768.58,26727.87,26083.65,28510.48,26838.54,27315.17,25867.1,25011.86,27232.84,27391.46
384283,37279.65,34935.93,40881.35,36641.06,38136.26,38958.86,37582.96,37736.4,38117.39,36463.66,39531.22,37415.79,37653.5,36258.1,35810.87,39403.67,40252.64,39466.44,39108.81,37880.89,38129.15,41687.5,35970.36,39137.67
385293,43233.51,41916.53,44274.85,45569.95,42373.05,43081.59,43541.32,42985.11,42613.13,41542.83,42046.49,41548.83,40441.23,40525.56,43312.29,42958.57,43201.43,44473.05,41067.82,42224.63,40765.91,45294.38,43219.32,41182.53
386303,40754.1,35751.04,37097.42,37608.67,39805.64,39193.45,37029.87,41588.99,42342.36,41239.95,37904.34,37648.44,41894.86,42646.73,37915.94,39917.23,39432.95,38817.25,38844.16,39582.14,42051.37,38547.4,38019.26,41550.65
387313,25668.05,24601.17,24992.74,25758.92,26575.96,25111.47,25373.5,25392.71,25808.11,26831.95,24346.37,26865.31,24890.92,24764.84,24545.03,25849.92,26897.17,23817.0,25086.91,26276.79,24267.2,25107.6,25070.44,25697.97
388314,32440.14,34819.74,29806.47,31558.25,31487.33,34915.68,30250.9,30894.28,33327.97,30316.37,34341.09,35071.88,32658.52,32083.96,33060.92,30710.95,30155.62,30292.88,33247.02,30243.84,31052.44,32350.09,32335.44,30701.1
389333,24932.72,26932.47,27030.21,25378.51,28290.7,26068.91,25940.02,27166.36,26105.48,24186.53,27831.16,24403.82,25809.05,26156.36,24287.66,27464.98,25977.85,26996.98,25059.97,25956.82,25650.77,25049.47,28614.68,26179.82
390363,32964.22,30146.87,30354.91,28732.89,31320.14,32241.22,31291.65,30525.6,33390.24,30176.69,28994.82,30648.98,32406.65,29009.47,29759.55,30249.96,29795.21,29605.55,30434.69,30646.65,30718.44,28926.2,29142.22,31053.86
391573,41269.75,40392.58,43942.06,43222.05,43213.17,37570.01,41646.81,43729.28,41035.24,41818.51,41609.5,42154.6,42106.51,39145.43,39563.21,40621.36,43864.02,45622.91,44769.73,41743.24,41117.99,37796.92,43495.97,40050.41
392578,33947.41,35126.9,35184.46,36812.66,37807.32,36779.95,37763.66,33720.23,33290.63,36329.89,37506.25,36767.93,37090.21,36458.85,37846.29,36747.7,38375.01,34758.77,36806.95,34099.84,35922.22,36204.73,38592.28,34942.32
393583,45298.53,38237.65,41296.14,41450.57,42060.09,40408.88,43179.4,42767.81,43212.18,39146.49,39715.6,45457.04,43331.24,37204.12,42538.62,44909.04,43527.78,45353.18,44225.72,36308.92,43754.11,41640.32,45459.59,39720.93
394723,49868.42,53165.55,51199.06,49523.75,55199.89,52517.26,49187.6,49954.41,53401.14,50233.56,51526.54,48790.45,52121.75,53707.57,57148.1,50576.23,53617.95,54279.05,54922.62,51681.23,53128.54,52511.13,50864.04,49768.86
395724,50581.08,50774.57,43939.84,48585.99,47069.0,46313.82,46131.39,48386.78,47324.23,45920.28,50339.06,46957.77,45833.04,44399.44,46104.48,46271.22,46185.41,47675.24,46528.71,45938.46,49776.04,50002.28,47434.3,42021.93
396733,35603.1,34986.13,35520.43,36945.57,38001.7,34005.6,38676.44,36326.14,37314.6,38299.56,35448.23,36237.5,35877.15,36226.86,35632.51,37738.04,34122.68,36708.92,36262.9,34902.08,37990.97,35735.3,38130.4,37237.69
397734,41263.53,41055.39,39358.78,39609.82,39100.79,43280.92,41936.96,40302.01,41443.85,40903.06,39001.77,41524.14,39249.03,39957.38,38807.09,41249.97,36544.79,42382.99,38942.99,38902.8,39805.84,40224.97,38113.94,41324.9
398773,51497.16,50106.8,53037.68,48709.1,55905.43,51279.94,52180.24,50122.76,52058.13,50549.0,47737.59,50028.45,51623.17,57123.5,51599.45,49713.8,49555.12,55484.29,51192.6,52434.73,55371.39,55770.69,53729.8,51316.89
399783,44537.19,43676.32,46041.77,44225.12,45664.38,46828.78,41440.76,45863.97,40683.42,45796.75,43928.77,45301.3,45297.54,42354.41,42741.15,43324.09,41644.11,46919.14,43738.0,43100.23,47080.6,41394.18,40707.93,44737.59
400784,51583.2,44049.52,47249.23,46132.59,46477.28,50669.52,50309.73,46144.76,46265.76,48114.01,48672.44,48534.68,48840.37,46248.33,43657.31,44539.5,47694.83,48134.45,50989.37,48262.58,46707.32,48092.12,48285.69,48281.07
401793,39531.26,39906.95,38166.48,38560.03,39891.0,38242.36,40187.74,38400.85,35948.6,38191.24,38488.79,40987.92,41057.42,38422.68,38844.26,40257.82,41818.04,39219.22,41864.83,41305.91,40310.6,38253.53,41627.96,41677.87
402903,54021.09,45061.2,48035.71,49330.71,53959.87,48553.15,48922.75,52243.6,49790.57,50076.15,50257.35,48839.3,47529.9,51296.64,50650.07,49232.68,52242.84,49377.13,49510.44,50748.07,47842.28,50081.52,51345.7,52094.97
403904,40780.57,37719.57,40379.85,45407.04,43706.1,44733.68,43975.83,41044.79,47281.11,43584.0,47489.36,47558.14,46773.84,48527.18,45108.04,43623.97,41058.38,45169.7,45999.44,43931.15,45264.45,45859.12,42908.58,44340.96
404913,40628.65,37867.43,40294.28,40433.92,39922.42,39608.45,38962.2,41123.72,39938.57,39900.42,40221.11,39058.01,39205.36,41897.44,38262.91,44139.9,39805.94,37607.49,39526.37,39961.51,43106.28,38763.64,40579.94,42548.27
405914,42980.91,42101.93,39512.24,42780.74,44950.98,43345.51,44597.38,45776.52,42314.0,43525.93,38602.29,45974.42,45403.4,41753.74,42557.63,42187.03,45342.52,41886.19,43098.11,47447.82,43644.73,44655.16,41491.75,41863.7
406923,31737.27,32304.53,33079.66,30216.65,32064.03,30907.98,31292.83,31973.89,28658.54,29574.88,32905.14,32438.8,32002.95,33759.75,34529.47,32390.03,31828.48,30647.23,34376.39,30358.44,31105.33,32065.8,32326.45,34571.28
407933,19157.0,18451.24,17754.87,19600.47,18991.7,17953.89,19526.9,19325.27,19446.45,18568.96,18948.47,19235.82,18016.38,16988.78,20720.7,18525.86,19939.04,18827.93,19155.57,18405.79,19113.76,18123.88,18976.2,19595.76
408954,17402.97,15614.41,16610.63,18623.03,17017.17,16294.45,16991.43,16206.77,15913.44,16402.19,16064.93,16695.88,16950.0,16839.69,16118.75,14993.0,15618.17,16843.38,17232.83,15461.94,16907.5,16100.42,16172.99,16116.38
409993,3958.65,4156.98,3841.93,3928.83,3805.39,4152.83,4516.81,3822.11,3791.4,4132.55,3954.1,4095.33,4273.11,3733.41,4450.09,4077.19,4238.97,3561.3,3904.85,3930.06,4487.19,4006.07,4012.68,4014.78
411814,1462.98,1520.36,1672.71,1446.42,1542.69,1549.16,1467.47,1515.59,1456.86,1422.05,1500.28,1452.24,1557.06,1569.85,1493.23,1487.15,1303.34,1500.15,1528.86,1425.62,1444.59,1553.76,1492.0,1356.98
413644,0.0,0.0,0.0,0.0,0.0,0.0,0.0,0.0,0.0,0.0,0.0,0.0,0.0,0.0,0.0,0.0,0.0,0.0,0.0,0.0,0.0,0.0,0.0,0.0
