0,6140.24,6335.6,6299.08,6059.87,5963.44,5449.05,6367.22,6090.6,6353.53,6307.62,6171.98,5955.45,6173.96,6249.94,6148.36,6123.55,6050.07,6051.32,5862.12,6003.6,5882.29,5870.91,5953.41,6023.69
1011,11493.17,11467.38,11442.52,12016.01,11701.18,11507.05,11789.18,12198.12,12109.91,11453.88,12030.58,10867.35,12432.3,11324.31,11606.99,11491.44,11295.48,12371.25,12787.05,11774.47,11027.42,12093.06,10742.78,11487.68
2041,8086.04,8589.19,9112.07,9048.9,9252.21,8041.18,8657.86,8877.56,9186.73,8166.52,8776.79,7599.74,8055.15,8775.92,9146.55,8464.74,9156.5,8761.9,8416.95,8685.08,8480.11,8398.31,9184.36,8826.61
3070,20423.04,18592.77,21184.51,21291.41,19641.48,21435.62,20909.52,22483.39,21269.21,21508.76,20871.82,19976.34,21706.26,20458.18,20475.15,20222.5,20843.41,21783.65,21115.64,19427.04,21154.72,21005.2,21311.37,22202.32
4081,28619.86,29531.18,30800.74,30494.74,29686.51,27066.01,30232.95,31020.86,27950.95,29453.41,29930.19,31800.33,29855.86,27480.32,29455.66,29491.31,29955.63,27138.35,30502.17,28997.76,30450.75,27659.46,30407.35,30466.68
5101,51293.77,48230.3,50696.58,62036.11,49110.12,51439.42,54070.95,49242.39,49744.86,48588.44,50051.93,51330.83,47178.47,48467.81,51013.15,56886.1,58486.18,55014.56,53542.52,51570.31,45470.51,55040.66,46421.7,54002.6
6111,21231.68,22392.26,21945.38,22189.22,21604.21,22050.64,20023.46,21792.31,22083.33,21949.34,22892.84,22324.57,20051.76,19816.22,22936.96,21592.5,21120.29,21836.78,24047.49,21276.01,21772.83,22169.74,19580.16,21564.61
7131,23347.18,23524.55,23002.59,23275.18,23443.2,21643.07,22790.96,23397.57,22124.8,22579.08,21385.93,22860.26,24991.2,24380.92,23144.38,24178.53,20654.92,22008.17,23625.96,21857.44,22360.58,23636.53,22729.57,21624.72
8171,28234.76,26549.04,28358.36,29562.86,28976.59,28412.34,26842.92,31658.39,28435.35,26141.49,28221.3,27614.49,28020.28,29152.4,26179.68,29310.95,27109.11,27169.91,26426.99,26562.19,27591.06,29377.39,30295.04,26421.76
9201,35212.76,32108.06,34682.71,30857.6,34814.75,32084.01,31565.61,31426.53,34072.11,31572.25,33804.11,33469.33,31207.41,34270.88,34004.06,32788.88,30250.88,33756.32,33542.9,31910.92,31277.78,32184.01,33497.25,29843.33
10211,50345.49,51329.35,53275.47,56027.8,51644.23,56059.22,50626.61,52172.52,47876.32,51881.76,52431.71,52162.91,51057.59,48101.27,52170.48,48197.95,49746.21,57006.83,44373.01,51924.46,50251.66,51581.02,47456.87,48710.2
11233,101898.6,89372.76,94027.03,94097.15,86768.91,90902.12,91463.32,97411.02,84399.41,92509.38,85533.11,94077.34,88191.26,94625.91,94696.91,91489.64,93513.51,87655.53,85350.14,98951.02,95850.52,82891.9,89466.39,92592.4
12241,98463.23,92856.47,88310.51,94652.02,93498.2,84894.17,92852.21,89023.23,96982.6,89483.6,82760.17,94387.71,90317.55,91188.07,94596.88,94262.7,93031.06,95635.86,88075.43,93365.33,93034.26,94451.64,95189.8,82743.63
13243,87704.67,87703.39,85413.56,99115.59,91960.03,83815.48,87722.41,91135.2,87492.98,88075.39,79015.61,89725.7,86199.92,89045.91,90233.31,91766.77,93783.36,90192.98,87963.04,88756.71,89974.3,89689.33,91890.81,81255.13
14272,77365.51,69269.55,71642.9,72168.46,76206.41,71226.85,67235.72,74547.8,66461.04,68017.37,70571.51,69795.26,75424.26,70596.63,72980.4,75216.95,67535.75,72426.14,69299.23,76207.54,73892.93,72822.23,66508.18,72074.77
15312,98094.52,107275.03,98802.33,103262.26,93030.46,95526.76,107093.77,107490.57,98967.39,105967.11,104338.67,101656.47,93836.85,108612.96,100517.16,105411.68,96047.82,99313.14,99455.63,103580.58,106828.94,101947.65,103925.14,101942.41
16313,72490.12,74206.05,77503.04,66688.33,71742.22,66547.33,76429.22,68151.04,72579.51,78543.49,72904.3,72355.31,76396.61,70179.34,68228.56,76324.74,74237.84,64334.39,69539.39,77465.46,73347.21,77118.58,77325.8,73058.27
17321,49128.65,46075.74,48397.74,49991.64,45711.64,46550.59,45941.97,49952.65,49088.47,48464.61,48877.73,47688.64,49315.07,45844.31,47267.68,47352.01,46558.96,46968.39,49974.76,50932.42,48170.74,52130.33,51011.91,47179.49
18322,4755.72,4526.95,5087.4,4459.07,5344.92,4555.77,4578.11,4955.81,4735.35,4353.81,4999.72,4769.56,4518.15,4850.43,4828.66,4431.5,4438.28,4983.74,4822.33,4802.46,4317.72,4413.94,4573.83,4814.79
21721,90613.51,88083.72,84542.54,91133.98,91503.34,96359.98,91416.75,88586.77,90390.65,85233.34,93558.82,90387.86,92704.44,90912.58,80358.99,89053.12,88630.77,85986.78,92557.23,89011.52,92174.26,89977.62,85152.82,89299.08
22891,13546.29,15634.0,14546.93,15070.2,14622.8,14043.22,14840.67,13124.69,13818.51,13935.9,14826.39,14707.44,13156.68,13414.66,14161.71,13275.81,15357.05,14051.34,13202.93,14260.01,13476.64,15152.55,15754.37,14404.83
23900,329.95,337.11,333.56,334.84,353.71,339.86,325.99,340.71,322.71,372.93,347.67,329.58,358.99,332.08,290.72,329.33,356.19,338.0,342.09,339.14,344.49,358.29,343.64,331.92
25160,55282.84,57426.3,52332.28,52143.74,47549.99,58095.96,55728.92,53314.28,53786.52,57322.31,60652.38,53953.29,53749.33,51665.86,56651.61,51861.51,55044.35,50299.52,55691.74,58561.79,53146.12,54771.19,52069.91,51971.64
26161,76301.81,83513.45,85546.25,85610.95,82562.06,85014.54,80537.18,85697.0,82754.72,75232.03,88727.73,80070.02,84020.62,78894.64,79053.48,80779.01,82701.22,82630.09,82644.68,84653.8,80125.06,79491.05,87946.71,76322.51
27170,94305.13,97015.23,94392.41,88589.84,87695.25,101361.23,97811.75,91209.72,93480.79,104734.58,96289.08,97857.06,98090.35,91587.58,98835.75,102690.29,93876.45,96740.84,96921.53,91408.87,96096.33,87788.54,96742.26,94018.86
28171,105848.38,105095.1,104284.28,119307.59,115675.29,102225.2,97449.82,110659.47,107888.54,106706.78,105361.73,108979.07,103074.39,100432.07,104563.19,110323.89,109795.32,114970.85,110954.99,107562.55,110243.34,102355.17,104972.66,111576.66
29202,100804.54,102997.48,103101.17,107672.77,105904.0,105812.22,108428.27,105861.86,110217.23,115779.7,112760.02,100024.53,108971.4,108019.11,109575.63,109769.24,106531.11,93545.69,116069.4,100382.42,108538.79,110308.91,114590.72,110760.95
30211,98624.07,108092.36,101458.49,100522.45,98301.53,105861.68,96153.18,107026.39,102869.64,100824.23,92567.91,106553.81,107115.9,101567.55,93337.49,101148.33,109690.85,105101.04,99655.67,103902.36,92476.84,93525.8,96448.72,104328.02
31213,102544.95,114437.68,97521.17,108053.47,99878.28,96665.99,108344.64,95854.45,97856.56,111854.12,99155.73,101719.71,111116.67,110261.31,107611.45,102349.31,106546.46,97593.62,101456.3,98460.62,98058.37,104336.62,102524.62,107352.2
32281,108385.91,100631.89,97577.95,101069.35,97978.58,105173.94,101379.32,100354.8,114453.48,93821.3,104870.33,104247.74,92575.82,98558.22,94200.82,98526.8,103827.27,105315.03,93883.64,102982.99,102731.67,96217.38,101049.4,101356.76
33301,75876.33,85279.94,85854.36,79055.64,80649.32,82692.15,75999.11,79531.65,80683.41,89306.16,87007.26,74557.54,75336.06,76622.03,81042.04,78517.95,84839.33,78852.9,82393.73,77923.35,81522.97,81733.95,81964.29,78270.79
34302,80319.28,84603.23,72369.13,72731.65,66462.57,78938.51,73518.26,72279.91,74559.73,88545.55,77819.7,68740.36,69911.01,74940.17,81596.05,77506.69,78441.96,76184.29,73050.43,71145.09,70169.77,66033.25,73036.2,79285.85
35310,74874.35,80969.16,73795.39,76540.18,85322.23,76163.35,76853.72,74473.27,79936.64,78792.96,79714.87,83415.21,79046.29,79580.86,82689.48,78627.1,73787.32,81537.39,78144.57,87935.06,79476.29,76298.64,81535.32,78093.16
36311,87208.93,90043.37,83910.02,87047.0,86688.32,86893.95,87966.87,94384.7,81252.33,87436.99,90979.83,86295.35,95497.75,90514.68,90567.64,93673.1,93698.6,86562.37,76693.77,83523.64,92178.05,86575.71,78283.41,91161.79
37390,98095.29,91632.62,103375.89,93454.66,92822.81,105930.48,94301.18,102501.3,100320.12,99487.49,89999.2,84810.66,97130.67,98072.05,97713.11,94747.65,94735.21,87059.48,98881.38,93723.74,96719.08,99614.24,95177.84,94397.35
38400,73926.53,73256.81,74147.97,74187.66,75826.62,77687.62,75829.79,75139.37,76870.56,72034.77,69156.79,78980.78,77498.71,74361.67,72334.14,68039.47,68818.18,68813.53,73286.62,73811.87,76757.74,73498.3,71828.62,77362.03
39410,89808.09,91254.05,89768.89,92679.54,86372.15,85937.97,89707.04,96150.59,80803.91,90194.68,90681.2,85118.33,86438.37,89761.44,80428.46,92461.81,91566.21,89887.65,86225.72,86194.71,96511.01,81534.36,86364.09,95094.41
40421,104339.56,109810.45,108170.77,103009.21,105120.29,96037.35,111497.05,100732.41,107178.49,93910.51,110750.47,107905.79,113799.94,106343.58,106132.53,104846.58,102214.01,106537.19,107432.42,112017.9,106411.59,104963.23,111406.53,94586.08
41422,101981.05,114119.09,110066.72,112365.39,109193.06,108531.89,113737.79,107767.56,116938.0,107635.09,120658.27,113024.93,111587.7,112507.01,118511.02,125026.19,116678.33,113795.55,106571.63,109732.45,107381.18,120260.27,115652.55,116130.9
42424,125061.77,114603.28,120178.19,124428.89,102220.36,111905.17,131717.16,126991.32,123979.7,121247.92,119966.89,129331.87,110560.69,127638.53,123798.16,121806.95,128684.94,115757.7,109689.2,120221.27,117835.52,125461.41,121974.44,125650.55
43431,158576.57,161581.61,155360.52,161464.23,181107.46,150595.8,157977.16,155920.35,168453.62,159067.11,154109.31,159019.14,151699.56,149406.3,164608.26,152553.9,151738.5,173525.05,159141.03,153800.05,157988.02,146916.4,161357.48,154028.13
44432,131709.43,142648.09,129352.4,138264.37,138294.06,140661.15,125012.05,136155.73,131814.53,130270.48,139343.02,134918.32,125561.07,130983.19,135301.6,134993.02,132890.0,140793.54,125772.37,135583.5,135600.86,131944.36,138601.76,130702.38
45433,146261.27,145771.91,146687.61,148042.4,137310.13,136044.94,145232.76,146000.61,146660.42,144686.4,163343.63,141288.92,144205.26,142990.14,130282.26,146942.82,142039.28,144812.1,138985.96,132015.32,141756.04,144126.15,163870.96,145980.36
46434,117259.26,135949.57,132450.13,145411.04,125278.73,140695.94,131384.82,124170.17,122111.04,138566.42,134402.71,149796.3,130210.25,132645.7,136076.12,134041.66,133148.59,131922.65,136150.64,131649.52,142173.75,134273.3,123139.83,131689.57
47441,145790.12,137939.88,141147.87,142128.09,144122.34,141766.21,135159.55,143685.45,143802.02,150266.92,147106.94,142095.53,140904.86,140806.97,134392.15,141180.25,133004.97,139218.36,146950.82,138207.73,137273.31,146656.37,143527.31,141010.32
48442,106816.14,114889.56,113002.28,115137.21,107829.41,113180.11,102750.02,116864.49,111269.36,113979.27,114360.19,117297.59,121909.3,115282.8,114074.84,108551.57,115623.64,110069.6,109601.93,112080.65,118040.33,114521.6,112873.66,113838.82
49451,82041.43,85645.33,86749.86,78864.1,79115.05,90157.14,84352.11,83729.76,78934.82,81869.43,86443.01,86168.4,75460.43,76244.78,78748.18,92103.09,84037.2,78788.15,82696.68,85948.2,86503.25,90735.93,76530.24,83817.87
50470,75875.48,78992.48,78722.88,76376.19,82495.66,82655.13,80671.62,77749.75,82465.98,85420.25,87579.33,79572.39,83055.68,85686.28,80745.1,78047.48,76583.96,79736.28,75887.41,81384.2,82229.59,83666.09,83740.72,76911.42
51472,97314.89,102459.25,98046.93,110963.37,98085.21,100787.2,99127.6,100885.84,107269.69,105741.75,108208.59,104146.81,108261.49,110398.68,113323.49,103552.07,114640.3,104867.22,112806.11,102995.2,106859.33,106360.23,108137.6,102360.56
52480,131731.98,125981.67,134572.44,132635.13,138391.3,135258.98,128870.79,125292.14,126975.92,125877.6,135551.3,143439.12,133733.5,142924.16,118813.66,132614.22,139335.38,129911.58,129738.32,125667.49,135075.93,124891.61,138228.78,131532.79
53481,138203.93,144984.95,133980.07,130072.45,134176.4,151373.18,132293.01,133831.13,122490.92,145111.34,116550.4,145499.28,131010.53,124333.72,142867.66,128686.25,131562.57,133653.15,135668.23,134365.41,128810.21,135630.53,131960.88,128007.56
54483,109441.38,108511.09,112030.8,124182.47,114569.84,102969.29,118397.11,124404.9,115382.94,114252.15,118003.63,121157.91,119301.55,115028.1,120424.65,120661.69,121273.48,113422.43,122898.11,119172.47,128626.21,116336.02,113524.51,124333.4
55500,125672.66,133826.78,131315.36,132125.39,125548.49,142199.91,125934.15,125449.55,121940.63,135821.55,138672.17,130088.44,130911.28,134867.56,122138.78,125617.76,139996.74,137556.63,134483.2,119653.7,133689.47,132642.14,133392.93,128164.84
56501,137911.5,145108.29,123286.44,145897.22,134877.84,139613.87,139515.64,146378.44,134282.92,121689.5,145941.3,147786.38,135246.75,151014.62,140952.95,156185.76,143377.38,142803.61,149668.8,142975.31,151014.38,136095.83,121407.98,140114.74
57502,137977.15,130571.17,131299.34,127325.55,153811.62,131466.3,131401.17,138863.98,147107.68,131217.83,142140.05,128461.62,150083.54,153151.74,129210.37,154071.75,133312.71,131525.41,133688.8,141623.78,144472.93,131652.2,139053.5,133599.03
58520,152702.69,144162.63,136768.12,148222.08,138984.13,146545.3,150297.92,138013.98,131134.03,133182.54,137868.77,136467.36,136383.54,136173.85,128484.52,152621.03,148206.86,132994.81,125349.21,132258.54,139409.81,151385.99,140885.89,130582.87
59521,135568.75,134690.24,135519.73,141458.61,139690.45,138514.33,142367.4,143406.01,142866.21,142414.9,141742.27,139640.09,141855.44,129687.42,132259.55,148931.63,138561.49,141962.22,146263.39,141208.6,150632.95,133502.72,138105.08,144515.47
60530,102707.33,102144.55,98499.84,97747.58,98624.84,97801.27,108763.79,97585.5,97976.42,107324.73,105300.18,103839.95,105602.27,102386.04,109436.56,106153.23,103234.26,105036.8,104993.48,96683.76,105749.91,99717.91,106568.57,107822.71
61533,110229.26,110082.43,111748.51,116820.53,113422.44,113890.88,121070.34,114151.98,115722.5,113028.55,104925.3,109509.6,107968.69,116684.6,109367.35,101386.06,93453.08,114475.8,112051.12,107322.19,106862.34,110904.55,112268.34,112517.9
62540,119512.41,117442.71,114748.37,108998.94,131947.22,121310.53,118883.91,104664.62,115008.17,114702.09,110822.83,118968.56,110852.48,116414.64,108739.23,115175.74,104684.95,114699.55,114749.94,113754.94,113293.28,112532.73,114646.65,114427.01
63541,113884.63,103930.38,106902.32,101697.47,98639.2,106944.71,106832.56,102936.86,105050.26,95459.44,109238.87,118255.92,104438.52,111543.33,115127.01,100236.74,109074.22,102681.05,104147.76,117166.42,111646.4,106759.91,108782.33,115654.36
64570,121634.59,129709.9,136117.29,141913.39,139279.0,127623.55,134353.61,125289.52,128094.54,130281.35,128748.79,134228.74,127959.31,129576.2,131423.83,135723.23,135883.3,128331.32,131734.34,136250.35,130149.37,129153.69,137872.2,131776.65
65650,184003.26,183622.94,169924.21,189348.57,166266.47,206352.97,182978.66,186115.6,194479.74,195419.98,219877.56,194201.52,197492.0,185395.66,200901.23,174358.69,195165.24,174331.99,212676.31,196337.79,202901.15,204526.54,196686.53,190238.92
66651,193035.22,190440.28,207939.16,201186.15,213321.15,216275.49,194742.4,194959.19,212777.13,211415.67,196628.31,203029.98,199384.81,194037.65,204593.38,215170.0,202868.09,212008.51,211336.01,222903.65,200857.26,205699.76,196840.58,205095.87
67652,196570.6,192835.41,183823.68,196466.32,210046.4,200283.2,207723.19,167835.15,192002.81,160800.25,187968.82,175508.92,194663.92,174953.27,194008.55,176823.55,180483.09,173882.23,179798.56,189568.46,192600.83,185006.72,180399.46,200383.14
68653,202786.9,197773.82,192848.59,203715.62,193477.01,205730.43,189684.7,210608.17,206445.28,213964.97,185355.12,207844.29,201559.11,222104.15,196932.3,213868.03,202469.91,188925.33,211519.31,186954.44,218464.2,203004.66,199686.3,197599.1
69660,159508.18,157203.23,163253.94,160840.44,169470.87,164219.16,160334.64,157864.98,170895.29,167418.9,164272.49,168807.6,152433.3,171925.46,163206.6,156504.2,160171.8,143990.3,156830.1,153826.45,157764.92,159719.98,164019.9,160721.45
70661,141042.56,135656.97,125696.95,126980.31,134640.03,134414.76,134745.02,139626.49,134510.53,154849.5,135930.46,139426.15,133517.52,132812.46,130068.88,127149.63,134932.32,136911.45,138188.17,131480.56,135038.54,149511.53,137869.27,130130.74
71662,110292.93,115818.43,118088.45,121237.87,113249.89,122939.67,132308.76,115012.3,120898.62,111742.15,105086.16,120808.64,99065.74,106309.75,119595.59,106468.05,119803.3,120542.49,114792.25,119156.68,116314.94,110104.31,116942.47,127162.37
72671,100792.18,96878.62,100612.05,94892.56,96935.84,84825.99,101949.85,102097.06,92270.04,96356.84,99790.33,96147.9,104590.21,96281.96,96543.18,94795.86,88090.65,96596.13,96116.95,105095.42,95877.19,98190.72,96522.66,98490.83
73680,94914.35,91469.96,98229.49,93112.28,93255.06,89325.13,87274.58,88522.9,84754.68,93282.77,81133.23,96307.32,91989.52,85676.94,92826.08,91228.15,94753.65,88063.26,93978.58,86412.61,89201.92,94123.86,84413.78,89084.12
74720,131161.57,131570.89,110788.19,132413.0,130227.48,140503.38,115164.34,130113.84,113598.26,132092.2,121596.78,124668.31,127165.71,125760.52,121965.82,118215.75,123733.73,124479.95,129904.83,132891.06,127899.37,137330.03,139905.77,114245.08
75721,82886.63,82665.46,83714.58,85771.12,84063.19,90257.35,85859.26,85104.72,73283.82,84157.32,82122.74,80120.17,75137.11,85330.69,82412.27,85313.31,79921.36,86939.06,81900.24,84027.1,82768.1,77153.22,90520.91,92733.5
76730,119012.48,116060.71,123805.82,109864.55,111294.15,118774.58,113887.87,114809.25,115927.01,114819.98,113219.79,117904.68,123223.11,111655.5,119062.74,103798.19,112504.03,115600.54,111081.97,104411.56,115291.75,121183.82,108340.24,110772.21
77731,107762.77,115636.61,109505.6,116212.14,117834.56,119582.35,109144.11,115933.82,120347.33,115925.62,109898.22,122750.25,108610.11,109640.34,114141.71,108339.83,107897.52,121138.95,112951.33,113692.6,109793.34,114620.82,119419.51,112488.04
78733,101012.19,116178.94,123380.3,113786.75,111362.26,115664.45,110054.31,115715.47,116424.87,110501.17,122933.49,112160.31,115498.36,117431.75,112361.85,111590.41,127928.16,112001.1,108804.91,121795.12,120598.04,104015.74,107251.24,107638.1
79735,123930.72,116393.03,111207.59,119222.33,119281.16,124439.73,122034.08,127786.95,121320.21,120163.52,132240.55,116544.71,128396.74,123612.29,124246.64,116983.21,117475.8,123813.72,122923.72,122070.7,122656.63,120868.11,113204.53,118108.61
80740,114473.19,104942.54,101898.92,114963.89,114778.25,115630.66,113993.29,112466.87,109546.29,107281.62,112473.21,108909.65,110599.18,101065.89,114020.07,117348.57,119239.12,112900.29,114267.11,117610.92,122770.14,108596.55,106368.09,102809.1
81741,105961.37,106682.29,95538.0,98027.1,106036.71,101818.44,92114.8,92404.14,103146.64,98293.5,107971.33,102505.54,96027.42,94174.32,103056.68,111672.3,92363.86,110920.47,103470.4,98010.3,99737.88,107635.7,95923.68,108623.32
82742,112117.08,123319.88,116168.32,106215.47,135032.49,115717.21,109689.07,119312.71,125360.34,115954.24,115118.39,118541.26,122507.56,115432.15,124015.4,112979.06,119702.97,116088.41,121001.14,132136.63,112423.64,125936.09,123927.19,132963.15
83750,126576.24,139993.27,132699.02,136902.8,135912.94,134149.52,124624.64,131220.4,134014.63,144337.18,130041.19,137542.13,132436.03,129206.36,120909.78,127864.96,133789.15,135911.84,129185.94,137648.63,121886.23,136126.53,141086.98,131262.46
84752,123971.62,128766.56,131834.14,128923.17,128430.73,128256.88,124768.09,123149.66,129022.73,122876.66,127843.02,133909.82,117777.96,126765.96,142113.83,109568.73,133806.01,121722.83,128577.48,138694.15,121637.47,132114.74,127154.01,122677.18
85753,113830.01,121455.8,129554.77,114674.81,107227.34,117845.92,129404.57,119912.1,114216.09,121147.91,111960.12,120109.65,107811.07,114530.28,118799.68,120176.2,115470.61,117807.87,115289.51,106883.29,118217.11,117928.11,110863.32,115369.01
86839,120264.83,138666.79,139484.29,134199.54,127405.23,137021.49,133147.87,126069.08,129710.55,129520.73,132193.42,144123.08,135878.77,121820.94,123935.14,133160.6,129678.34,134705.8,134731.4,134661.26,135984.47,132595.47,135749.53,131116.23
87849,113800.45,111617.96,115863.48,110645.78,113776.27,116681.34,117798.64,107139.27,115817.46,112990.18,118020.31,111099.29,122686.56,110061.89,112456.73,111310.99,111035.4,120831.17,126141.4,114786.63,118623.27,117347.89,118476.67,122197.39
88850,92647.7,93024.89,104639.61,89978.92,88705.93,95773.5,98052.72,91736.71,89797.81,99348.12,103991.5,91851.56,97317.63,100992.04,93968.06,88873.15,92107.92,96649.72,99007.32,94427.59,100455.3,96247.18,84231.45,101135.02
89851,143108.8,125497.26,126622.01,141383.65,128917.6,130910.34,131630.46,126149.32,126967.82,135780.44,124833.37,131947.58,125021.18,138826.28,125583.13,133902.33,115143.9,132977.44,127175.45,126426.77,123450.06,146242.62,130237.07,139881.74
90859,78919.44,78855.47,73166.91,85871.74,91034.16,78645.65,90983.56,82983.38,83122.25,83825.89,78862.78,88940.44,78074.5,80260.37,81011.73,82367.55,85372.49,84360.75,78050.37,79061.33,79408.77,85572.69,79337.75,82070.0
91909,100969.58,105684.56,105336.09,95825.71,110078.52,113775.44,104963.67,109045.52,96609.66,104738.66,109750.21,100662.08,101861.84,100680.75,107358.97,100458.38,109427.43,104235.96,101629.4,102216.38,97977.09,100529.26,110387.18,106301.91
92917,76495.01,75129.93,72283.77,69090.74,74399.88,73390.91,77431.84,74423.75,75031.96,73510.4,69428.64,68699.08,70360.6,74986.42,72689.93,75048.95,73793.85,77028.65,72097.79,69031.2,65409.92,72446.68,67022.77,80258.0
93918,72457.18,82818.34,83571.55,80345.77,75705.88,79175.67,86300.86,80424.34,86553.81,80604.1,72797.5,79625.36,81783.52,86198.49,81983.69,81836.04,81237.2,79755.45,87697.18,85112.02,78953.17,81958.59,83998.83,77693.75
94928,73069.12,74043.17,74636.54,75386.26,83094.64,88007.33,80574.18,78210.12,73310.81,75958.6,80887.26,76610.29,77352.53,80396.3,75011.83,75749.19,75003.87,80986.88,79608.47,77151.86,73212.2,71250.52,75401.65,74237.82
95931,105477.65,112452.65,100322.64,98244.26,106555.41,97003.68,106118.19,100608.61,97632.03,108794.24,111759.17,102413.43,107015.09,95504.97,99694.43,107773.25,108245.24,105659.19,109596.22,107040.02,106476.2,103938.65,94332.02,102254.35
96938,125140.94,105334.91,106261.36,123898.48,107135.44,116666.36,112026.41,106120.42,111836.85,112842.53,111377.89,124301.75,117642.66,119742.81,113130.98,120523.04,104671.95,111516.63,114160.4,106735.28,104935.88,115284.67,109893.69,107627.03
97978,116886.29,109240.04,114150.37,116584.94,111602.48,107157.01,107382.8,95161.25,114276.45,114720.54,101109.67,107460.19,110091.09,120980.35,104830.49,104199.29,105061.72,109496.87,95558.31,112951.77,103303.62,109936.18,106506.58,111614.49
98979,109544.13,117297.25,108262.41,106329.01,104086.21,100906.92,96684.75,103994.04,100811.17,103049.61,104673.56,101618.44,98931.25,103117.32,100315.01,90652.82,101167.99,103702.83,101433.42,98278.5,101800.23,110144.08,98537.49,94772.58
99980,82431.7,82706.83,76816.26,78522.15,80122.32,79916.3,86977.74,81258.2,86658.73,81939.79,82478.05,86361.07,82493.69,80216.63,87915.53,89832.89,77795.95,85750.67,85022.4,78105.37,91643.07,85872.99,82489.19,86375.97
100988,85281.0,85098.66,87114.1,92149.09,85888.09,86585.52,89068.86,86193.72,84185.3,87771.77,86763.16,83247.21,85428.9,91953.2,81759.28,94693.75,89816.2,84495.88,84949.74,83080.88,87114.64,86096.67,82037.23,90083.87
101989,63384.56,63798.62,63488.45,63251.85,60345.19,61416.8,57376.96,58666.84,63070.9,58767.66,53631.57,61700.04,65602.55,58394.23,60998.74,60367.23,62649.4,61392.93,58332.02,53999.65,62754.2,63737.21,58254.92,63694.26
102990,70657.92,74589.07,73741.57,79357.01,71146.79,71241.09,67654.85,70715.76,68228.41,76658.05,74974.58,72802.13,78784.18,70350.69,70747.11,77402.84,71259.18,74453.11,75842.95,76076.55,72807.0,76634.27,71558.5,69414.98
104007,73722.63,73247.34,77168.45,74669.99,73057.83,70699.33,74035.28,68366.75,76393.22,63651.47,68962.55,76140.52,72944.1,75783.24,71708.39,74897.84,75518.73,73116.0,75987.54,83225.99,77241.62,71180.51,73813.99,75148.69
105008,95064.3,98226.8,96908.61,87506.76,92793.94,95354.83,95391.24,99858.65,100048.02,95314.74,97843.41,91917.58,98571.98,82807.31,104845.49,102380.93,92497.62,86989.67,100722.03,92489.07,97286.2,86678.6,91396.7,94402.92
106127,138317.44,131951.35,138147.31,130338.87,134623.44,139344.36,134907.04,126169.31,136039.55,134362.14,127822.2,144629.69,133624.67,132696.32,143261.38,132822.59,134538.43,140029.03,135962.89,133112.61,133676.7,139085.24,132638.53,124855.91
107128,100990.78,96377.61,92410.37,100975.45,101789.36,96735.43,89399.11,102059.02,95508.78,93092.37,92574.87,96525.01,103202.07,98475.06,89570.87,97180.39,92692.02,90451.8,80069.09,100163.18,93679.15,93055.34,105778.71,97902.0
108147,112110.58,117492.94,117871.11,128560.36,124706.84,112271.96,132081.18,123922.4,126034.26,126204.77,112576.7,113536.28,116510.56,127359.71,135578.86,128983.04,117454.66,111339.96,132435.63,116377.42,133078.75,130552.76,125112.35,119437.79
109148,107478.06,101280.1,102169.18,102246.51,101154.4,110559.33,97600.94,94905.61,111149.82,102208.05,99008.82,97281.89,103819.36,104080.48,98398.51,100928.46,97544.19,100567.02,100050.9,92955.13,108181.66,103984.04,102311.72,104617.42
110149,138073.39,126391.53,118680.29,134256.77,132355.31,133913.64,131765.78,125572.02,145152.64,136336.26,123865.82,135856.67,132048.15,130384.51,147206.29,127323.34,138697.52,119201.45,116442.09,128064.99,133701.92,127735.78,145039.16,138908.44
111165,131599.57,114267.29,105692.16,129431.19,118185.74,121362.97,117214.38,128764.86,135803.8,122938.62,116173.52,112735.52,126101.14,113835.49,123615.46,116430.66,111031.37,120183.35,115363.19,127103.0,130774.72,119414.66,128233.98,120107.4
112168,121134.71,123765.0,119930.41,114203.2,114736.13,122230.2,114992.88,112523.13,115630.84,117577.58,116708.55,114311.95,131866.87,117667.64,116936.65,118468.03,117155.11,120508.47,113574.33,128077.05,109714.23,117656.77,118972.7,121352.97
113228,149571.1,147084.3,150582.88,153368.19,146679.18,152657.66,142618.58,154055.83,153523.05,135592.38,140687.07,139269.06,143446.1,154918.22,147012.21,161817.14,146915.35,151050.76,141710.37,140777.23,153400.0,156123.02,134038.12,145497.61
114238,90488.5,87422.34,102592.37,99708.21,102786.56,96454.23,97754.1,94415.25,91825.75,97095.81,100584.8,98569.47,93212.65,95394.41,93127.02,102889.01,90764.3,102419.0,106524.66,89831.82,95011.49,95929.89,97185.1,103205.73
115247,80575.29,80912.02,84390.54,90305.08,78863.21,85693.43,86590.98,87812.18,85233.01,83797.57,88209.85,83704.35,83098.5,83626.34,83280.5,81689.29,86614.01,88778.08,86298.76,82588.43,98173.04,81936.81,88245.4,86417.22
116248,109134.78,112259.11,117318.72,110106.25,111382.71,110148.26,107876.09,102146.47,102485.02,110262.41,114583.12,121677.78,111196.29,111065.27,111645.86,111958.78,119925.98,112075.87,97795.37,110308.08,112725.27,115045.67,111634.1,113713.91
117250,55050.78,56310.67,57716.05,59611.5,65333.62,56068.59,54413.41,60844.35,61983.27,58088.77,56874.84,57802.61,59967.39,57039.14,61030.35,59233.82,60697.76,60719.7,54971.68,56987.26,57861.37,54874.66,60683.18,60995.65
118268,48548.33,49409.53,48902.14,51301.74,50486.29,51671.6,55474.75,50683.1,47996.41,49020.88,53812.67,51995.09,50013.19,51679.88,48346.39,52390.39,54129.67,48967.96,49981.39,51179.67,48632.64,52683.79,55738.79,51121.12
119288,17516.36,17748.38,19027.27,18243.07,18516.94,17291.1,18597.54,19560.86,16659.06,16569.58,17991.98,16640.03,17861.09,17989.61,18997.2,17285.36,19649.44,18976.74,17291.97,17757.75,17092.24,18460.4,17864.72,16977.2
120298,126831.88,116280.6,122555.89,119941.62,124466.7,125894.6,128413.73,123343.08,119475.0,127075.51,118495.13,128336.1,131800.79,125147.84,122364.08,120853.78,120647.01,117646.75,126837.59,136543.36,130926.07,130470.16,120484.48,118544.93
121299,121843.82,120992.34,124540.87,116485.81,130623.03,133994.12,139361.77,119305.4,124905.21,132459.73,141786.95,124489.83,128217.8,127142.08,122644.74,121727.31,119010.02,126381.59,130943.69,113438.41,126229.17,138975.96,122038.27,117192.0
122300,98178.31,107479.23,112274.71,108924.33,107539.6,106267.46,119420.24,112648.14,112795.64,115242.42,102288.05,108019.89,115403.23,111316.15,103053.48,117547.71,108963.08,114843.1,114357.19,111842.14,112399.24,109293.85,104979.04,109079.26
123309,101308.69,112061.53,104731.65,96980.65,112539.72,107340.53,102225.07,113246.99,95783.04,104312.42,101289.72,97420.76,101854.05,95736.88,108070.29,104457.49,107375.18,99247.77,98731.04,111517.99,106142.84,102189.42,104765.08,102607.85
124310,96626.66,93005.1,89148.55,87856.75,96064.04,101627.3,98669.04,98104.09,95013.29,96677.69,91079.29,94051.26,95683.9,92606.87,96804.86,93036.99,91721.17,88572.45,95109.56,88296.13,97822.84,95868.99,91133.44,84756.74
125318,116207.16,123884.24,119264.26,115037.12,126430.19,129277.49,134081.32,125619.18,127189.94,125192.21,122431.59,130463.81,137057.51,133459.22,126474.35,133495.8,126039.08,121221.45,125889.64,126412.73,114231.96,126406.49,128460.68,131321.43
126319,133859.36,135697.08,127912.07,134310.42,140553.43,128145.69,130735.62,121367.34,136440.79,140563.44,126550.06,128791.68,124490.07,132329.65,126881.84,142197.64,139337.76,135759.29,123444.33,137114.14,143543.07,131429.47,124771.6,127401.87
127429,131231.36,130315.55,133565.96,132135.28,127586.94,117894.31,129187.2,136585.96,129269.86,126595.85,132993.47,136242.93,125741.01,126463.07,121946.03,133093.01,135772.74,129425.44,140419.86,133798.2,133926.67,127636.75,127638.67,133309.18
128509,130727.76,132642.12,134060.15,125524.29,138467.39,130028.58,126658.74,135691.43,135592.84,128718.31,130196.65,124020.76,130679.89,134263.48,130185.35,146808.93,130144.76,133706.06,133061.64,126680.31,141144.43,134194.8,120443.45,135056.75
129567,134097.03,136668.48,132652.77,134452.71,143262.67,132129.33,128673.4,136079.14,144193.85,124522.77,137939.48,143500.25,124890.13,124387.91,117620.8,136562.46,133191.28,135371.93,140551.75,123838.63,125113.61,128045.33,129308.16,135944.87
130577,126807.46,136017.29,125628.7,128374.14,127589.11,135913.71,119653.91,124650.7,128365.11,125559.68,124732.46,122557.62,128687.23,128964.51,131663.63,130820.27,131308.58,127489.72,133793.71,118492.44,132778.97,132350.38,122801.94,127051.5
131578,149795.37,143284.61,144827.96,153486.68,143983.39,137368.78,153747.76,143296.11,143552.97,148118.25,162820.16,150004.13,149034.53,144238.9,152628.87,136574.18,161574.37,160718.18,147875.41,163027.54,138743.03,153941.06,148037.61,150381.99
132648,165234.32,146204.23,156637.83,150016.61,146843.85,169137.17,161979.95,164290.03,152711.59,160872.85,160586.34,162854.02,165495.97,168823.44,185046.75,154606.04,156669.64,169553.14,168117.26,163481.98,160746.65,158238.95,163882.88,163407.77
133650,113309.37,104595.77,102076.7,111149.06,106678.97,106025.14,99896.61,107608.54,113517.21,113267.82,117684.03,104678.5,112844.68,107005.07,118227.71,115667.71,115448.51,112416.92,105135.18,110023.95,102699.14,114532.83,107477.25,114373.7
134652,100250.53,103896.98,105656.06,117100.88,109898.95,109966.15,121324.34,115113.42,101738.04,106047.07,113688.77,120884.12,117732.24,111270.49,119858.15,112736.74,114053.1,107600.73,104629.99,111658.95,111546.39,111429.11,114330.36,113706.34
135657,105766.8,111455.54,104652.91,104806.12,105229.85,101389.53,112023.15,101168.28,104365.1,106860.8,99647.21,105008.41,102599.64,102753.74,104802.79,105555.93,108841.24,98893.99,112081.21,118241.09,97204.92,116455.43,108600.48,107617.12
136658,106108.63,91157.87,103493.3,103513.26,100329.11,107062.44,99492.6,99781.38,99571.09,99055.05,98205.51,87693.47,100243.39,103567.41,102447.74,96149.15,103141.33,102962.52,94609.2,110881.91,103861.26,101658.13,90374.1,95351.82
137668,70279.93,76405.91,68986.41,74490.24,69257.41,78641.95,72625.69,80350.42,68131.48,77825.63,75376.85,73020.67,81476.47,72392.39,82464.49,65293.1,79241.65,70168.72,78436.78,72947.28,86520.57,75671.13,77606.9,81950.12
138669,66808.94,68652.04,65473.91,65570.62,70148.7,62915.65,64163.39,65830.82,69172.49,68159.03,60172.15,61041.41,67387.2,61257.94,61780.5,68291.7,65288.77,64834.2,68077.2,68497.96,67564.33,68113.18,66903.82,60816.0
139679,95018.57,99012.54,108393.43,93787.58,97585.72,97417.93,111588.65,103103.76,104990.1,104412.79,97052.64,106147.24,96902.74,96650.39,90938.8,102643.5,99417.78,109380.41,102472.03,98680.14,98922.72,98980.01,99337.99,101704.63
140687,105195.93,95409.77,108000.84,110977.04,103744.79,105503.28,109018.52,113267.3,109716.2,109743.11,103608.66,104388.09,110172.68,92215.0,104378.38,107478.04,111495.67,118455.08,103886.18,111112.25,114080.33,117505.27,112427.3,107673.68
141688,109851.98,107378.2,110248.09,112089.3,108926.73,100388.82,104518.86,99197.48,102813.07,99538.12,106121.36,111446.68,106453.23,106273.66,95905.23,102731.74,109344.26,104870.6,103762.1,106197.39,109091.56,113688.83,106799.74,110533.53
142697,69903.16,65384.06,70539.5,69310.63,67755.24,75304.57,69304.66,76146.75,74167.17,62813.25,76368.23,73063.22,71286.7,77202.53,70231.77,67484.94,71224.65,70435.44,73588.0,66456.61,68016.57,69988.52,75936.89,69463.79
143737,59959.36,64701.74,61506.27,60898.52,68275.61,70154.85,62473.19,62693.86,69707.5,63589.99,67962.72,61112.88,59562.99,65894.88,68719.71,69063.26,65114.17,62911.5,61751.24,68984.45,66350.9,68033.37,65453.64,74662.3
144747,42762.14,43908.35,42247.19,42976.91,47076.99,43261.22,44848.8,44951.72,43708.23,45391.83,45769.41,40953.41,43212.94,43788.58,44723.23,43676.38,48972.08,42800.76,43846.71,38773.18,45165.13,44039.33,43696.05,41454.96
145757,43922.65,44058.85,42186.09,38760.86,43010.52,41909.17,42455.64,39905.2,44788.35,43875.75,45948.63,44057.04,42511.11,43588.55,43695.14,45092.95,42023.14,44341.13,46649.87,46386.51,40320.66,41845.06,39999.97,44753.1
146777,77165.21,81015.54,74639.01,77816.76,76655.38,78807.4,75637.59,81646.12,82527.86,74016.01,74342.56,76415.36,71462.53,73110.8,79061.47,81294.28,76296.92,75376.14,85387.53,82251.02,83460.3,81995.76,79107.15,79118.7
147787,60271.21,59010.56,62181.52,62747.63,59159.09,55255.24,58538.85,57253.86,52534.67,59819.17,59162.01,61688.8,57311.18,53931.87,56441.15,54596.22,58647.2,53583.94,59009.01,59371.4,59056.15,54596.58,57358.45,62481.6
148797,73550.99,72951.53,75441.23,74417.35,68683.33,67916.0,70008.34,72481.3,70973.28,74613.69,70579.3,71715.85,64196.71,67314.71,70120.2,74165.48,71316.81,77430.0,62415.61,69646.99,72572.37,73206.39,72318.65,76836.41
149807,65099.87,71937.55,67006.06,72598.76,65320.2,67640.8,67566.56,67688.27,60158.03,60571.32,66161.75,65262.95,63158.29,67120.92,61238.37,63198.49,63232.96,66785.37,62239.61,61654.82,65633.44,72064.01,74167.83,65070.3
150817,69457.03,72780.11,71754.04,70033.0,73941.51,71237.42,71952.98,73487.06,75037.23,82077.92,74711.89,73454.11,73960.96,68126.15,70832.79,74736.81,76740.34,75182.75,73719.45,72022.24,66132.71,73477.06,67014.42,73797.61
151837,59751.0,61977.23,62440.09,61394.35,60226.3,60857.58,59292.9,59003.09,62351.6,62123.67,58131.83,54807.27,59499.2,62007.62,66529.66,57347.42,56961.01,59178.83,60148.69,53437.76,57311.67,56354.85,53250.28,59973.05
152857,44763.25,43900.84,45236.68,41985.77,43147.15,45780.11,51818.0,45250.66,44971.08,50306.53,48672.02,46453.18,48327.26,46357.15,47392.48,45058.0,48637.09,49870.91,46576.21,46826.0,44629.93,51139.29,47728.99,46992.92
153877,45095.56,44766.42,41257.59,43883.17,36567.89,38510.69,44719.84,45931.93,41292.05,40214.86,40420.58,41810.9,41194.18,44810.4,40368.77,42974.99,40371.8,43195.8,41559.4,42935.46,43256.72,42154.58,40604.07,37721.33
154886,41438.55,45982.54,40627.7,38908.65,44482.05,43359.58,42959.08,42154.25,39935.96,47400.44,40897.45,43949.56,43100.61,46596.29,40484.85,41191.26,43320.2,42444.63,39652.57,41946.66,42944.38,43237.39,41896.68,40789.14
155887,64680.6,65827.25,67783.09,66072.14,65787.16,62172.31,69407.08,69086.69,60890.07,65173.93,65137.53,62424.68,65498.43,63486.72,61016.66,69818.66,59964.39,64960.97,69803.56,65761.03,65626.06,59872.87,63858.68,59464.12
156895,71233.02,70715.85,70040.83,77303.81,69545.6,66906.16,71259.76,66557.51,71609.31,68231.6,68456.57,74612.75,74120.72,68877.87,68077.38,68624.12,73351.71,77662.25,67595.98,71959.82,73664.83,75572.91,73759.23,69799.82
158037,90078.98,81716.14,93649.12,88346.27,87261.21,93547.33,91132.55,92917.61,88419.27,89285.03,82366.59,89715.47,81948.88,84547.56,95244.26,91017.38,90091.25,87204.37,93107.8,85567.75,88239.0,82709.31,89776.3,95654.95
159038,37025.4,41616.83,41576.44,38406.42,42487.5,39570.08,39859.8,41753.17,42606.5,38244.44,41351.03,40827.73,38492.47,43550.23,41788.43,39833.87,41375.82,40730.95,39602.32,43538.49,39512.8,40488.82,40646.02,40299.91
160087,54562.01,52534.93,49637.7,56125.76,53444.09,51816.06,52203.34,52850.22,52434.08,52558.72,51614.54,52642.32,52516.71,49853.75,51208.4,53008.72,54678.09,54511.28,51732.61,48701.66,55046.62,54819.41,48502.18,53410.02
161088,44247.9,44337.07,46571.17,45239.56,41620.07,46483.39,42646.16,45421.36,45981.44,41290.33,45553.12,42325.58,44361.06,46358.99,40517.51,46008.64,42783.63,42788.53,43710.76,43306.12,42281.62,45523.61,37541.4,43853.38
162107,43960.87,42889.27,40311.93,42606.99,46454.58,46703.76,43310.36,43633.97,41774.65,44535.75,47549.94,44407.74,45745.57,45407.79,42916.22,47848.93,38225.11,40787.8,41908.66,44775.09,42447.72,40645.78,44912.75,45426.73
163128,23036.22,20924.49,21206.56,20645.65,23055.44,23634.97,21923.96,22555.75,25135.43,24254.33,21278.17,23619.08,21956.73,22936.26,22962.29,23141.76,22672.64,22546.58,22648.04,22042.29,23239.81,24011.67,21587.3,23344.8
164136,27874.43,27029.35,27107.35,28745.51,26581.04,25078.79,27165.65,27189.47,28297.23,30721.63,25635.18,29487.26,29166.91,28720.48,28614.13,29077.79,28811.6,26480.94,29199.08,28450.09,28777.44,28236.11,27181.48,30161.54
165157,26304.61,27555.91,25952.93,27187.91,27368.74,25885.88,25123.46,28020.77,26494.44,25749.09,27276.92,25879.94,26777.06,25740.91,24011.27,27399.03,26265.15,25073.31,27238.77,27038.4,26931.37,26009.41,28047.4,27344.1
166177,27264.25,29450.17,29707.42,28983.92,28971.27,27967.6,28433.46,29959.68,26422.25,26999.32,28903.4,26933.97,30289.73,27216.47,28832.76,27981.54,28758.02,29013.7,30561.11,28035.96,26969.18,27546.36,31031.56,26622.69
167187,21902.62,22354.35,21912.33,22205.0,21434.64,23089.96,20902.46,20855.33,23100.13,21711.18,22169.41,21459.66,22548.72,22179.36,22718.5,22276.65,20256.14,23283.31,23604.08,19628.7,25264.29,22848.2,23096.78,21665.6
168196,21850.86,21473.57,19579.36,19870.17,19065.03,18782.53,20533.02,19247.2,19916.68,21668.43,19762.4,20318.39,19731.04,18858.34,18828.79,20743.72,18562.74,18815.93,20122.62,21407.66,20067.97,18894.96,21018.87,21131.22
169207,16753.98,17471.18,16819.57,17299.93,17820.7,17160.41,18133.98,17624.25,17079.51,18420.47,17888.01,17230.8,16639.79,17327.22,16501.61,16982.0,16049.37,18025.31,18224.26,18364.93,15544.93,17048.64,17639.26,16791.89
170236,9794.45,9106.02,10010.61,8883.09,9548.0,9366.86,9716.14,9099.52,9853.02,8933.47,9444.94,9490.58,8763.9,9540.08,9070.65,9375.55,9401.07,10125.52,8787.28,9884.13,9980.47,9015.33,9701.72,8213.36
171276,37101.72,38371.32,40876.59,40383.0,37077.91,40624.28,40043.72,38195.63,43270.31,40845.04,36743.12,40893.2,35581.23,40146.38,39161.59,35870.1,35224.27,40709.66,37082.86,38767.27,36970.01,34333.78,38154.96,38704.53
172277,47403.42,51610.42,51837.98,52442.96,51584.75,50247.84,53327.37,54941.65,51588.83,50597.56,46388.64,48207.75,55127.61,48540.35,53820.5,50727.54,53181.24,56344.43,49275.96,53534.71,48436.99,55192.18,55555.3,54506.32
173286,34930.77,33564.47,37283.69,35754.18,34354.32,33024.42,35328.61,34445.79,38162.61,35034.53,34270.85,38039.68,34397.82,36203.29,34068.41,36460.98,32495.39,35953.32,34951.05,37617.91,35984.73,33503.72,35998.76,35559.09
174307,22272.41,19767.53,20670.69,19570.29,18889.36,20074.74,21122.72,18382.64,20178.16,20937.74,21980.68,19317.79,20464.2,20292.32,20077.26,20216.62,18500.03,19506.83,18157.13,18001.61,22022.95,20053.3,20314.9,20420.64
175326,33651.65,34899.59,34251.73,31536.54,33665.83,31368.76,36860.9,35593.56,31776.23,32168.78,35631.09,35366.7,32754.64,33135.66,34383.01,35510.52,33153.64,35415.57,35246.47,32006.67,34575.1,34821.51,34443.14,33703.8
176347,12206.87,13465.84,13103.55,13289.46,13343.29,14088.45,13056.97,13616.85,12301.43,12108.58,12341.13,12973.63,13020.04,14277.06,13060.67,12665.94,14198.97,13702.33,12472.56,11797.17,12175.29,12235.35,13819.25,12427.86
179118,44948.33,47784.6,46742.49,44887.32,44956.37,44155.1,47896.46,50892.05,49675.34,45805.9,41804.16,45909.67,48201.18,47357.59,46481.25,42761.23,44064.91,46796.81,49548.76,47061.24,47560.47,44991.5,46055.19,46812.04
180167,57068.11,58760.85,55583.45,54959.6,53764.05,58057.08,55896.33,52838.82,54857.16,48309.9,54898.31,56511.74,54142.77,47863.35,59149.49,51362.29,47254.79,50890.6,52368.64,56776.61,56125.0,54217.16,53275.31,54003.14
181177,37641.77,38154.48,44872.82,38751.8,43323.78,40935.43,45068.5,41633.9,43042.04,40565.68,40663.24,41032.09,41964.66,39938.85,44145.66,39566.43,39902.77,40310.44,39117.95,43841.76,44277.26,40419.85,43322.64,43213.43
182196,18313.77,18273.26,18430.89,18402.66,17661.2,17163.61,18198.08,18172.13,16862.08,16993.64,17003.34,18583.03,16771.45,17732.92,18370.26,16423.9,17666.51,19105.08,17771.38,17518.95,19804.75,19290.68,19197.87,19256.54
183217,12339.28,13800.17,13132.61,12447.15,13039.0,12484.61,11837.0,13886.95,12665.74,11739.25,13280.58,13655.3,11688.81,14060.04,11888.08,12902.69,13229.03,12055.23,12900.06,13270.31,13457.87,13476.21,13703.86,13051.57
184247,18785.51,19731.34,19108.13,19147.42,18529.06,18236.94,18324.13,19100.54,20571.91,19571.59,20819.3,18505.81,19363.19,17143.18,17367.48,19227.97,18637.89,20373.68,18583.66,18030.2,18438.49,18225.4,18752.54,18296.81
185257,36475.95,35705.74,34568.23,33054.1,33979.9,33528.45,36970.96,33572.52,33124.74,31112.95,33951.99,33971.54,33828.56,33371.48,35311.53,32401.22,34961.59,35099.06,37557.9,32235.37,32021.97,33605.28,36093.67,35554.89
186286,1172.05,1252.74,1289.42,1199.72,1213.69,1299.13,1170.47,1226.87,1271.81,1261.63,1210.89,1206.13,1364.13,1264.85,1374.0,1385.63,1186.89,1240.12,1218.34,1218.95,1308.32,1179.42,1387.63,1173.49
188887,84519.98,79595.63,73354.24,79869.82,80229.0,74098.02,79413.17,73119.5,89823.63,79599.51,83023.37,76440.29,80543.31,75058.63,78714.81,82442.93,78895.57,80689.83,80621.4,83818.47,84666.32,82306.01,89734.98,77635.54
189897,7990.21,9172.17,8863.75,8805.57,8442.12,9050.33,8381.61,8904.6,8922.86,8016.26,8364.16,9184.52,8264.58,8941.57,9097.25,8480.77,8770.02,8400.55,8543.63,8257.06,8000.9,8041.07,8481.4,8626.75
193606,56501.42,57356.45,59536.14,62982.05,57107.24,61275.41,56637.08,66040.14,60236.88,58390.89,58939.63,58830.87,55194.41,62939.46,60188.49,59236.67,62746.13,58609.74,54855.43,61080.43,59647.67,61552.55,55369.69,60554.11
194607,17895.78,18694.2,16814.06,16895.38,17843.87,18787.65,17098.2,17805.03,19103.27,17914.45,17256.48,18071.22,16424.02,17313.3,18204.15,17214.86,17429.52,18046.59,17426.15,16511.7,18520.76,18735.11,18871.83,17736.26
195618,22601.58,20292.94,21707.04,22606.65,20533.66,21950.38,20069.23,22658.78,20668.43,21932.79,21574.26,20874.21,20840.87,20415.96,21107.67,21161.6,22370.84,22870.22,21201.92,20473.53,20438.39,20479.75,20246.18,21465.44
196727,27521.7,29750.58,26914.71,28034.43,27329.03,26981.12,29888.76,32405.68,26165.49,28552.51,25606.23,26179.93,29080.96,25939.63,27351.55,26872.13,25251.22,26779.68,27052.52,28516.2,29639.21,26172.17,28341.41,27658.69
197746,25064.04,27928.29,27023.76,29562.7,28573.07,26447.64,26958.67,26355.05,25932.4,28110.83,28463.71,28155.32,28999.46,27876.24,28555.47,28130.3,29543.28,28079.82,25815.3,27839.46,28654.53,28518.03,27322.44,26442.82
198756,58180.55,58838.21,61642.66,62049.65,62730.15,60828.05,57129.73,71148.21,58462.03,61311.86,57951.22,63504.7,63130.58,61968.6,53252.67,64308.56,62770.01,61809.21,57647.06,60043.68,58425.99,61641.43,57377.45,55648.78
199766,40378.41,35511.17,37590.1,36963.24,38807.97,41110.83,38334.24,40307.92,40208.52,38295.93,40608.1,39393.43,36891.85,38572.93,41338.31,39233.01,40177.16,40206.38,39436.11,39062.19,39566.4,40828.87,40371.54,35815.48
200767,45171.6,43065.93,40147.05,44780.52,42882.81,43426.36,42841.67,42437.62,39386.91,43495.7,41174.9,41972.39,43568.02,45964.06,40496.19,43721.26,43807.56,42936.17,42327.67,43004.99,42015.73,43881.05,43289.14,38448.98
202056,15207.64,16928.52,15572.99,17391.48,16273.8,15596.83,15655.35,15043.19,16364.26,16487.73,16319.22,17297.1,17125.27,17661.78,17017.31,17304.46,17074.94,16112.28,16853.27,16616.4,16947.52,15237.34,16514.68,17406.45
203066,12793.13,13683.61,13624.92,13306.06,12516.04,11838.86,11489.31,13387.91,13351.72,12677.74,12879.21,12600.22,12011.46,12225.71,12186.37,12606.12,13130.51,13476.53,13862.42,12855.58,12695.22,13273.64,13342.25,12666.78
204106,38955.37,41487.63,36721.34,37378.17,36075.84,36642.63,38544.95,39277.67,38370.16,35972.11,37034.43,39598.68,35133.9,35147.2,36242.08,37053.73,37973.34,38248.77,37888.29,37392.39,39245.96,38291.22,41021.83,39169.99
205107,19048.5,17434.92,16663.71,18275.88,17206.44,16835.08,15500.44,18655.57,17603.69,19369.28,18304.65,18875.18,17455.97,15660.04,19009.51,17364.3,18195.63,17440.85,17040.45,17189.97,18310.35,16988.39,17524.53,17881.63
206126,45053.5,41929.24,42956.47,43834.91,43037.14,41358.83,41031.33,45637.45,42417.3,41466.73,35613.51,41590.38,44691.92,42221.6,41144.76,40508.85,42566.11,40929.26,41591.49,42781.35,41614.97,41979.77,46125.2,43166.46
207127,74826.96,80206.28,78134.85,78689.57,70783.99,75369.77,73345.57,73722.68,86591.62,87633.29,77856.54,84719.78,72254.67,78190.15,73148.73,79027.15,79259.43,78145.3,78090.54,74887.39,77369.38,82102.2,76092.44,86947.34
208136,61359.63,65448.27,72919.49,70296.29,71074.5,67074.12,64268.47,71195.02,68018.79,67535.87,63847.15,69365.85,66097.84,72105.82,60179.39,62797.95,67050.47,67402.42,66242.49,71186.5,64151.56,65430.68,65145.41,67169.33
209148,67939.45,75202.3,73835.97,73226.16,70630.73,77820.64,76829.75,69986.75,66301.6,69032.18,77059.45,69326.93,75116.99,72445.33,70537.56,72165.62,67769.13,71452.0,69162.52,76127.82,76323.82,71910.92,73018.5,71316.98
210156,70760.53,65092.42,71846.22,64540.34,66822.03,71512.31,70633.87,66192.65,64156.38,67812.54,64515.01,62978.42,72762.02,68773.84,71803.01,73077.11,65410.05,68863.2,66804.81,67133.21,69157.51,71349.96,68518.24,72960.48
211166,71673.19,71556.46,70764.46,64868.3,70096.91,67133.45,72723.4,73116.62,69333.95,69116.76,65030.56,72046.79,68294.22,69177.96,68800.15,70774.98,72108.31,64116.2,69617.02,74624.1,69811.68,77157.73,68458.39,66499.57
212206,84467.18,83201.64,85112.99,85613.78,78139.46,85659.44,77246.12,80349.8,79424.32,81410.69,89065.84,79065.52,74887.83,84101.81,85230.42,77181.39,80093.8,82678.34,84905.04,81882.79,83370.51,90298.71,76109.97,80863.67
213209,67211.8,59474.58,62468.57,60123.01,60384.22,59431.44,61912.59,64424.37,65350.16,59960.86,66114.53,60821.69,67231.31,61367.02,64859.43,63405.37,61571.27,66077.27,63662.01,64446.4,59840.56,56858.62,62149.96,61243.6
214398,37922.1,36421.94,41287.16,37307.77,40835.42,38167.9,38333.2,39954.82,36265.48,39204.08,35738.23,36778.92,42355.38,37883.05,38943.12,38126.09,37336.85,39805.54,36471.98,38975.25,42273.45,37178.41,38674.2,39181.23
215416,12633.18,12300.93,12921.07,11817.46,13946.14,13142.34,11733.74,12438.09,11930.92,13197.9,12464.07,13828.12,12604.06,12741.48,13335.21,11841.07,13702.82,13561.17,12555.75,13852.37,13175.25,13423.66,12950.01,12990.02
216426,18072.59,19288.04,19205.28,18114.52,18789.02,18307.11,18731.55,19224.32,18653.31,20354.6,16491.28,17621.58,18886.85,20605.05,18818.76,19226.49,18489.83,18320.33,18426.29,19440.5,19036.55,17992.89,19121.12,17530.1
217436,47194.94,47230.58,44029.25,49602.78,45876.98,50692.98,57161.92,47551.89,46285.29,49164.63,48136.68,48620.68,49583.47,49206.65,51346.29,49160.82,47817.92,51925.8,49523.35,49073.0,51717.97,48524.17,49424.14,48473.77
218517,100929.2,116326.57,109304.0,102644.07,104777.88,111275.67,110724.66,95016.27,108016.36,111591.18,106042.42,105633.32,105719.33,101021.85,101828.52,107593.15,111012.59,111989.3,92987.45,105556.97,111961.46,103179.07,112559.41,99588.64
219518,110690.41,111975.65,117054.98,116179.56,113222.81,104119.79,106856.36,116240.76,102602.49,115535.06,104325.92,116180.14,117375.26,110968.31,116786.66,101946.7,100869.83,112125.09,103339.34,106030.27,112122.4,107050.93,109512.03,110075.65
220526,69053.72,62450.45,69138.47,60938.81,69621.89,66607.11,67578.65,67527.19,68052.85,64774.84,66547.41,63427.12,61175.57,65548.0,56305.96,67907.51,61206.2,63154.42,65650.04,65395.97,62033.57,67544.53,63168.59,64807.7
221528,114178.74,129692.93,129878.15,125773.57,121858.67,125317.54,126769.57,112521.95,129665.36,125688.05,117642.01,118977.6,128442.85,106006.66,122025.61,120998.4,127448.71,123047.73,129708.38,127140.91,117651.1,127581.45,121623.57,117322.98
222536,95926.21,90765.14,101115.85,90434.52,97296.8,93462.41,100585.88,84392.47,100492.97,80564.06,96260.51,96220.51,97963.2,103819.4,96589.64,86354.84,91138.65,90343.97,94447.47,98206.27,97072.81,96793.37,104795.31,92727.68
223537,58036.34,60486.29,70143.39,61059.76,64068.85,65862.59,62940.76,67181.45,64455.6,67168.94,66964.42,59432.1,66223.84,62461.64,61733.51,61775.23,59883.12,59777.18,65560.78,65946.41,59693.94,59745.16,61636.97,64868.89
224546,88369.84,92257.47,103272.24,94352.73,89929.9,98150.29,97858.85,93925.3,96288.48,93637.17,87889.78,94480.1,89841.62,94542.39,85655.35,91909.2,89784.4,98234.98,90910.91,101108.9,103852.92,93376.06,91689.2,100327.3
225556,76173.97,80981.67,81712.02,85145.77,84222.28,79429.39,80043.88,80523.63,79114.7,83060.61,81507.44,86933.6,78668.78,88330.79,73724.89,83981.97,81346.24,81677.46,85150.26,82038.34,74816.64,77669.63,78104.19,85760.62
226576,86850.9,83996.16,84131.43,83378.74,76288.16,89486.95,84246.08,88229.42,87794.52,84151.44,88793.01,84265.67,87686.86,88563.33,87211.33,91522.77,94611.56,85523.21,90263.85,92059.18,93406.57,83734.7,83463.69,81779.26
227586,93571.39,93082.46,89272.8,93343.28,95894.54,90814.43,97677.54,98931.3,95654.23,103392.14,101120.21,95242.03,87763.43,91462.11,95755.4,101195.12,99913.58,92143.3,89327.66,90276.84,95601.47,87768.47,90638.17,99797.13
228587,120266.08,117857.17,107485.92,112073.24,118323.33,116064.99,112839.59,118302.09,107285.44,115564.74,109974.77,111920.38,112317.48,111903.33,115789.17,110332.2,110299.35,108637.56,119827.66,110262.27,114320.43,113611.75,119679.23,114417.12
229596,82604.46,92675.55,91914.18,88979.92,90600.16,88267.75,87376.03,83215.83,87075.34,84183.33,87431.85,85151.38,86267.52,87215.44,97813.45,95785.96,86509.08,95844.61,90642.21,86640.99,88691.89,86779.32,81411.53,88142.97
230598,108802.87,104720.17,104655.46,105231.62,111753.03,103642.88,112272.87,102410.26,103688.06,109763.33,102623.77,103131.64,102714.21,104531.66,108404.07,106270.55,109512.96,108378.03,103802.27,99674.35,100795.66,105857.05,104000.3,106802.56
231606,94065.59,94921.53,102203.25,92667.53,91365.01,99643.22,90592.99,90870.05,87923.24,89874.49,88967.28,93215.34,100147.19,104700.59,91950.1,91990.61,96266.61,88423.76,92820.28,90591.62,106862.94,100287.07,93953.12,99074.0
232607,109495.96,100808.73,105725.6,100366.61,101903.58,97434.55,112731.72,110036.79,97256.67,112555.83,116014.23,100859.82,112287.2,104038.37,114257.82,107046.45,111749.2,110247.75,108212.7,109185.03,109997.66,111121.54,111906.96,101159.94
233616,124132.16,113830.16,119946.54,122257.76,120858.63,127264.66,121904.65,128983.35,117560.65,113773.17,122765.03,115301.24,118151.33,118394.38,116467.4,121619.68,124528.44,121396.75,107600.92,122288.12,122648.58,125833.58,121609.25,128946.53
234617,134041.88,132703.35,131919.69,116984.47,131945.46,131188.52,125047.65,130383.25,136307.61,130415.71,133521.6,133797.09,134723.19,119619.77,131075.02,127290.81,135451.66,132444.32,129623.53,129825.43,128103.58,128342.36,124198.22,130834.88
235626,136843.21,147989.2,144915.2,153349.94,158429.81,151309.59,143211.9,151112.36,149125.47,148003.03,148808.69,150287.69,158410.2,161948.42,154013.43,147400.53,138559.2,140878.05,141049.12,155616.73,148585.33,150635.53,150770.54,145820.67
236627,126602.29,120664.92,114491.75,115686.46,126778.5,112934.21,128751.7,125401.49,137037.43,119717.62,117714.64,118983.24,121675.15,127643.03,124567.58,126336.19,127167.95,119327.71,126760.48,113058.74,112431.29,115747.58,124769.66,124909.89
237628,128305.15,149678.5,143786.85,139292.83,138557.97,133964.47,138241.06,127829.89,139294.66,139493.34,132525.28,141032.14,142245.84,139332.41,122988.0,146068.07,134751.14,136655.14,142360.0,151144.37,146177.82,146572.68,128008.65,132005.35
238637,124868.02,120156.03,135248.67,127592.01,114151.95,130137.05,124709.12,124867.46,125098.74,126774.9,134224.65,128899.88,123206.27,129088.54,117896.66,128768.72,123103.77,123645.42,117396.79,125871.13,133733.62,121234.75,131429.99,132361.59
239726,115909.24,120580.05,126664.93,124167.96,110463.83,119286.4,116277.69,122105.59,122639.52,121746.74,110514.61,128747.58,121029.89,115131.96,110240.97,125303.81,121498.98,115103.11,121435.8,130688.69,114002.75,122464.79,128777.12,117752.51
240728,100946.28,97297.63,113413.28,101680.27,104810.68,99890.66,107894.66,107976.11,100829.18,101849.99,101449.42,114089.52,107095.43,118023.89,109696.89,101163.67,100257.4,109946.86,103444.25,104555.18,109692.63,106218.48,104538.99,107174.73
241729,85211.45,87910.61,87961.58,87136.09,88713.35,100566.78,84125.94,92991.73,87501.74,88090.03,91086.61,91027.47,86819.63,79325.7,86101.03,86589.1,79126.6,90090.26,94436.6,85547.44,89406.68,84341.84,80625.68,80891.34
242735,75823.06,70452.89,73777.38,83585.53,74387.41,74898.36,74893.0,76593.3,74996.11,72665.42,77792.96,76898.96,70188.28,79653.82,83936.18,71853.99,76457.98,75427.75,82120.86,76657.35,81246.25,78700.54,79546.78,72066.04
243745,50701.69,54961.01,52941.4,48467.17,53257.15,54843.53,57282.06,52354.36,51284.81,51326.02,52129.82,50109.61,53853.11,51609.85,58884.63,54633.93,52949.28,53740.54,55983.44,49651.76,54509.7,55714.64,54309.7,56118.6
244755,62602.43,68462.87,57637.49,70140.5,65934.84,61939.97,59812.18,64814.58,66776.55,62725.71,63924.42,61362.04,60919.4,62247.6,63419.71,68894.85,63544.17,63870.7,64294.54,64401.08,65312.62,64692.57,63701.72,66872.19
245756,4802.15,4592.27,4580.03,4269.5,4994.7,4634.03,4594.58,4402.84,5053.29,4816.25,4717.1,4726.2,4548.83,4794.85,4604.84,4445.06,4726.68,4667.99,4639.25,4542.06,4747.63,4766.75,4389.27,5108.84
246961,74959.59,73923.17,67396.67,79624.92,88659.24,77908.11,79767.98,80469.91,81216.08,79528.38,79769.72,79235.4,85873.96,71611.78,73819.54,74197.43,82678.19,81610.89,77156.48,82662.21,78857.6,80709.15,81615.47,79890.75
247975,5401.8,5177.24,4997.46,5205.87,5047.14,5613.68,5355.89,5252.59,5061.23,5107.1,5209.63,5709.6,5366.64,5446.02,5055.7,5418.05,5653.42,5491.84,5256.19,5336.62,5422.96,5446.53,5242.82,5210.93
249015,21950.05,22186.54,20854.11,21051.61,22283.66,23612.89,24147.11,23997.01,22493.5,24709.37,21815.64,22534.63,23719.28,22523.02,22164.79,24384.12,23946.57,21999.59,23404.04,23284.01,22758.85,23563.91,22563.35,21826.42
250016,42493.56,42979.41,41872.11,40428.39,42641.33,37702.24,41560.83,37997.28,38859.25,42293.72,42056.97,39716.11,42105.07,43000.08,40562.26,43499.26,39099.49,38113.97,39930.72,40868.89,41236.52,41556.72,42329.78,45320.7
251035,14164.97,15162.79,14196.45,14921.35,14510.96,14444.23,15196.73,15671.27,16054.77,14050.39,15913.95,15878.6,15810.62,15003.47,15873.55,14098.19,15378.48,15058.8,15193.35,13483.37,13488.27,13808.09,13999.58,16192.68
252276,11099.79,10923.63,10761.7,10311.61,11164.6,11165.74,10481.57,10841.08,10954.21,9595.93,10965.16,12492.81,10871.79,11885.22,11551.9,11085.36,11291.88,11602.68,10824.56,11195.55,11279.11,11294.45,10646.13,11936.33
253675,14914.15,16105.7,16794.64,14609.0,14384.77,17201.77,15993.5,16979.15,16326.07,15533.59,16097.34,15910.96,17484.31,15684.24,16039.51,16038.97,16223.37,14812.23,16266.92,14988.39,16036.26,14502.55,15018.02,14436.71
254685,12635.19,11996.22,12929.42,12562.46,12830.65,12579.27,12933.78,12479.99,12632.79,12221.35,12172.56,12063.33,12787.91,13505.64,12766.7,12552.76,12553.15,13110.3,11950.47,11596.88,12835.14,11556.71,13433.05,13127.75
255686,24027.42,24710.89,25353.33,24112.73,24284.28,24776.57,23845.17,22633.88,22832.86,24136.27,25752.21,26460.39,23790.33,23223.71,24902.89,24456.41,24805.13,24685.9,24677.76,21322.49,23645.91,22003.48,23860.15,25778.39
256695,31845.25,29378.45,31492.42,29106.37,30724.72,28449.74,29649.65,31311.93,31809.27,31816.81,30492.27,30003.38,30723.79,31163.22,32385.56,28839.02,32501.75,29270.27,30837.75,32868.66,29965.67,27772.31,29552.13,32334.98
257706,25557.43,27817.26,26178.59,28490.6,26770.02,27443.17,26482.53,26586.99,25651.09,28987.47,26904.58,25110.33,27432.46,24823.15,26682.23,27721.46,27920.08,27783.6,25934.83,25437.17,27086.13,24934.28,27128.89,26116.63
258715,23483.09,21869.56,21330.37,23131.7,23235.83,23006.03,24203.33,22856.45,23325.37,22650.3,23033.08,22471.32,22811.5,21700.34,22867.32,22630.48,23463.39,23445.17,22655.14,22100.04,24848.17,23708.03,22643.69,21728.98
259740,23504.65,21614.61,20059.27,19719.1,22069.17,20918.65,21058.59,23029.51,22135.6,20482.68,19927.01,22860.57,20674.43,22849.13,22263.27,21320.22,21330.29,21542.9,19962.23,21255.06,23757.14,21111.08,20578.74,21020.78
260745,30972.55,30363.26,29053.52,30370.74,27881.81,29591.76,26639.17,26310.36,30854.87,29780.23,25825.12,28583.24,28244.74,28800.81,28260.06,28792.22,29528.02,27621.67,30779.32,30603.3,30191.75,29713.6,29866.71,28833.64
261755,40487.82,40050.31,36890.78,39386.03,37533.74,37046.73,37639.04,40041.67,38311.81,37802.77,38522.23,37292.75,37131.76,37163.61,38035.77,36768.79,40429.93,37730.83,40319.32,38400.53,32643.6,35371.94,37222.68,38587.04
262756,55144.29,52499.15,56904.88,54584.94,58702.27,55363.51,52482.21,51839.2,55353.76,51257.75,50576.98,52874.76,54061.69,52879.2,54418.41,60176.64,52542.41,57275.58,60189.97,50798.8,55119.42,53686.2,54732.15,55413.53
263776,42156.72,46332.38,48031.23,44702.18,43334.2,41986.91,46552.01,43540.37,42953.89,47206.26,47201.14,45465.9,42311.96,47284.91,49195.16,45463.19,44954.64,43885.85,44042.73,48031.4,43511.77,43567.77,47035.24,44059.89
264786,15396.95,14346.68,16394.61,16021.26,16563.69,15766.28,14999.87,15276.96,16666.1,14740.4,15066.85,15653.05,15205.74,14256.81,16838.65,15374.67,15788.77,14648.89,16025.13,17057.25,15845.28,16805.71,15573.68,16051.61
265805,17359.8,20582.38,22103.51,22004.04,20870.95,20643.46,20214.24,19988.6,20338.62,20451.82,20907.45,21831.14,21318.21,19358.51,18408.71,18440.83,20631.48,19356.73,20566.63,19920.63,20522.81,20612.77,21973.87,19063.51
266821,32323.86,36443.07,35030.6,33726.15,33190.14,35236.98,36737.19,34206.16,33668.85,35735.44,36185.41,34544.9,34685.9,35900.49,35583.69,37836.13,35409.59,32425.11,33889.35,33075.88,34607.76,35789.62,33654.19,30186.26
267825,23174.77,24119.49,23141.8,21397.37,23542.98,24172.14,23973.88,24677.36,25338.56,23702.36,22705.28,23565.67,23352.37,26048.88,23040.24,24561.63,22392.85,25325.77,24461.85,22699.82,20024.28,23673.61,21926.81,20912.54
268835,25814.28,26056.35,26068.21,26184.45,27572.33,26215.04,24417.53,24980.48,28067.46,26697.55,27404.95,24134.72,28818.51,30087.77,25689.25,25729.98,29873.91,28790.22,26743.33,26613.9,27844.33,26144.86,27565.77,25647.25
269855,24183.06,26501.0,27715.0,27418.5,26261.43,26292.74,27573.04,26365.21,26892.92,26634.87,30175.55,26549.33,27768.8,27328.97,27001.37,27819.9,28650.13,28862.48,28382.31,26767.46,23050.05,24860.18,27695.12,26899.95
270876,28716.72,27818.82,28623.28,28077.26,30025.75,28333.83,27124.91,29924.33,27813.61,28720.82,26303.64,27755.25,27168.42,28267.3,26457.04,26698.96,29410.74,29043.29,28459.92,27208.79,30084.97,29712.81,27528.43,28684.79
271886,27482.03,27946.39,28241.7,27610.59,28069.11,28916.94,29212.32,28069.44,28950.02,26600.73,28131.59,28715.67,27235.39,28875.3,25042.43,28235.23,28443.76,26658.99,26612.57,27769.09,28577.01,28372.6,30084.25,27308.89
272895,15340.08,15395.55,15468.86,15698.86,15652.5,15297.07,15753.29,15414.66,13854.08,14507.14,15645.69,15518.27,16013.28,15737.55,15483.72,15187.59,15085.74,15205.5,14666.3,14787.28,15435.99,15027.39,15536.89,16643.12
273995,35662.55,33639.54,38236.64,35493.21,35515.88,38748.02,33231.25,36533.91,33936.62,35431.76,36541.4,36418.94,34388.67,36989.28,37420.08,35416.18,33400.49,35288.18,36604.42,35929.49,34634.51,36178.85,35900.26,36502.58
275006,56958.27,58747.55,59074.53,59216.1,63609.17,59079.88,55882.69,54685.99,59060.28,64285.95,59265.22,61995.13,62373.43,63379.94,57514.12,57773.5,61388.31,60313.5,57592.91,58690.47,57974.03,60401.51,63337.37,59015.76
276015,49179.76,48727.8,49304.46,50124.19,52368.62,49303.92,46446.92,52111.61,50351.76,50414.76,49576.57,48697.55,46373.01,46562.97,49202.93,47858.37,48976.88,48361.79,46586.47,49756.37,46302.92,50161.84,48920.13,54276.32
277146,53108.38,53768.23,54483.02,57416.15,50150.37,52606.27,52912.54,52722.09,52708.13,55305.12,51025.6,51063.01,57010.29,54919.04,55564.74,50216.6,50054.68,52285.02,56922.97,50985.6,50509.82,55409.54,54552.17,54829.24
278155,45319.29,45208.17,46968.27,48391.36,48653.35,46228.87,49549.27,50318.86,50292.49,48021.89,46286.49,47482.86,49675.2,49219.36,52997.55,50431.03,47071.67,50041.41,49218.66,48525.62,45748.2,43471.98,51158.47,47416.51
279166,24472.52,27854.44,25052.38,25109.86,26005.94,25337.42,25417.14,23634.58,24833.5,28172.29,25365.62,25429.5,24625.91,24772.08,24030.96,25672.79,25494.82,24390.22,25028.95,24793.71,23449.51,23819.49,25055.6,25208.32
280175,9780.31,11231.98,11970.6,11100.92,10515.18,11555.83,10684.88,11159.82,10461.11,11262.85,10712.03,10913.87,10473.17,10290.36,10993.33,10603.82,11745.97,11506.78,11577.61,11795.46,10631.03,11366.72,11218.95,12120.81
