0,91410.06,90418.11,85717.71,77509.86,87433.06,85611.28,86572.77,79223.49,82378.24,92900.48,84527.75,81398.74,93016.62,87549.9,81062.83,82227.42,90012.63,83899.01,83486.04,80232.66,92267.33,85292.8,88770.89,82659.56
1010,105140.98,105173.51,105738.27,98868.49,99666.31,100062.71,111046.87,111158.94,106234.69,107049.44,111368.44,111948.63,103789.62,110258.3,108881.59,106567.7,91589.58,104633.01,100750.97,100624.3,107450.05,99905.86,107969.84,115623.21
2030,35575.39,36808.99,32585.85,32462.99,35809.12,34040.52,35392.31,35506.84,35825.7,35840.11,37685.43,34475.21,37598.79,35856.98,32454.82,37114.35,38696.83,34446.19,36260.45,34581.91,35256.92,33825.82,32174.36,33869.07
3060,56245.35,54781.33,58824.97,62938.28,58518.89,56158.45,58747.36,60097.66,56219.63,55751.01,58386.71,54921.58,60307.19,60961.44,53305.99,55724.68,57781.19,57540.93,52512.6,58560.87,54382.02,55835.83,62358.06,59717.59
4090,37251.16,42728.11,38023.3,41381.08,39004.01,41813.04,39004.7,35717.82,41505.4,39294.18,39126.91,38356.19,37551.7,39160.75,41654.79,37975.7,43016.14,39535.0,36662.78,37609.94,39945.58,37293.41,40289.77,40695.64
5289,53603.35,50133.66,57737.33,46514.55,51576.34,49710.8,50246.05,57261.33,51048.94,55027.94,53670.26,51833.17,50935.34,50004.7,50858.01,52979.91,50696.83,50755.69,50386.66,52125.19,55284.01,52938.76,49648.51,53887.45
6290,66717.0,69282.55,71282.03,66479.07,64797.57,66250.75,69105.1,65424.74,60668.31,66523.03,68583.28,60556.83,62503.31,64400.45,67330.81,75848.48,64636.56,64564.7,67337.5,67953.4,63455.14,67361.69,67281.08,64445.08
7500,65996.73,62888.34,61610.28,66565.85,56284.93,64475.32,66711.27,67793.21,64308.78,61874.75,61736.62,61206.01,60987.59,62377.36,68076.34,59956.51,65561.39,66819.0,65038.13,65616.78,65086.75,67749.07,63847.59,59557.62
8530,66537.22,66894.88,63208.66,62342.54,56381.99,61728.58,64443.05,64292.3,66842.57,65293.78,63166.83,63364.36,63402.05,64098.53,67230.07,64906.18,64699.04,65563.97,65819.45,59477.21,58096.37,66076.04,69384.72,63796.64
9700,68046.31,68310.15,71157.65,58661.99,66455.44,68609.79,67779.4,69340.01,72969.55,66383.2,67046.71,74722.26,64385.02,62720.1,65412.47,69613.06,63325.72,66836.69,62526.01,68620.43,70922.23,67458.37,67656.81,66515.72
10921,73038.83,72842.95,68518.84,73031.55,72413.48,75039.49,77798.86,76311.6,67374.98,73210.73,68910.38,73199.76,70111.52,77477.5,76272.14,75016.91,75054.39,69297.11,77557.54,71173.18,74038.38,67690.87,72026.34,75730.45
12100,109753.72,121091.82,111570.74,108195.92,113641.47,114555.03,109587.56,110067.61,119271.35,110770.89,117090.65,113457.31,114416.02,98782.86,118812.51,119085.39,114481.86,116914.4,112465.3,110678.25,116326.7,112153.45,105499.36,111628.41
13102,86300.77,80095.03,89112.14,84301.81,82580.78,88615.97,84657.28,91825.62,83041.37,82350.96,91763.08,76727.33,91022.36,83701.07,85642.24,83329.34,79660.27,86731.88,89521.83,88282.73,83605.96,79593.74,89179.39,84524.36
14110,57948.15,62334.01,61448.64,60568.23,55035.63,59061.74,57974.43,62267.27,55701.96,59674.11,59362.81,63674.31,60346.84,59648.08,60626.45,58772.73,58576.63,63915.18,57766.82,59739.05,59897.96,55010.58,66332.73,59545.0
15160,81794.84,85755.17,70208.58,68245.71,75435.18,85076.12,77185.89,82541.53,76648.86,79283.35,84293.39,74354.14,79426.39,76343.29,84232.28,76522.27,77438.91,83729.27,79921.2,76108.97,71573.16,75689.57,82808.94,84877.64
16161,83214.68,87186.69,84610.0,79956.78,83404.4,86571.04,80992.38,76387.83,74988.22,79154.81,80461.32,83254.2,80744.07,79956.24,89577.86,84413.95,85523.82,82242.08,77365.22,82391.58,82965.03,85058.33,85986.6,80217.16
17171,64460.47,70365.27,68914.85,66233.88,70401.19,71775.9,69576.49,75175.85,66315.83,66374.21,69375.25,68297.44,67152.0,71228.92,67111.92,70403.26,73867.02,69666.54,63655.75,73192.85,63843.3,70988.92,72218.1,62695.98
18360,91253.17,96853.62,75107.94,90529.01,90722.35,95741.5,102090.13,97403.04,96017.07,85931.42,92972.26,90172.59,94005.35,102941.16,93257.95,93340.17,101594.5,89634.26,81650.46,98310.06,85819.29,88063.38,78993.59,92076.43
19560,87283.66,87637.81,86437.51,84908.01,90088.79,86423.72,79822.65,87867.16,88766.44,91878.75,84365.84,88104.68,86768.45,89288.41,84464.28,90975.5,85842.98,84069.86,86113.01,82371.94,88511.31,83604.49,95520.78,88522.49
20561,74154.69,80104.97,82716.51,85741.71,81149.87,83821.36,82548.01,88398.64,79046.09,81173.99,82107.17,78246.96,89136.21,86271.16,82826.86,83181.47,87997.24,86189.37,88438.03,85166.87,82427.15,79983.9,80673.11,84839.17
21562,87871.94,87936.99,81792.55,87106.53,94166.23,81143.72,82054.05,84499.9,88763.26,89016.33,88036.44,94932.22,91956.05,93360.2,81985.05,87731.83,96131.64,95472.8,88368.71,95320.51,87717.56,90198.78,93220.95,89651.91
22580,74103.83,68186.1,74041.65,69355.67,65578.45,68246.84,66084.29,65567.45,72000.47,72341.78,77573.73,69795.0,68715.27,69211.13,73055.47,76177.83,79110.73,73304.0,74529.03,70704.74,71018.4,79044.89,75246.36,68811.28
23581,81781.27,78665.71,74768.52,71272.6,77280.68,76358.38,84076.1,73424.13,74079.34,74790.35,77274.54,78054.77,82734.68,69208.83,76287.43,76628.49,85223.31,76528.29,80710.84,71684.1,73950.65,70067.43,75391.07,74342.6
24582,93168.66,88790.73,90786.21,96109.79,81052.11,89889.82,95432.95,90413.72,89122.06,77516.45,84015.68,86449.03,89905.03,84460.7,86187.34,87520.53,84087.86,94881.79,88133.14,87018.1,85395.21,95256.42,88461.29,94899.92
25591,95791.17,86038.34,95425.49,89651.28,85336.02,80137.94,93486.43,83965.71,94169.9,91735.58,94973.74,88895.52,91204.78,86095.66,79340.74,82101.82,83460.72,83223.25,87877.31,89845.92,85361.97,84260.86,89116.54,85558.26
26592,90465.65,84106.3,88659.1,88950.86,80424.37,90879.42,86017.28,88479.96,95236.94,91522.55,83526.86,86354.15,83655.95,94374.3,92032.16,85865.6,88893.78,90314.13,85259.19,87216.31,92145.42,89898.45,88627.6,88370.39
27600,95932.6,89447.68,90785.6,91133.16,88849.62,86700.45,92523.4,88380.78,87966.07,93828.77,96991.07,89085.49,94813.98,85223.65,88848.27,92360.79,86648.13,93155.47,97804.08,83509.32,95299.59,85810.16,93313.38,97510.14
28611,84468.91,76692.57,81349.13,85022.55,82407.98,80125.85,81162.95,77457.1,80428.07,67248.8,74874.14,86358.05,82316.28,85671.9,87315.77,86733.69,83445.79,82353.13,87547.11,87938.8,81795.15,85542.98,78306.1,80378.46
29630,85895.03,79449.08,85360.81,87064.3,88162.1,83863.46,84071.46,87077.85,82910.75,86097.26,88135.28,80763.03,81982.87,83111.12,82561.2,84548.15,80505.58,86732.15,89465.98,83286.06,87282.53,90378.45,85537.45,87608.23
30720,77644.82,87471.81,80175.92,89037.02,88187.08,80665.77,85284.86,83734.48,78410.59,89785.69,84013.01,83561.38,87922.24,81558.69,86289.57,90699.02,84162.37,83550.41,86733.81,86206.74,83055.84,86842.83,76868.31,89152.95
31830,84103.56,91256.04,89322.9,79596.59,80655.02,83987.15,84272.24,89810.96,77898.25,84722.55,78442.96,88744.17,87505.58,99547.89,82267.81,80924.77,91902.81,82726.61,83922.96,83802.7,86075.14,81049.86,84854.51,86051.44
32931,82960.12,85966.38,83049.32,81348.46,89330.22,89832.14,80249.59,78897.62,93160.88,80106.32,91716.19,88868.96,86781.53,79826.19,85502.95,81958.11,85128.91,82777.68,82773.79,86576.47,95812.51,92000.56,89726.88,83103.56
34010,88744.43,97363.39,92430.29,85540.34,83985.45,84028.09,80010.11,86090.96,100173.61,85508.35,84620.78,90331.06,81801.68,83228.26,77591.69,95548.52,86115.36,89155.9,83056.29,92398.05,80368.56,89505.14,87567.57,89615.48
35111,89855.1,91682.33,85102.93,86004.19,87683.32,75912.66,92907.46,88847.92,84882.56,81252.55,85843.64,85892.4,85861.82,90695.07,84032.57,90098.52,90051.45,86913.14,82819.65,90398.49,82770.83,86732.96,94032.8,78232.07
36112,87175.64,89004.38,88135.59,88947.16,87520.7,96140.98,84760.32,93382.99,79866.14,80826.62,88074.44,87977.25,83934.1,89245.3,92889.66,87131.52,89843.01,92444.79,91608.56,91980.22,90761.18,92407.54,89676.7,90093.86
37113,81730.66,81827.91,81780.88,88635.96,90299.68,87208.32,80574.13,81792.78,80541.26,72171.4,76471.55,80925.36,84064.62,80289.54,91315.5,84819.45,82501.35,77898.69,78769.61,80227.33,93322.11,80291.85,78830.05,82349.11
38121,91517.64,100195.07,92644.51,94272.27,96194.72,90763.16,89526.22,94600.39,88044.19,85640.92,95150.8,93664.26,89919.9,91498.56,95965.53,89638.15,97154.86,94818.15,86782.93,84260.01,94895.85,84789.99,88381.61,89980.36
39122,92924.39,91233.21,94065.01,89797.47,97564.18,88168.75,90115.98,93346.31,92346.9,80226.14,87420.03,85393.05,94109.9,90180.79,89160.96,83371.38,89307.1,93178.86,91893.98,92919.05,85455.19,87317.81,83018.36,81415.43
40131,99521.01,98740.32,108432.62,105138.04,105987.52,105280.3,97301.96,96512.67,105859.09,106993.67,102186.22,99951.45,101443.98,100911.97,106321.4,104094.94,104159.66,111809.82,99913.09,103250.53,104152.31,111161.93,101157.86,102413.67
41141,87341.61,91453.82,89259.62,85292.68,89800.41,91431.57,88093.32,87204.48,85719.21,86688.3,78062.85,97191.31,86252.65,92395.49,92639.85,83975.36,82338.72,92843.14,87197.66,86580.21,87711.43,92762.61,88239.23,88580.46
42150,75114.13,71824.08,79636.46,71210.64,75135.38,69673.56,70849.35,67737.18,74621.27,71040.26,73239.92,70229.92,71543.07,82387.3,72042.15,68459.41,70040.22,75751.03,73156.78,68962.09,67487.94,68191.73,74021.39,74522.87
43163,61778.16,65945.78,67150.21,61783.68,64343.26,60389.27,67995.05,72348.65,66964.73,62515.72,64525.21,64484.59,60154.4,61552.82,62009.01,63500.24,58989.77,65804.11,66350.28,64514.41,63630.75,66653.23,69135.71,66492.17
44170,37801.66,36360.27,38416.54,39935.09,38591.39,36361.76,36224.75,38697.74,35773.58,36047.06,35434.08,35038.03,38116.34,34664.87,36850.26,35508.28,38246.66,34619.05,37043.5,33238.1,37379.45,38087.06,36786.16,38588.59
45180,78717.74,80551.44,78616.28,73662.39,79311.28,78559.55,72632.01,80379.93,82207.94,68812.03,86406.58,82376.74,85232.46,82802.31,82556.71,70755.52,79532.06,81052.19,84087.34,77302.57,79283.42,83307.23,79359.22,76763.86
46181,120916.99,115391.5,123727.8,123717.61,124843.2,114724.84,113462.95,120469.47,114173.51,113019.99,104625.39,121373.71,109300.1,120412.62,119573.13,117670.62,124323.24,110653.93,126569.01,113522.51,117279.44,112704.96,119328.99,112707.0
47182,124520.98,125485.08,125138.4,128886.37,127859.27,121391.15,113556.97,120807.73,124633.71,117064.63,133337.92,130597.03,134944.69,119957.54,122901.62,131505.52,124977.93,137986.59,129556.67,126810.76,124953.71,127645.36,123291.18,126529.0
48191,117755.48,109762.02,104892.34,115110.12,120093.81,107934.55,115303.27,116128.78,110378.12,116283.09,109012.49,116909.47,116011.26,115871.54,110630.6,107704.34,118252.64,110289.51,114120.54,104421.95,112003.88,119801.41,112592.53,94208.03
49201,160568.66,154040.82,160190.09,163040.49,166619.58,168167.21,158691.45,169212.48,165701.52,159927.16,167973.33,162886.6,165134.78,164964.0,160357.69,140327.83,164719.43,152494.37,174731.95,155558.89,174444.16,161892.28,175731.0,152288.26
50202,155378.1,157358.97,136464.87,147159.84,147698.63,157479.47,155337.36,156909.87,156625.8,162331.11,158098.91,157935.31,150625.71,162405.66,159895.19,159367.01,169073.01,145503.97,146529.57,160243.63,154873.49,165762.67,148450.9,152464.93
51203,149234.51,155544.87,139978.6,135417.63,149617.15,153670.08,146840.28,139720.97,148479.94,149741.31,146416.01,143919.38,152436.45,143323.7,155920.19,140329.27,143741.94,159554.17,151122.56,153056.65,151499.47,145086.62,161864.48,149778.11
52205,128306.4,133296.12,124647.73,127465.42,132836.28,128989.64,135579.63,131385.4,132967.04,138948.45,124900.12,138419.11,139114.52,125179.66,127456.32,132434.0,132391.51,124798.52,139114.08,126432.0,128540.33,131693.68,132165.18,137451.58
53252,160189.38,151063.75,148547.41,160124.02,152707.47,154424.54,155686.67,174633.07,154081.21,164084.62,139866.58,151864.9,157724.6,176784.83,155323.89,170382.27,165526.56,156886.7,171347.45,160448.78,163119.52,172574.13,177196.5,157839.41
54253,132446.68,131046.62,130318.46,138233.11,136970.5,147119.45,130738.58,123134.27,129566.02,147011.68,123406.99,133264.62,123553.2,129344.99,148838.34,126690.81,128423.32,136737.9,131763.03,144376.89,139989.18,132748.13,132409.91,118685.21
55261,115927.79,112302.56,122628.16,112216.94,109548.75,110713.42,104300.63,111678.23,105152.85,107065.21,106299.76,112103.67,100777.97,99334.19,125140.36,118156.13,103476.88,119243.12,105031.13,111806.39,110060.06,106823.99,103777.39,113499.06
56262,120822.14,129250.53,125740.49,131791.08,120050.56,121122.96,122366.47,129438.49,131027.59,127148.83,126445.39,123440.5,126133.97,136393.34,110620.47,119011.85,122888.68,129100.02,123197.4,126952.29,119150.41,112158.66,119763.33,126508.97
57281,153811.78,156139.99,153382.32,152967.68,162084.92,136327.36,155842.34,146244.9,144871.93,155510.71,152470.29,149487.97,146761.58,153195.06,153962.7,145614.52,151795.19,154300.82,149385.35,143094.01,142771.04,150252.06,163766.55,156989.55
58282,197866.59,186011.52,199430.38,203790.67,193104.34,178059.32,188086.59,176925.16,183098.85,202409.28,184756.11,184240.85,193344.52,188650.54,183207.2,179932.47,193539.08,188911.26,203370.27,184824.57,193322.03,189734.17,193601.13,199097.39
59283,141575.99,123830.89,155793.59,137549.48,147630.64,134505.26,136106.34,149945.21,142228.45,159024.66,132829.55,152520.48,139090.57,140369.43,141128.31,154672.97,145109.53,146306.51,150714.92,151539.31,151660.14,132515.52,151271.38,142451.29
60472,176180.35,156839.91,163151.35,165655.95,161401.18,163781.34,158951.17,168316.73,151302.87,164581.63,157031.39,163654.12,165228.87,171447.57,158447.84,158259.96,169127.7,162987.31,167800.74,156578.2,161688.39,156139.97,154451.46,163857.81
61473,151784.07,152568.59,151730.22,143167.48,161219.91,149512.51,145152.66,155957.93,146264.86,156548.43,164040.68,153545.56,148971.13,144002.89,141968.95,143766.22,161410.37,148080.32,155437.35,149881.15,149567.81,147787.6,142873.76,146606.5
62482,92623.62,91818.65,93852.52,85373.95,84656.01,86619.52,95789.87,86757.68,87390.31,94399.59,90108.51,94452.67,89010.75,95702.91,85063.86,88412.31,92737.95,94751.43,95507.27,85942.06,98479.57,93215.58,90453.72,80625.67
63571,154270.82,143387.33,156270.73,158259.87,154604.05,150811.34,161446.29,148346.76,158318.47,159022.56,157354.06,148541.91,147911.15,138757.18,152451.17,160176.39,155696.37,142022.71,139517.62,138324.15,155302.52,141977.33,152120.67,141364.24
64572,182559.12,183449.72,191016.22,189997.91,168626.69,188222.92,190475.03,180972.64,180664.92,186651.05,190367.78,203229.85,188688.9,196536.59,187638.24,175150.97,186526.98,175305.49,197307.65,200300.64,195649.1,194272.47,182185.64,179694.81
65573,167689.9,170325.84,183189.6,164848.88,168113.87,173197.18,172315.89,156973.44,168491.23,170830.18,175108.32,158161.05,158984.33,176516.51,179647.0,170766.13,161630.1,156531.91,179245.64,158867.25,175524.78,173902.31,160289.65,177567.94
66651,185173.58,165551.76,168098.78,179278.8,177878.58,176144.89,181967.17,166225.31,184350.1,163292.1,184863.12,185116.92,184794.92,182807.39,166058.27,189097.8,180275.32,190639.3,182980.05,175605.43,176594.6,166923.26,167320.51,191201.38
67652,191561.0,178371.61,184073.26,181849.13,167690.86,171004.14,206350.26,181502.79,178830.55,171853.03,190915.97,178540.17,192584.91,187004.59,187754.98,178936.53,180343.42,193644.0,192363.79,183541.98,183457.38,186777.21,182408.13,175047.28
68663,123408.15,125252.17,128188.75,143257.09,117905.53,127824.58,132340.85,123081.91,115547.1,126967.3,124948.21,132009.04,121971.04,131411.66,132613.04,136871.35,138588.83,126049.35,128514.13,124703.24,134416.79,121185.6,121886.12,126893.23
69670,96123.45,96339.1,89075.2,87384.01,94123.0,90983.46,91725.02,92532.84,91552.45,87452.48,87280.82,92980.67,89876.38,95439.24,96415.3,92881.57,92314.02,83176.26,86556.11,84126.06,87150.37,85522.18,92775.07,95975.6
70671,109072.37,109532.46,111472.03,119894.21,110702.94,105810.81,118524.11,102912.8,102954.63,107217.95,96067.67,107982.1,117628.39,107454.68,112473.73,103776.33,103226.47,110192.56,102467.51,101591.51,112274.31,101999.6,104056.52,103989.6
71672,63892.66,60442.75,66653.35,69925.09,64909.69,68468.97,66913.43,70282.76,66354.2,62983.46,66298.46,62542.77,67721.42,66511.24,65349.16,71159.14,62740.56,63429.78,68624.53,71712.02,65631.11,69306.52,62796.81,70308.39
72691,63072.78,63899.46,64592.98,57476.24,64964.45,56360.13,64520.15,60104.73,59604.37,58233.68,62517.72,61902.26,57863.06,60817.0,58771.71,64583.48,58470.6,62631.28,56342.07,58754.21,63015.16,60404.55,63020.04,55278.76
73781,85943.1,83473.62,86073.72,75849.75,83943.4,78354.19,77868.75,79655.94,87597.68,78540.74,87794.71,80873.11,83354.93,82973.34,82729.64,86996.64,87626.23,82008.46,84833.87,89141.3,86946.89,82119.68,86601.8,82765.62
74782,61828.44,58414.97,63545.4,63273.94,64726.19,64421.5,64173.25,63560.05,62234.65,57928.71,67975.74,64874.33,67214.71,67821.58,63895.96,60650.58,63811.81,61893.28,63585.09,69251.13,57475.93,59510.17,62901.92,66208.04
75790,74676.44,69407.34,77849.89,69740.95,76612.73,79082.63,74512.68,75244.83,71628.71,77478.36,75993.29,72732.89,73503.96,80563.94,75198.68,72660.82,67348.45,79254.72,73294.64,76173.2,78928.42,73830.9,76090.26,85235.06
76801,59540.78,63423.48,67789.07,61729.55,64936.46,55315.85,64250.9,59529.76,60838.41,61116.62,59922.3,61464.82,60376.66,61132.62,65733.48,63067.69,61277.53,54182.02,60464.05,59786.1,57363.46,61401.43,57231.33,60659.77
77811,72492.9,62112.5,66901.48,65972.12,61956.06,71121.93,68735.77,78170.44,68859.52,72960.53,70488.25,69291.78,69032.21,64378.92,67422.37,76191.5,73999.99,73970.33,65515.51,74392.53,71662.55,68472.67,71886.41,70785.4
78821,67141.88,64370.67,69636.11,63841.98,67502.47,69448.51,67399.87,63159.76,69106.5,67516.25,73630.1,67287.87,67206.61,66769.71,71418.3,66266.14,67929.27,70331.35,67527.7,67591.81,63970.49,64362.72,64318.81,72070.5
79831,47971.7,51814.32,47479.71,45795.01,48967.85,45034.07,44003.52,45111.31,48343.32,47463.81,49100.33,43104.84,50970.19,45984.16,48687.12,48298.53,48373.48,43383.99,48827.39,45580.25,51048.54,47519.31,49177.01,48860.61
80841,62931.56,64584.36,67273.1,69973.17,70685.52,69910.38,64038.41,71582.93,67320.23,70388.97,72497.46,70307.32,65270.55,67449.6,65551.64,65116.01,66145.73,66954.92,68582.39,67208.79,71895.86,69429.71,65130.62,71337.39
81843,126388.49,131877.77,122084.71,126796.43,132085.94,128943.93,132503.33,129031.49,121023.06,137058.42,134471.28,131317.23,143294.99,128683.88,128014.58,133414.03,138543.08,129512.16,137723.24,124187.59,135238.16,133496.74,134689.74,132100.78
83041,114590.69,129845.34,131720.78,125638.78,131958.06,122470.37,125042.81,128863.12,120505.75,123178.2,135107.06,133246.26,135449.26,116161.83,131380.63,124803.74,128616.69,130688.44,131846.2,117902.31,121814.34,124409.77,112919.49,121250.55
84042,117089.12,120186.63,129992.43,124478.64,130925.46,116836.04,115106.92,115822.25,123341.31,129655.14,123491.05,136825.45,129165.34,128724.96,121344.51,127906.43,113551.36,126060.36,126074.89,123455.78,119770.0,129419.51,117850.39,123842.48
85043,122216.64,124375.6,96366.46,111075.12,117887.24,117855.54,114670.49,120247.63,120592.27,126296.61,122279.7,116693.7,106184.84,118275.15,110474.7,117597.4,117153.59,115962.98,124265.72,118353.69,110141.09,115655.54,113612.99,118525.71
86051,124261.19,113275.98,113286.91,124954.94,111704.73,115047.42,108879.35,124292.25,117325.43,129814.22,124476.21,119513.06,122239.26,119184.23,118054.97,129498.97,125017.36,116333.79,114812.31,121548.27,119473.23,119182.85,123717.5,123132.22
87062,117941.04,122719.88,132749.52,119529.71,114953.63,126749.78,117957.77,121296.42,119532.67,117599.02,111042.47,120248.65,120658.05,113822.35,118160.37,116486.53,116621.82,128126.64,115312.67,122658.48,114569.83,121196.11,122416.84,117412.84
88152,94306.47,97515.54,91768.69,100381.27,94936.18,97576.04,97830.09,94063.74,91327.39,94590.99,103400.72,102413.36,89229.06,105109.29,94992.29,101265.08,102416.52,92048.4,91982.16,91979.86,103131.29,94846.55,93463.5,98199.7
89281,122621.11,115197.47,118213.47,135757.85,132636.36,117960.47,122170.82,121890.08,131594.23,139226.5,120602.93,136172.88,127015.75,135562.08,125632.56,130190.16,135398.54,129811.37,127771.71,131162.09,134002.34,131538.66,134358.75,134747.21
90282,111677.02,114270.97,107971.29,115328.83,95849.67,120380.35,112242.34,111852.23,104052.5,111267.47,110871.53,104098.91,108108.32,112825.37,112165.8,108316.14,110291.0,115513.12,110250.98,105460.53,110492.29,111353.48,107825.03,116900.41
91283,95656.97,81234.45,84924.31,87273.37,88767.3,85990.83,94510.48,89776.68,87414.19,89120.91,92169.03,97920.32,93439.68,83533.21,93797.53,91278.95,86674.61,80752.59,86880.21,92832.6,92944.73,96265.84,91122.53,96685.3
92292,126183.84,130825.24,131256.88,122356.25,128542.61,132461.96,142145.4,137525.93,121090.93,135268.98,130266.22,128440.0,139901.35,132727.81,123684.11,131716.35,128809.43,120898.82,126174.88,129933.43,131253.26,116836.13,116144.91,129591.32
93312,127690.64,132432.39,138432.02,144448.89,135679.48,142090.39,131002.2,134735.14,139744.5,146430.67,140639.42,146604.17,135484.63,128815.89,141707.01,144874.78,140822.35,142426.31,135466.78,134872.8,139994.25,135521.45,130612.29,134597.36
94313,127188.96,121155.7,126946.48,121799.99,123663.92,122282.23,124881.64,114575.21,122851.8,126393.48,118857.69,120224.36,117385.07,119745.86,123227.03,119302.89,118815.8,118450.17,117737.39,113334.63,120309.96,120926.85,125056.03,109017.64
95314,118238.99,121237.32,115411.89,111141.07,105123.89,109180.23,107882.48,115547.65,116624.35,110142.55,115650.89,117792.5,120764.2,106406.48,112214.22,116715.37,132169.66,110863.35,116210.97,117870.13,111297.54,114293.2,111263.6,110336.08
96321,124415.02,115606.26,127379.37,121668.64,125078.45,124343.64,133933.53,128759.98,129469.92,128850.58,117898.55,118729.19,122758.01,126824.9,123628.83,121916.82,118354.93,116095.15,117240.47,120880.6,131886.06,135122.53,110631.24,141730.45
97361,127293.27,125880.89,139771.12,119914.21,127241.42,115719.62,133116.62,114116.37,125054.03,142029.08,126434.64,115586.05,119534.61,139794.46,126991.76,127376.72,124664.66,109229.48,139980.18,127810.95,132743.74,119409.56,132436.88,134494.2
98363,93492.9,99521.04,96132.01,99866.3,91429.23,86260.09,96356.06,93701.99,91902.01,96036.09,88413.08,97564.0,94589.62,95816.34,93212.5,78218.13,92868.94,91776.17,94032.06,97107.59,97701.04,92825.94,87791.86,96172.94
99371,120703.11,100795.88,102887.83,110624.1,107582.55,110008.64,99152.88,110494.33,108479.56,116910.53,108838.23,92467.28,102648.87,105201.72,107834.79,111313.23,104274.87,106413.85,103584.19,110561.0,106073.09,101215.99,112647.9,107782.85
100372,39884.42,38643.84,40049.21,42049.6,41282.96,40260.09,37466.62,38724.54,43667.49,40761.61,39986.37,38628.6,39851.62,41937.28,39742.96,39230.1,39372.44,39804.83,38897.74,38414.9,36589.44,38855.49,43825.37,40268.08
101391,66400.05,63529.01,59349.11,64152.28,58885.15,61486.55,59994.55,59856.52,59307.48,59492.39,60845.26,61944.55,58860.15,60905.31,58500.24,65298.71,67592.29,58273.75,58982.68,58813.72,60362.22,60072.0,58591.77,58812.22
102392,54956.35,59517.39,61094.66,59315.0,61650.19,63470.65,57258.19,56385.75,62833.63,60615.57,57654.2,59623.68,63817.76,59548.02,57221.36,59363.33,62908.85,57124.04,57436.64,57842.79,56838.42,63112.87,64745.88,58736.76
103441,68040.45,67413.28,63748.04,67134.56,64679.65,67125.23,67059.64,69116.18,64073.47,67587.65,73134.06,72343.94,60820.27,67882.38,67162.55,66309.38,65935.57,60380.2,66010.45,69055.89,62225.77,68507.17,74477.7,63083.87
104442,44059.3,46548.15,45372.94,41868.72,47277.58,48221.06,44097.31,49716.25,47030.06,47433.76,46365.13,45671.22,48384.16,47505.69,43175.5,43299.6,46583.78,44788.07,42614.05,50820.61,42894.89,47459.63,40734.64,47152.56
105621,36438.5,29530.96,30352.46,34153.24,37098.56,31049.42,34436.74,35030.57,35319.31,33052.93,34082.68,34343.48,35206.8,34837.81,34809.35,34374.77,36582.08,32898.38,32319.13,35192.89,34816.58,31430.58,36465.52,33150.33
106631,58793.4,54538.98,57466.32,53531.22,56822.21,56864.03,62382.3,55478.76,54926.62,52078.14,59881.76,59977.15,54754.63,55617.78,54227.49,52845.96,55628.16,52358.83,52165.99,55185.48,57191.78,56846.07,57987.5,56830.18
107641,42933.99,44461.15,46310.58,44407.45,41450.07,42505.7,44602.6,42866.85,43366.75,47759.36,43867.82,43175.88,44091.37,43927.91,43728.93,41742.32,48617.72,45163.74,41351.25,43627.52,45448.06,42557.74,47645.94,39815.18
108651,58734.03,52366.47,53723.28,58796.75,54042.02,51928.09,55229.49,52598.55,53994.16,49090.75,56977.98,51767.06,50768.11,55507.22,58865.1,54040.11,56609.55,54919.62,55135.69,52532.27,55867.13,56822.15,51196.57,55211.72
109661,62204.25,57127.99,60886.35,55361.4,61204.07,64325.83,57595.86,58746.01,56922.53,63568.29,59553.5,63414.92,62191.24,65485.05,62256.33,60293.85,60692.07,63229.38,57894.03,53373.2,60416.16,67084.3,60845.37,56185.85
110683,56388.75,57064.73,56839.1,51023.55,56787.81,55019.31,55187.54,51924.22,59058.06,56706.75,54257.19,55310.19,52464.0,55070.85,55977.47,49400.59,53194.11,54421.38,56243.44,53211.5,52763.88,60399.55,54988.4,57857.31
111691,67122.44,67359.74,64794.34,72754.1,67096.49,65396.76,65245.4,67443.63,61495.81,71101.63,63406.88,76744.76,66428.11,71721.55,64459.63,71023.53,70363.24,64921.53,64750.08,69688.9,65406.15,73484.72,62491.59,68418.51
112692,74475.06,65991.85,67381.23,68090.84,67201.16,62390.78,71631.73,59922.0,69335.79,71063.09,65342.67,66319.1,67864.34,63197.3,66461.08,64673.18,64191.15,70483.96,68375.39,60772.0,65598.21,64485.24,61305.92,69660.52
113703,45099.53,47167.19,45667.18,47741.56,45543.04,44919.52,46212.11,49316.33,49041.87,44695.07,46178.2,45507.48,44826.55,44852.85,47029.37,43950.28,44806.1,40522.26,47417.1,48176.8,43599.49,48758.42,43814.05,44715.39
114711,58542.81,55301.79,55517.89,55906.14,62058.57,58152.4,60664.17,55298.15,56686.56,57547.11,60854.74,56546.96,60336.8,60104.4,59192.65,58861.31,53856.9,52225.58,58539.97,57402.29,59084.8,58351.37,61317.63,59231.63
115722,56886.08,57199.16,57787.01,58541.52,56849.63,61723.12,57997.4,58651.49,54618.37,58786.24,57419.1,59283.89,52955.9,60169.7,59217.89,57255.62,56628.07,58522.55,55824.44,61236.3,56896.16,57440.93,56010.77,59979.23
116731,51007.15,56745.79,54650.68,58443.85,55900.1,53068.5,51879.88,57186.43,53193.11,51489.17,56705.95,57261.09,49995.52,55319.85,56846.13,53946.51,51237.73,53230.67,52211.64,57205.63,54800.47,53477.87,54291.66,56235.41
117752,67115.24,70183.95,75823.93,73026.01,73451.13,73101.37,71441.62,69217.45,71772.05,72375.11,67337.36,74804.98,70193.82,80029.26,74915.74,72143.95,73262.1,69355.7,69694.53,68464.58,71597.37,74119.35,74442.06,77011.88
118753,65730.65,54161.6,57725.2,62330.39,59908.28,57499.49,48564.69,62928.38,60595.78,58300.33,62784.58,62331.77,55908.89,59884.27,58923.22,62397.85,59601.04,60496.64,59047.76,61309.49,63389.01,62605.32,56655.45,57479.41
119791,65766.14,61106.6,61776.25,60852.11,66522.15,60998.23,67622.28,62668.24,63432.95,71057.73,63095.02,64473.79,54449.14,60361.27,57476.17,61154.6,58534.77,66914.25,61949.61,55734.66,64859.7,64803.17,62318.72,60150.02
120801,64998.64,61848.11,64133.24,63233.3,54813.84,65225.69,58869.82,60051.56,58899.85,63081.85,58850.15,65473.48,61134.48,61076.86,60278.3,59952.44,54158.08,66439.04,56464.65,54675.81,59730.46,60500.47,59177.45,58409.09
121812,53566.69,50114.41,50100.83,51748.89,51787.11,52492.84,51589.38,49384.77,49443.29,49636.3,48808.44,52111.87,51701.62,54821.09,52492.43,54049.92,56364.81,46585.73,50044.14,49218.62,59058.47,49169.41,50727.24,55667.73
122822,40115.8,41614.18,38362.96,40607.89,36326.1,35677.39,35468.89,37969.32,37428.76,37304.34,35106.0,38467.9,38313.42,39423.24,40302.02,38065.34,40500.64,39492.17,34439.37,39112.49,35777.19,39470.32,37305.91,35824.72
123831,44497.25,43003.72,44659.83,46567.43,47302.37,47674.91,47090.83,44899.91,44813.29,42586.57,46301.33,43730.94,47919.21,44064.86,44544.79,42529.27,42316.28,46122.91,43985.77,39406.09,42368.45,44605.95,44129.51,44862.85
124833,73540.55,71339.98,77045.07,76205.42,72416.17,76169.47,78814.53,76119.33,77027.06,78484.1,78359.69,77436.66,75754.86,79001.81,74607.36,69237.93,73802.44,77735.31,77225.18,72956.73,69895.75,71928.58,78845.32,77020.48
125834,83610.37,94946.76,98579.54,95977.32,93104.66,91284.26,86619.06,83849.02,94671.54,94425.22,94366.01,92359.8,94404.63,90818.19,105935.16,89250.08,94871.32,98374.19,81742.87,88349.84,83417.44,91948.05,92490.08,97526.4
126950,99770.55,115499.24,105778.71,111986.84,110178.99,109601.48,107718.15,110083.85,107049.02,111420.66,110426.42,110345.8,111873.15,103247.02,111698.24,110563.59,110272.35,106643.13,113070.1,105132.94,108157.23,103060.4,108982.24,104082.36
127952,101387.85,110692.74,108384.72,108227.93,109368.85,103250.21,100498.89,103563.37,96553.24,106903.3,104711.78,98419.62,108555.29,93195.42,89595.23,106955.25,105250.47,98127.37,108545.38,113877.59,92591.4,102059.34,110783.97,102968.69
128972,122020.37,118031.78,111602.16,116941.75,126608.19,122851.73,119615.34,109813.29,120852.09,116357.25,118986.56,124294.0,118421.21,121277.11,122348.59,109206.26,120733.12,118124.62,113209.37,121050.57,125220.71,116231.63,105056.73,113237.01
129983,126223.71,124803.25,127745.2,116183.1,130377.7,124288.41,126328.23,131915.08,130916.28,122452.48,126559.96,129973.48,119287.66,125771.85,126150.38,120969.77,134228.7,124106.43,128761.8,120746.07,118682.86,131933.95,123502.89,117283.42
130992,97260.79,98870.33,103951.47,105911.07,101171.04,102788.26,97774.05,111114.83,104977.55,99392.42,110591.66,98596.12,94593.74,108754.14,108281.86,107169.1,102423.57,102553.06,112141.26,89750.92,101785.81,108928.87,97425.46,106920.93
131993,58899.89,58912.76,65672.72,57581.01,61690.21,59376.88,57832.75,61499.66,59359.18,57575.01,54369.21,61959.02,60478.61,61125.97,59080.03,61872.58,58102.75,63675.83,62481.79,64028.32,65649.27,60839.06,59879.96,56996.21
133001,30755.54,32514.48,36071.35,33227.51,33624.24,35646.29,33056.13,32397.1,35320.64,30985.95,34286.04,34912.07,33044.01,33763.72,33953.35,35224.39,33983.18,35610.17,33394.53,32473.36,35361.38,31888.25,35500.35,34902.75
134062,99559.64,90741.6,95431.07,94060.11,93797.13,88430.85,92814.45,94196.48,90934.07,88564.63,88714.55,90292.35,97170.28,89419.88,88539.03,91924.13,90948.06,97861.27,86950.97,90798.84,91578.48,90423.52,86032.84,87455.44
135064,79362.8,72518.59,78457.87,75225.33,78146.92,75449.08,69532.6,74501.22,79453.65,76957.9,75796.12,71536.7,67432.83,72733.02,74277.39,75085.87,68370.7,74812.8,75854.03,72152.24,77659.94,74982.35,75919.41,77958.4
136092,66439.86,61664.98,61273.53,68634.44,65553.64,65922.41,65908.69,65794.7,62975.55,63137.71,64870.59,65165.23,61048.14,63141.05,66071.68,65880.89,64855.16,65620.65,65039.05,71713.71,68591.36,68563.27,62049.36,65540.05
137102,42938.71,42973.3,43539.88,46431.43,46007.66,45426.48,43579.12,45868.09,47430.17,44524.71,42484.93,39558.18,43759.5,41437.97,41753.5,46934.01,44096.35,45730.85,44216.35,42644.23,45449.2,45434.93,48288.76,44820.61
138302,43149.17,43203.69,42402.28,48543.7,48198.24,42060.29,41934.06,46304.25,48273.77,44668.39,44458.8,45503.67,45266.32,43064.45,47947.78,40397.52,45760.81,47047.18,46981.41,42424.95,43489.08,45662.6,43506.32,43192.53
139393,61088.99,73427.77,65977.45,70794.18,66142.63,66963.8,64059.48,67832.48,64798.32,67173.08,70044.5,71687.36,67218.83,69573.5,69907.55,68430.23,63243.89,68010.37,71337.78,72714.32,70202.94,62605.67,71594.03,58859.78
140404,38279.85,47036.48,45169.17,46134.15,38211.87,41032.06,45893.4,44147.74,41019.94,46024.33,40447.45,40521.19,41612.78,45258.49,43541.78,45600.87,43636.25,43400.07,40145.74,42880.54,44669.3,44678.73,41877.85,42291.75
141422,48324.87,49728.43,53305.36,55263.87,47170.92,50293.07,53176.05,50402.09,51029.48,47771.56,48041.76,50775.71,50514.74,48042.03,51834.23,54341.05,47120.53,49726.85,50017.44,48126.24,52365.96,53830.19,49447.37,51936.23
142452,19511.21,17994.92,18656.59,16831.46,20000.08,18507.2,19096.42,19851.52,17827.53,19995.28,17734.68,18665.06,19124.82,20777.81,18556.45,18407.89,19050.15,19241.88,17417.08,18781.49,17539.41,18638.9,17619.63,17965.99
143472,14374.1,16102.61,14303.39,15883.41,14987.22,16040.22,15849.34,15067.24,16128.64,15267.12,15966.23,16224.55,14893.87,16397.76,15635.12,15872.18,16105.5,16500.26,14714.86,15085.76,14609.97,15550.44,16079.25,15062.53
144682,68755.32,64334.08,73253.46,70129.97,68326.06,75349.72,65151.31,70226.22,65835.04,69618.24,67664.83,70972.85,64106.97,71855.96,67845.69,68115.37,70482.03,68879.49,74570.92,68241.79,67328.61,73587.51,71868.84,68181.33
145691,71539.88,75115.87,75269.53,66265.99,74024.92,70414.23,79930.43,80714.2,75245.74,80176.82,71163.68,69211.2,68401.94,78787.05,73485.09,74837.02,72992.3,72081.52,78027.7,81051.51,80537.1,75967.12,76056.04,75598.16
146692,101784.5,100655.09,94728.95,103416.47,102704.4,98817.82,101744.99,102685.81,101266.17,106193.69,96162.8,104188.28,92708.03,100528.03,97972.75,97469.82,102415.54,95827.79,100394.97,96434.99,98679.53,98836.91,99589.37,105273.68
147693,98983.97,109093.43,108843.06,91679.61,112868.03,109377.44,115539.19,103625.91,114287.8,102811.3,103517.76,109721.81,99027.96,108643.97,107119.11,108864.67,106932.28,109883.4,98014.91,107429.93,101590.4,115176.0,108833.5,110748.33
148695,69556.66,69634.61,74323.25,68395.87,73631.78,75984.32,74635.56,70978.47,68618.17,64231.83,68388.99,68560.58,69055.84,71240.67,77381.98,64172.76,70822.92,69747.11,70678.4,75100.16,75804.46,68569.97,67204.36,76424.4
149702,61710.55,66544.92,65349.55,67413.99,60187.07,70266.83,70056.25,67944.6,62434.05,70024.4,68965.9,65972.05,63970.49,57445.33,71470.09,67210.6,70120.68,73747.05,65529.19,67232.72,66218.28,70119.18,66355.09,64853.92
150712,86226.55,81076.14,89902.96,92912.19,89857.56,96920.47,87004.26,85921.6,93405.23,88527.19,87969.35,92499.97,83085.37,84476.41,93127.64,96107.38,84880.24,94539.08,89762.59,85336.62,88358.53,89999.25,95066.65,91512.88
151713,73009.46,78025.65,68794.26,73696.06,71936.89,69918.09,72435.8,75527.42,70963.18,69443.41,73623.19,68039.97,75670.16,80963.87,67202.24,72272.01,74095.42,70425.32,67402.92,79300.44,77983.4,66008.29,78888.7,69522.05
152722,47545.59,52546.94,57644.27,50369.26,50775.61,50949.53,51608.81,53536.29,46821.51,50859.06,52406.79,45922.72,51682.54,54631.05,48198.34,49721.35,48619.0,51971.91,54532.56,46972.63,51480.12,52606.92,51102.78,48555.77
153772,25437.26,25595.97,25410.65,25533.19,26100.13,26343.16,24256.18,27125.06,25948.38,26219.07,24756.94,27955.86,24948.32,25448.2,25315.0,24503.46,25931.39,26357.3,27438.85,25793.61,25688.35,26876.06,25609.64,23858.3
154782,63170.12,64552.01,65127.38,66186.23,61893.32,64181.65,66966.39,61509.11,62624.39,68308.07,63081.68,61478.33,67278.89,67532.4,63208.52,64711.89,53245.03,64281.5,59540.08,64894.06,57611.32,58041.67,63982.44,63726.2
155783,46131.75,48949.37,50752.99,46475.54,43914.56,48694.84,47290.77,47978.92,49983.82,48999.78,47538.19,44602.08,46597.42,45897.73,46944.31,47166.55,45128.9,46450.96,44608.68,46341.12,45534.17,46777.75,49072.69,46445.28
156784,64740.71,63282.68,69189.97,67073.22,65616.6,73121.56,64126.24,63654.48,70237.58,70535.1,66430.36,71209.34,61127.14,67492.57,65170.07,74755.08,63525.69,66461.18,70670.6,69150.56,72181.25,65361.09,72277.16,63093.17
157803,70636.3,65325.36,63924.15,56733.83,71231.73,63497.99,64011.81,60917.27,64922.99,65133.69,65616.47,65061.66,59689.61,64982.77,64183.33,63743.85,64785.73,64539.76,71466.72,61853.3,69270.86,66037.26,63061.1,62339.95
158805,72517.1,68753.88,67106.23,71540.89,73844.01,67644.57,72335.67,71568.18,69500.72,68570.2,70232.71,65486.5,76649.64,65065.46,68911.42,73220.69,69802.95,69147.63,76418.97,71133.83,70349.84,74778.82,70147.14,73469.79
159812,79627.43,77180.73,81153.95,79224.74,68148.97,85368.9,83322.38,76608.0,87005.71,81142.82,81450.46,72304.3,77354.61,82197.63,87661.09,83070.58,78002.62,85681.36,86894.05,77992.79,82462.88,81757.51,79280.46,83148.86
160822,49294.38,51151.34,51550.83,49981.32,52874.41,55108.75,48790.33,50415.24,46262.87,52941.94,50990.48,45386.11,52193.27,48010.59,49244.56,47880.26,45694.44,48323.88,49828.4,46065.36,48001.14,47192.26,54525.76,49579.75
161832,48745.01,56285.23,54635.99,52310.69,55003.58,53254.37,52530.73,55181.77,53604.51,50310.49,51048.85,52425.66,53476.18,56801.5,52234.72,48658.17,54384.44,52226.43,53850.69,53719.4,50901.25,52103.6,51721.37,54804.08
162842,35614.05,34584.75,37265.64,35147.54,33150.12,35839.72,35124.64,38282.86,35818.75,36200.07,39665.04,35941.53,36920.03,38457.37,34280.83,34475.33,34201.06,37900.37,38377.34,36258.35,38742.22,35689.3,37858.19,34469.79
163843,41370.95,41899.59,41873.79,41929.09,41465.07,40230.01,41840.22,41556.54,43412.11,41579.19,43977.0,42699.26,35862.11,43751.27,41922.8,42830.01,44376.23,44810.02,40751.88,35289.08,37502.09,41593.96,41038.42,37047.51
164852,26100.46,27945.55,26802.75,28788.87,27063.56,29573.67,28602.19,26360.73,26701.63,29489.56,25595.58,27200.24,25933.67,26656.77,26843.13,27797.34,28822.97,29442.35,27678.81,27975.45,26600.53,28135.15,26290.22,27480.72
166052,46740.52,49628.09,47816.47,49236.39,48592.16,43667.36,43058.65,45457.15,45586.83,49812.76,44087.71,40836.8,47719.07,43916.43,41633.57,46791.59,48401.9,46919.93,49309.34,45209.13,45728.91,46819.25,43055.27,51621.5
167053,70696.08,69775.95,69358.4,70873.85,67723.99,70922.19,70258.72,71012.21,74216.4,71296.67,69883.26,72412.42,66625.64,72668.52,65805.86,63771.33,64925.76,71072.37,67336.27,61740.79,62780.97,65110.93,77124.41,67006.88
168062,57423.29,54732.67,56059.5,51782.96,54937.76,61872.69,58435.16,52271.78,57081.52,51566.82,54976.74,54076.66,54454.51,55682.64,51678.82,55828.78,48453.45,51251.48,55787.2,54414.09,52917.58,56653.18,57973.46,56436.57
169113,109949.02,113621.99,108675.36,114077.34,100896.64,108467.46,106971.77,114335.4,99019.01,108721.49,106032.65,103635.24,99056.12,108144.25,98625.98,105905.75,107563.22,114775.69,101333.5,104964.89,111960.54,100451.45,105690.98,113601.55
170114,111602.42,128812.7,112620.94,124481.0,111932.75,124207.87,112612.55,122701.15,113137.62,110368.57,114785.08,115406.64,120173.79,119727.92,118168.8,110055.73,116876.09,106276.49,112489.16,123978.93,113418.35,112777.56,107191.55,119432.11
171115,116826.85,112166.81,116434.23,108472.18,107955.02,99927.9,111885.28,107273.68,109989.74,112569.19,111273.51,113204.39,119421.35,118896.46,110230.31,112593.18,118592.62,109931.08,123399.07,123908.33,123989.08,115122.96,110748.47,110706.01
172122,94307.1,97666.56,92848.23,103029.09,91175.75,100728.16,91875.74,98322.08,100190.05,91794.85,105965.33,97924.0,99587.59,94316.26,97772.71,89788.73,96606.01,100472.22,96440.26,89411.18,101449.18,94095.73,104457.9,97058.01
173135,84971.77,82582.96,82139.51,74728.88,82646.22,89764.81,90229.36,89722.26,80689.29,80299.61,83127.24,88081.73,84542.24,89610.15,86390.2,87769.75,82977.99,84519.96,86850.29,83320.84,80780.94,86012.25,87915.14,74785.73
174142,57858.72,63627.95,49949.76,56013.57,57903.59,52890.16,57267.58,62632.43,56059.85,60985.97,53714.11,60046.9,60986.05,55158.03,61821.03,62150.08,66505.7,56003.47,56341.25,61096.45,60637.79,58639.97,54915.07,54073.82
175163,57967.43,64083.94,66066.08,62612.48,62020.02,64321.91,59868.2,65672.94,64001.96,64618.88,65325.41,66007.7,65194.83,60119.53,61516.68,66123.44,59915.76,63489.48,61301.26,61389.25,68824.26,63782.32,66970.22,64341.62
176172,51442.57,57706.28,51463.12,53981.45,44700.27,51564.03,50720.76,46176.03,53369.99,48115.26,50186.9,51579.52,51472.8,50672.3,49935.69,47173.62,53441.33,48850.92,54705.06,49759.36,52604.69,56541.42,52353.42,52344.65
177623,74070.07,80888.23,76028.71,73702.51,80056.0,83363.99,72273.89,75757.97,75879.07,71408.61,74638.95,77419.2,70871.67,74886.58,74052.78,72315.74,71395.24,79770.62,75389.67,75537.53,72547.85,82972.78,72306.54,80441.96
178662,93327.15,87016.74,94408.62,93875.03,85818.11,87046.95,78875.32,88952.6,80383.23,94758.23,91356.01,97546.97,89236.66,96689.86,98876.06,87413.14,90009.43,89749.99,88067.67,95217.58,91001.77,90643.58,96651.66,90340.93
179663,74395.58,74427.33,77352.11,75222.9,83158.25,79684.49,86338.98,74847.29,78600.33,77792.38,78977.85,78284.51,78242.15,81526.69,85349.0,79350.07,75543.19,75283.11,74298.52,79528.64,75654.94,79354.37,82490.06,77451.16
181104,110957.7,117689.53,111821.3,120787.75,129027.16,124252.07,112807.8,118353.0,109065.47,124516.8,118298.83,123050.02,118412.34,118928.97,121725.71,116937.15,125004.0,116512.89,119405.38,127977.76,118896.49,125429.51,119306.26,111854.43
182106,104886.85,98353.83,96719.34,102999.33,98024.51,108655.29,105393.87,105048.46,108440.01,106499.05,96146.91,100765.92,93624.87,104999.01,105029.55,97393.68,104821.91,106662.73,101201.32,104760.24,96168.39,98518.89,106173.71,97978.65
183113,115833.88,118049.03,123500.98,117478.82,108275.36,111424.1,110055.84,110501.45,112841.11,118858.69,106839.53,109826.56,114731.05,108138.61,119461.04,108330.11,104935.64,105252.64,109531.75,113906.82,117244.83,114358.66,105191.95,112197.09
184114,88201.15,80233.26,76978.54,83608.58,78543.15,80715.29,77388.11,90732.56,87040.8,80710.98,82703.58,83894.92,81097.85,80792.62,79565.53,83624.85,73028.69,76680.92,76549.84,78857.46,82857.9,82796.98,78682.78,86857.85
185123,109132.5,104344.02,109376.6,101085.77,99814.21,108173.98,110892.31,100081.78,114457.15,114073.62,103281.51,111784.75,109407.41,109574.21,95697.76,105067.46,108974.26,98642.41,110169.09,105621.5,105940.07,101713.36,104898.19,102500.81
186125,107255.04,93339.47,88192.72,94357.19,98215.55,103415.74,93472.27,99331.48,92638.52,99025.44,95474.06,93784.15,93125.96,86460.7,90594.44,100396.43,92886.7,101810.2,97806.19,88396.78,93783.13,98130.55,97255.7,95411.31
187141,84728.22,89376.86,90953.48,83759.68,85157.04,87923.91,88550.21,83325.5,88751.81,84811.34,91171.67,82322.35,81136.36,87692.23,89289.52,91836.72,85655.29,81337.48,85942.09,91791.93,83101.85,86014.18,83556.97,87256.83
188222,118562.19,108039.77,105439.35,109728.93,104908.54,119464.37,103303.56,104825.18,111081.74,113516.87,116575.51,111433.86,108705.57,108310.51,115929.71,114927.02,109611.61,112656.67,110146.82,110696.31,112778.07,105840.42,113318.29,107007.17
189223,86839.48,87711.07,87886.15,96990.76,91014.29,88970.36,101041.62,93056.01,88205.26,91024.65,78747.74,93088.76,90331.89,91360.21,93791.3,90580.85,90778.83,89140.92,92934.46,93098.14,94766.15,100420.82,89025.2,94009.71
190293,6667.69,6976.1,5884.73,6370.27,6863.3,5904.43,7098.28,5917.42,6451.91,6008.09,6901.82,6448.13,6745.06,6623.49,6655.04,6448.64,6076.62,6836.9,6329.02,6333.26,6479.29,6429.06,6742.27,7468.56
192003,250643.76,226915.59,232585.24,216074.83,231217.57,217130.48,241257.23,243235.99,221515.58,250107.01,238551.13,240808.82,248196.3,226549.4,232628.23,241696.28,236710.41,228657.32,242450.98,225337.95,227773.14,232485.53,252434.61,226575.0
193013,85060.77,86549.62,86581.19,91033.39,85675.2,87709.6,96444.29,83490.56,85389.08,96762.99,87936.15,85586.78,96814.24,97154.11,89271.15,95398.58,91605.22,90683.35,89094.84,92683.12,103291.01,92590.88,81737.25,89442.96
194023,69812.71,73816.93,74349.33,71720.72,69881.49,73106.16,78509.11,70217.47,69417.6,79101.22,70858.29,76916.59,71963.74,70909.54,68538.39,73429.57,77757.53,71583.68,66734.06,75912.95,71613.96,70684.87,72528.47,71989.28
195203,110992.71,102322.2,105857.44,92107.66,97862.61,91952.1,104474.67,92692.16,94897.92,95472.02,97556.94,111317.2,101465.59,100358.32,92504.36,99494.71,105693.58,102946.64,96057.95,103156.25,108518.45,91161.95,102723.14,95333.86
196205,100839.97,95289.23,94966.83,102850.59,95719.09,99792.78,100279.45,95105.98,99602.2,96058.79,104730.26,98532.38,99907.43,98511.37,101740.39,102058.71,93758.94,91940.04,113164.15,93453.98,98564.26,93228.85,95476.73,95712.6
197213,88405.05,83597.73,81987.84,78046.02,80863.67,84209.15,73657.83,80031.31,80829.55,79345.54,89705.77,81318.73,77712.95,79560.03,77657.17,84913.09,75681.18,75798.36,75043.33,84396.24,84850.96,76660.21,83344.52,88089.49
198223,102579.1,102974.49,104683.97,102455.9,99507.99,94242.28,106768.08,108756.63,102364.9,107211.05,94246.3,100607.47,98461.68,90930.28,109170.23,108323.41,95645.95,92141.91,102588.22,106067.79,96443.08,101766.57,101159.95,100976.65
199232,80882.72,90442.9,88267.46,89526.37,90242.02,92345.54,94746.17,88377.03,87730.44,91967.7,85762.47,92363.23,87223.85,95405.49,98796.93,88929.77,88478.48,81243.52,86763.19,95559.05,84874.46,85151.57,87487.0,86812.5
200233,77239.99,81738.08,82034.48,80361.06,73717.52,75239.04,77114.85,78618.36,79241.56,84450.68,73413.25,80780.23,77384.51,77561.65,71924.28,76712.94,79546.1,78161.3,74319.88,78524.6,73459.64,79893.16,77436.36,80623.53
201234,97484.77,92447.03,91864.66,90070.97,101579.35,92128.96,94698.11,88042.18,89672.8,96832.34,88407.69,94615.43,85517.99,106315.62,89114.63,93570.74,91278.59,95852.92,81038.81,95809.97,89499.5,98498.49,87889.82,89205.56
202293,68257.52,67811.44,70188.6,71655.8,77631.08,71274.65,69718.51,71673.11,72642.86,79221.83,71931.4,74300.87,72443.46,75155.74,69165.06,72333.49,73453.71,61584.84,77907.71,74593.79,72298.64,80620.31,67874.71,75838.26
203295,73962.71,70641.44,72628.02,73097.41,79316.53,71743.14,69193.62,69650.12,76747.39,78446.17,73559.85,72511.17,73537.11,76311.35,74750.29,70914.92,69718.29,75803.41,67728.86,72455.0,77368.35,70198.74,75585.58,73258.23
204303,89413.6,81900.91,90329.4,89973.35,92728.31,85574.19,85236.77,89815.5,92120.71,92174.16,94904.47,90820.79,101853.44,95303.21,92644.44,88209.53,90176.37,90471.09,86268.77,81113.18,92683.97,86772.99,89477.88,82112.24
205483,84874.09,91551.61,83416.22,85982.12,94454.67,89101.73,85699.01,88031.7,91972.87,91051.32,92494.33,82474.09,81920.49,92078.12,89896.85,91684.5,81672.28,83556.72,93417.06,83084.4,89351.45,86683.49,80229.54,83240.56
206484,70778.96,72850.18,76574.14,80917.78,75129.1,68580.08,83588.87,72445.5,84315.77,80279.6,78154.81,80942.66,77281.06,75121.91,82315.54,82935.69,71979.17,77451.98,76706.32,82113.06,82662.54,86479.09,81037.27,85165.03
207503,57804.38,59114.47,64318.53,57379.33,68714.79,59910.19,62405.6,58334.48,61693.19,60979.91,61758.81,60762.61,57464.57,57598.87,61709.27,65307.24,61547.26,61392.93,63372.43,64937.95,58436.94,58179.21,57471.87,56597.0
208523,1476.76,1430.19,1670.64,1414.09,1579.47,1552.65,1589.61,1516.54,1555.5,1611.69,1591.36,1576.79,1535.64,1575.42,1554.88,1613.99,1594.04,1566.28,1566.96,1580.12,1613.94,1595.6,1593.13,1575.51
209985,82795.04,83242.13,85537.92,79412.89,89298.34,82720.36,82472.72,88982.04,79136.08,86737.8,83153.01,90952.19,83725.15,94130.4,84729.12,87201.7,84040.29,80245.46,83568.09,78915.04,86993.37,81096.75,89200.16,82214.82
210993,75823.24,72646.1,67491.06,66760.55,66406.59,64145.07,65851.39,67930.34,63253.03,63362.3,68358.01,65772.95,71358.55,64574.27,68573.92,64984.03,70000.64,70907.25,68345.32,66868.56,62618.05,66684.47,68168.96,64506.76
211994,75529.75,73716.44,71590.67,75157.22,66698.65,68598.24,73254.05,71133.43,76101.85,72770.93,67805.68,70507.66,65610.71,73955.91,70111.98,71199.98,74347.46,68500.18,74221.95,73167.91,72015.68,74672.67,71914.57,71066.54
213004,84073.01,84515.64,84093.7,87312.68,86159.52,72572.86,90215.51,88313.54,84953.79,81627.87,85285.38,83957.38,84813.93,81149.71,76660.87,91338.58,85951.31,83579.71,81756.61,84893.65,82834.76,89065.84,79596.61,72621.05
214005,85696.93,84183.01,93837.81,92068.47,90469.76,83780.23,92652.6,85018.72,83280.12,92600.57,100205.77,82289.33,82429.73,87169.24,88002.62,87205.23,90166.04,88177.13,96388.79,83047.62,92083.72,91835.46,91467.91,91527.35
215013,90844.1,82348.09,95115.1,98497.81,91885.87,94745.51,92947.11,86599.79,90669.97,86996.49,97716.26,83203.86,87751.59,93290.57,92990.56,85898.24,93823.85,90508.11,87239.87,92069.31,93723.82,87806.3,86912.69,87251.06
216024,111296.99,118674.8,119728.32,102808.92,116864.63,116664.66,104279.97,113451.12,112705.48,115853.81,112095.05,111139.95,108138.48,123002.84,110583.43,110118.72,103980.43,111055.83,118457.52,120826.38,110284.69,106223.21,100845.05,116119.45
217025,84225.5,87579.31,80114.06,85292.1,83189.94,73117.53,79892.33,81154.46,80736.41,80689.05,79190.05,78426.77,81698.28,85574.46,80875.16,87247.9,74042.03,85189.79,86277.72,81258.45,87138.91,80631.49,80613.68,85145.2
218033,83195.15,89077.82,90693.27,92440.75,76745.62,96416.31,89207.49,84201.81,84900.31,86089.09,78866.96,89307.08,85297.47,84149.12,88162.51,70612.45,86665.53,78209.01,90386.81,82692.15,91760.98,92058.59,86007.97,91248.83
219034,77066.01,82518.97,78082.68,81135.36,79147.95,72586.67,82516.08,79650.94,71063.82,81574.3,82012.92,79914.94,75460.01,73539.83,84619.96,83918.24,86435.62,81691.88,87026.61,74080.07,82254.18,77619.41,81491.28,77458.19
220035,94110.08,96183.01,90033.71,92561.89,91550.64,92173.46,92141.62,91542.76,98307.22,83396.56,84876.49,92824.3,95102.05,86500.34,82016.15,88921.05,86962.66,82816.67,101207.23,92033.93,92477.5,89566.13,89592.72,87353.54
221045,120669.53,136414.09,129863.8,133057.44,127732.97,144819.4,131455.44,127411.46,122156.37,134255.0,135211.14,134162.91,128185.8,129437.6,126679.95,130480.66,123775.59,127502.05,133672.01,142073.52,126844.26,127931.35,130602.18,131277.39
222046,94692.96,103740.86,93479.9,95066.21,105859.95,97524.66,108871.26,93453.44,102095.09,98758.09,103388.7,95429.07,109616.61,97364.28,101815.13,94655.35,98456.01,98537.24,103526.2,99726.73,95309.55,98606.83,95896.19,103228.02
223053,110381.68,107926.58,101514.8,118299.55,118693.11,114415.29,108541.9,106082.69,106119.1,105361.68,112434.5,107407.05,106617.51,109841.63,108269.16,100103.19,109921.39,104791.85,106770.55,104699.12,119743.33,105867.37,96386.35,107673.21
224054,103759.53,110367.31,116298.12,99855.59,106160.06,109238.09,98948.77,109512.37,108361.11,100773.25,99548.59,101162.84,109786.97,111231.58,118636.49,110482.95,97854.08,112029.87,105628.51,109119.84,104183.1,117238.28,112917.22,107407.68
225064,86712.62,89936.98,92123.64,92919.47,84925.77,97262.76,97838.46,80709.68,91759.52,86718.19,89927.98,92297.05,86042.64,91994.34,92374.55,90118.46,86951.43,93899.06,84950.37,87899.0,87316.04,91549.37,84868.92,82859.43
226065,96060.58,99246.39,93607.64,98666.55,104823.41,95390.91,94314.77,93786.78,96245.06,105729.27,96783.29,94726.73,95744.78,88049.39,99750.32,93656.06,93529.44,93763.04,94244.03,97279.24,95859.73,100196.28,97520.37,97522.55
227066,92169.95,92826.48,84138.95,87680.83,86577.38,90800.01,97337.89,92675.35,92204.23,84779.03,84880.79,91297.09,87772.55,89501.21,92527.99,95425.3,85297.65,88952.88,94384.84,91465.66,93381.44,83657.33,91568.21,90316.26
228073,56746.01,56677.87,60201.75,58009.91,60804.67,55817.06,59062.78,58159.5,51897.29,55382.06,60890.36,58196.75,57936.18,58765.02,57553.51,59445.58,56307.26,58254.32,57638.43,61772.61,57654.58,53933.07,61514.06,57903.24
229074,57099.63,56596.73,63129.08,56697.26,60843.78,58597.56,56305.23,55012.91,58969.96,57185.8,63057.99,56649.92,53604.74,57946.28,57405.03,60193.8,60086.3,59335.34,54722.34,55550.3,58945.07,55949.25,61242.4,57800.96
230084,38175.5,39475.92,42751.81,41092.08,42373.2,40543.06,34913.11,37833.08,36933.52,39617.5,37891.6,40224.41,41148.85,37302.61,38011.49,37200.98,37702.68,39486.56,38962.66,37367.04,42022.82,39267.79,37718.38,39710.72
231085,68523.06,68613.09,73779.65,66956.41,63404.71,69648.67,66477.1,66100.88,66534.64,65160.38,65264.01,67729.84,69742.05,70764.66,73733.89,67790.84,64010.7,67365.3,72752.68,71613.9,68411.79,62654.83,62088.61,66611.64
232093,53078.99,48106.73,50823.05,50647.82,50837.92,51655.11,51076.56,55286.52,55317.72,49120.35,56068.02,56063.19,53926.87,53477.59,52537.15,54418.69,48878.39,50860.66,55887.27,52747.34,49353.29,58989.74,55421.98,50676.93
233103,86756.34,82302.36,87671.37,81540.72,92058.9,93089.08,87762.9,86306.04,82568.52,83658.9,83811.24,83809.19,81205.91,83643.65,91810.62,89757.28,83414.61,88290.82,80090.22,91050.26,91390.75,85511.52,91371.82,88088.08
234104,67224.5,75918.53,67101.82,70570.93,72155.64,71132.68,70337.46,76913.47,68802.85,64656.46,71011.51,67363.07,75345.8,68891.74,70781.43,67516.99,71302.27,69495.62,76200.49,67533.93,70750.89,69544.71,63896.92,66747.9
235113,81508.11,73888.39,78706.61,76513.86,79725.1,75905.29,75527.84,86658.13,74813.28,73921.17,76800.6,83750.98,73181.85,79000.39,74634.77,78191.81,79877.14,78566.76,77984.83,78785.37,79969.86,82441.39,82639.91,80285.96
236114,76230.4,76967.98,73462.97,69640.88,74880.37,69194.29,73390.0,73541.02,81930.73,80276.98,75384.16,72595.26,73175.26,76994.91,77220.74,84547.24,74851.37,78565.45,81806.86,75884.95,67385.55,73026.08,75386.54,76215.06
237124,50697.61,49493.21,49948.24,51835.24,50286.1,56405.76,48545.73,47900.64,49703.43,48133.28,49562.69,52717.45,45830.95,48588.22,54503.64,51161.42,56708.17,50519.35,54982.34,50299.69,49151.25,46642.98,50327.04,50233.96
238133,22502.74,23751.6,20008.19,24181.29,22989.26,20952.55,23035.65,21996.69,24377.54,23408.26,21470.93,25906.69,22756.44,24163.19,23654.47,21407.32,23334.15,23278.03,26215.0,20842.1,24514.59,21431.21,21892.39,21849.82
239134,50869.9,50058.23,50589.27,54814.98,48840.04,52348.25,47387.24,49006.64,46511.51,54473.35,48955.92,51586.49,51023.34,49730.26,48185.28,48318.35,52624.69,47586.05,49375.91,51091.86,45912.32,49770.83,51133.21,56351.98
240135,83092.49,80573.17,88708.81,74617.83,79735.1,83060.9,82901.63,89515.9,75235.74,79030.22,78609.62,79829.1,77425.43,84920.03,91461.36,92751.61,81971.26,87522.96,84989.24,82725.65,73858.71,83172.67,82411.65,79394.66
241324,104454.57,114324.8,111234.53,107960.44,107680.22,111980.33,97857.51,92564.98,97606.15,96299.13,104521.72,110696.09,102006.36,106547.62,109799.8,94505.43,103546.35,103100.53,104078.01,89862.52,107340.83,107137.51,96191.22,111756.51
242325,87139.76,90081.25,98740.26,84756.07,89166.53,85262.35,91374.33,99168.4,84377.44,85520.66,89483.88,87096.81,83790.12,90853.83,91562.2,90112.28,89842.89,87309.72,95357.85,89742.95,93759.95,95361.66,96268.46,84482.15
243333,82842.18,82971.33,80349.42,83183.44,81513.16,77842.83,84388.82,82386.36,77362.56,77078.15,83845.86,82404.54,75580.35,79876.07,82393.27,82386.82,87321.69,80828.05,79471.14,79404.87,81078.36,80302.46,81599.57,73987.33
244334,74040.76,77793.23,77487.39,76565.05,72767.32,86542.17,75954.19,79093.75,76161.24,75983.98,79305.84,77864.2,86805.9,71082.46,77904.84,82530.18,79883.83,73174.2,76839.61,81409.42,73781.55,76206.39,81786.33,77361.24
245343,76787.36,77979.58,74032.68,82958.76,69682.9,76635.79,73494.1,81616.37,71296.3,76773.8,74665.25,73019.17,78393.5,73195.41,73190.62,72180.1,73358.6,74453.52,74205.95,72176.94,77252.04,71665.25,75543.43,80565.92
246344,51157.78,49191.64,52205.43,55169.08,46868.25,49694.64,46647.26,53587.09,47993.85,50811.85,49004.15,52782.59,48734.86,54395.75,54744.46,51348.35,55979.33,43911.86,47262.75,48561.62,49643.27,55685.36,56607.99,50723.03
247345,81654.71,75537.04,65771.68,74782.87,74115.1,78311.76,73850.57,73509.85,68519.24,74006.86,77216.57,69069.82,73995.09,71571.49,70368.64,73658.51,68852.94,68724.47,78621.45,68195.97,68547.45,74746.72,71503.97,71222.02
248525,58415.72,69091.16,61402.22,62421.95,68148.49,51196.41,63951.68,56574.91,60480.5,62928.56,56026.84,59256.72,62624.93,60896.62,58937.71,59068.71,63004.91,65344.11,61260.5,61642.04,60761.85,62927.08,59650.8,65163.3
249553,24460.77,23106.62,23040.21,23123.8,22132.35,21573.43,22346.06,22999.75,21334.49,22531.04,24108.98,24085.23,22323.74,23218.15,24287.2,24104.78,22765.04,22255.05,22082.76,22448.01,23748.52,22650.31,22981.14,23243.37
250784,79592.33,87165.64,88218.16,83120.97,87478.24,87307.58,80509.01,80495.48,83104.99,80939.24,84608.17,79701.05,86649.37,88455.35,83751.9,83846.06,91599.97,82823.71,82218.79,91400.84,83034.77,80613.01,86894.43,80529.02
251924,151852.42,171345.65,158499.75,140998.99,162120.16,140707.7,145807.99,156677.21,161342.94,150622.16,154010.79,157690.59,149805.41,153577.18,142207.37,154079.89,163552.88,166009.44,155873.65,152258.52,152414.8,146560.02,139092.66,147910.49
252925,154647.63,161522.34,158871.17,156524.6,155034.27,141404.69,143083.16,155668.57,156158.44,143168.58,153959.06,153795.87,140889.3,159226.95,148919.29,152250.67,166693.06,151203.04,166461.1,155808.83,140993.76,144207.41,151642.76,142639.46
254105,146073.77,138750.03,161877.9,157654.78,141537.12,157766.4,150281.1,171746.29,143859.96,156104.31,156263.31,144051.65,162312.04,155391.85,160839.49,143803.43,158296.48,168310.13,145442.14,145689.61,156594.67,158769.81,149975.29,155659.36
255114,100993.12,101591.4,106564.4,109150.26,103456.01,105977.02,98309.09,100834.18,101428.41,95617.56,93731.44,95603.68,106140.95,97172.15,101384.93,106696.21,101207.03,97990.76,95016.61,110344.67,99631.05,86611.19,94445.85,104063.49
256115,127683.96,121645.91,124923.69,122536.95,132250.37,128677.29,129458.54,129732.35,131378.82,123145.88,133656.04,126800.55,122514.46,116766.83,129147.17,137328.13,115908.63,126412.16,122607.0,118282.67,117870.9,128040.36,118662.59,120939.31
257154,130421.57,137127.62,137797.75,148342.6,139714.62,145034.66,125980.76,148615.46,151989.78,140467.45,139224.41,151995.15,143632.44,142087.43,130009.34,139167.13,146823.98,147046.96,142757.11,135241.45,132664.56,139481.21,140568.08,148414.12
258156,155773.37,149867.6,157560.62,160833.56,160966.26,164156.61,161661.62,163119.57,161294.8,149312.96,160307.96,156846.84,160357.95,151207.78,175400.79,165542.79,163043.29,153112.02,152167.63,167599.11,162206.23,155823.66,149703.06,165372.48
259193,134020.49,131672.38,131954.84,123849.42,128161.57,127958.08,121567.49,135965.93,130017.89,115722.5,111223.42,123671.11,115139.68,137499.05,121056.22,135336.23,133711.16,115572.9,125623.79,136656.79,130385.95,126665.93,131927.1,123972.25
260194,184738.04,177441.0,173902.22,194419.47,185723.71,200877.05,167788.61,183182.6,178284.16,164685.0,167383.38,168049.0,159766.19,168333.44,155062.6,192999.32,183249.09,171647.19,175778.71,174738.05,167551.6,171442.02,189222.54,173892.64
261206,141852.01,148254.18,149586.57,155209.73,159668.68,165969.75,153283.1,154747.88,156640.82,147109.98,154602.51,151732.03,138533.6,163609.71,144389.29,159568.13,157429.83,151020.1,154279.23,152171.59,153981.72,163960.8,167127.25,159092.41
262214,56860.99,56879.1,55708.18,56283.55,50402.39,53719.93,55808.67,53244.43,52965.43,59128.05,50921.32,52811.9,54283.42,51559.28,57023.63,57617.24,55849.53,56196.92,59076.19,55113.94,54557.5,59636.18,53473.02,56517.58
263254,80445.37,85633.48,85628.88,83672.63,96055.76,95105.37,91381.85,78452.24,86758.73,84054.24,86783.0,93851.92,90233.83,84119.18,87520.46,89423.08,94436.44,88711.71,80989.64,93367.16,88910.4,83743.86,89464.42,88673.99
264264,105248.08,99403.95,95578.06,107387.92,102579.31,99064.03,100271.87,103610.96,103085.86,86533.42,101608.6,96563.67,102363.88,106574.29,113297.1,99836.64,95227.32,98105.94,98211.49,102366.7,98127.03,97769.25,101457.77,96980.12
265265,101023.2,108998.79,111535.54,113207.93,109290.37,115425.27,129737.78,116682.93,113307.17,110588.9,122246.02,110761.72,113416.46,118019.4,113392.13,113802.34,115531.79,109610.44,115457.68,96717.08,112946.98,107643.91,112845.69,118500.19
266266,125230.36,124796.46,133186.21,114532.17,126296.64,124190.8,120501.12,137449.95,124245.03,122291.48,133188.83,125471.77,113934.03,139909.99,123565.5,128648.39,138174.27,117496.11,139282.03,122937.9,132825.5,133507.77,135611.19,122270.21
267274,139417.85,165914.73,148787.99,147913.41,148989.1,159269.1,148178.16,162456.49,150560.64,144516.17,145829.63,155721.61,155279.97,155371.29,156128.15,133889.35,146878.97,160313.06,153177.98,162633.04,157973.41,151146.39,141290.02,153391.06
268275,138319.78,146213.09,148379.58,136834.09,142916.91,143497.13,130450.11,143721.2,133531.46,139010.06,147232.17,142520.86,145970.13,125253.62,137782.59,146337.6,143020.62,138872.12,140099.97,138219.81,144178.97,136600.54,145264.35,152025.01
269276,170738.74,157451.55,168853.01,155177.45,150366.94,160383.44,150335.95,160931.92,161566.81,170134.46,154702.02,163271.64,173156.96,168604.91,144779.14,162624.75,153086.51,174787.62,161351.01,157979.95,157397.16,152516.73,157621.76,161584.93
270277,189768.27,201472.0,207230.76,190712.0,201256.2,190968.65,196298.54,201107.17,202142.81,186413.78,205990.26,196948.65,206030.61,191121.19,198511.36,203953.77,191585.57,204081.07,206692.11,195271.62,183191.02,194612.29,203062.65,203107.59
271295,196550.64,196119.0,198731.78,188074.87,185524.06,192989.88,190560.67,183454.52,201019.12,203483.91,187117.58,175206.91,190128.52,182463.35,206958.65,189839.76,178105.84,195734.12,205857.44,195092.16,194374.67,182550.07,186733.45,207929.04
272296,177648.11,192794.95,201196.36,196117.46,184465.35,195037.62,191783.11,180105.33,154551.36,192262.25,182379.09,197061.27,206678.2,188108.73,190234.53,201806.19,193166.6,191221.13,188769.99,184655.95,192875.92,189516.1,189716.68,184532.23
273304,200493.02,178465.96,194507.57,194774.83,200551.98,196268.42,202065.89,210730.86,189176.09,203419.16,205820.86,199185.84,182737.66,216013.32,192680.9,179347.6,188682.39,191584.96,204947.63,202690.57,192023.81,196652.86,207192.45,196346.51
274305,169448.98,176090.82,173543.12,173970.46,150820.34,147461.04,155224.24,152712.54,152559.06,173674.97,153653.54,162151.48,162783.21,159807.48,157901.58,164830.27,153295.13,170227.44,168270.5,163493.57,166364.4,166374.38,148872.8,164471.38
275306,186155.42,161003.89,201358.55,189583.89,203166.07,218734.64,187411.57,196698.32,201254.18,180176.5,190851.97,197498.85,195064.64,174693.25,189390.27,202331.53,200080.99,194599.73,187783.52,185125.77,189268.42,191504.68,198642.27,186098.36
276309,164905.8,166840.19,147758.01,145621.24,159432.69,157157.76,152307.17,150106.99,152444.59,175433.61,163798.08,166315.01,168698.24,161817.97,150801.82,170484.82,143644.54,158869.47,144156.74,149999.84,162557.5,148542.98,161056.74,149057.86
277314,127416.02,134162.02,139973.33,120710.3,137821.66,141799.32,134991.31,128819.38,129932.94,135777.75,127519.07,139027.63,125574.47,136088.91,127255.5,131088.72,137244.56,134124.07,135642.59,127141.47,144373.64,151244.61,131951.58,137116.78
278434,7465.02,7608.72,7970.88,7711.52,7225.08,8400.97,7505.45,7945.32,7947.64,8068.38,7870.94,8110.31,7521.97,8037.25,7545.66,7282.97,7970.63,7368.77,7285.2,8479.2,8184.3,7869.7,7591.82,7299.53
279579,287534.86,297098.12,286697.7,296569.14,286717.17,270831.47,301575.94,277192.07,307875.11,296816.04,284063.48,299293.17,309431.42,275233.82,303972.95,295053.23,295402.69,290990.88,302382.12,304322.33,312983.85,309670.16,316799.19,282577.58
280604,181682.67,164461.65,177772.56,178331.11,177953.49,169678.76,160605.94,171339.51,185226.44,172511.63,184695.97,170124.11,180985.92,185114.61,167791.92,171860.88,178564.38,171542.35,182564.93,187081.43,169272.68,167394.93,178322.61,182978.01
281605,136765.85,133451.33,144812.98,143330.5,147999.32,144178.47,151276.37,131113.82,151413.69,144947.46,144648.84,143287.99,142852.98,150514.14,147960.01,152982.41,136085.87,138970.5,130184.95,140474.7,145431.68,147568.43,144003.72,135678.17
282606,140156.74,146010.66,143953.84,150886.26,152700.48,146789.56,137887.19,147816.28,147733.06,148838.47,143510.16,128277.45,147234.98,156901.68,141873.82,148617.36,142951.13,136739.58,155945.57,141392.74,137151.07,143152.15,126908.26,151707.76
283608,141109.2,139705.91,162111.94,141303.9,143647.43,153915.35,130780.79,146563.0,138118.64,146593.16,133454.41,135021.11,155731.83,135294.74,142453.46,142024.49,136029.94,152703.68,143494.64,140420.85,141138.22,131865.71,142495.67,154741.76
284610,182968.64,183001.21,187713.7,178442.42,173390.63,197227.84,183716.19,194317.17,198683.16,198174.06,181670.4,177307.46,171358.92,187723.4,192033.87,182415.92,189920.84,203930.19,180120.71,192183.46,197816.04,202698.76,183963.56,179022.02
285614,195254.81,184277.55,195110.9,207543.64,209308.38,195875.47,185167.4,221654.73,221511.55,217594.69,213947.49,195877.69,183636.33,207270.91,209045.45,201439.64,189279.99,195504.1,188110.33,207939.49,196700.43,199184.69,203957.23,195992.63
286628,206496.03,177543.79,184346.61,195388.89,186391.33,188688.01,175040.18,187607.48,187911.17,177661.78,183131.15,198576.42,193845.39,185740.63,191271.92,195692.98,174313.38,172047.55,205825.99,184250.57,180049.12,175969.77,180241.85,191791.34
287630,183957.24,176939.35,180985.41,204246.64,180720.09,168492.82,181112.99,178416.78,183380.64,187751.05,179698.72,165751.45,190440.98,181157.43,181811.19,184610.98,189551.8,200506.08,182976.05,187129.69,182948.14,191054.41,188404.48,176638.22
288634,128670.07,132378.81,142605.87,138837.84,149043.17,144314.06,132360.66,147549.75,145821.47,144923.85,137403.61,130619.25,141619.98,134000.95,137032.36,149594.61,133751.56,130195.74,142337.34,141470.49,140054.24,139522.08,135278.05,137693.41
289635,171965.18,166144.9,162504.91,176597.04,175829.71,178817.88,176626.15,178776.18,166067.78,174267.3,164291.99,170552.69,174581.28,167655.47,180025.06,164049.63,176959.57,175588.35,169960.01,181108.26,165486.97,173295.38,178433.3,180770.65
290636,141583.36,138769.84,144513.58,136037.59,142851.77,136981.26,147747.44,132749.52,149220.24,146855.79,148939.61,150005.01,150889.9,146374.69,148366.66,146009.17,150110.18,152097.06,143877.46,154690.96,147649.04,145877.58,151033.98,153277.02
291643,60067.16,65340.13,57131.01,58942.75,64951.3,62564.75,60622.21,62497.93,62515.72,60305.78,54874.47,63537.04,57737.16,64714.07,66940.35,58970.48,65144.19,62882.79,58191.62,63170.7,63004.7,60927.99,64084.4,57160.53
293395,372447.8,355952.16,361460.42,396700.45,388253.91,406753.17,353205.23,372323.1,354565.85,383384.43,406049.66,380113.61,410626.66,393998.66,376137.69,405724.37,391003.7,384545.55,380494.94,360771.36,408801.88,411700.59,368353.58,389304.43
294523,179439.77,178915.34,178183.3,184436.67,192555.75,190150.26,182678.2,166934.94,169305.12,174696.2,155109.97,194350.31,172960.92,175473.27,177448.2,171149.52,169239.98,151631.3,178343.42,166973.48,170001.67,165132.92,178425.94,183948.35
295524,206964.8,205594.28,214489.14,192752.15,190837.55,195950.07,204474.27,197233.19,194232.84,190620.35,198510.96,199727.52,203311.32,206693.64,194392.09,205808.72,191355.73,178879.52,194873.87,185137.68,194882.3,209578.51,214181.24,208778.53
296535,182475.91,204700.59,194668.35,183006.65,199370.37,178326.17,183515.52,191431.34,193622.9,176130.62,201726.63,198735.41,186654.59,199503.12,185342.6,187400.72,193626.09,211813.75,186086.27,186494.89,189800.42,176650.45,199105.43,180923.79
297544,184575.83,146343.61,146460.64,171163.21,150093.72,167907.39,160037.82,157682.57,172847.46,149348.64,151037.99,163368.37,155215.6,157869.27,186026.02,166299.69,177629.01,169267.03,187785.16,153900.78,168387.52,169508.37,158999.51,169635.68
298545,175369.52,163186.0,166063.08,170462.94,185902.48,165566.86,182205.84,182788.42,182239.96,178620.34,167030.16,189718.0,191423.85,180146.76,175616.37,173444.67,175364.7,167283.61,188571.16,166499.56,183246.66,167372.58,189982.47,196237.67
299546,152684.64,142711.04,140825.53,137430.01,140562.07,147147.93,144311.76,142345.48,147815.76,154481.47,149849.4,149893.97,139884.44,138487.25,150659.41,143174.49,145056.74,151750.76,145434.31,145065.17,149371.91,153698.82,150909.02,141014.5
300552,164836.8,142683.27,142578.15,148653.57,157145.39,163360.23,161626.78,156781.9,148518.81,152069.55,161832.23,159865.1,157867.33,158341.1,167827.15,154727.19,140836.77,160196.77,156906.11,165886.92,164708.33,147018.48,150244.96,166650.59
301553,161622.27,171855.22,177421.1,168607.35,177208.68,171190.24,174893.44,188329.57,166803.1,174261.74,156516.37,176132.7,172565.82,162193.54,173369.42,163105.46,161008.67,176409.59,185246.1,182638.9,178449.87,179467.27,165165.82,181482.6
302554,148815.48,153343.81,139664.97,165219.53,167935.59,152874.1,152406.89,151672.96,155619.9,145009.71,149640.8,161062.94,172272.21,152683.8,159549.4,148645.06,156300.38,154448.69,156493.48,170014.37,150030.46,154986.11,150225.47,158031.98
303555,159427.38,177417.38,178598.14,164652.62,166857.57,172215.74,161782.39,149714.01,165110.77,168839.99,158193.19,169856.42,173170.74,161101.78,166948.5,166262.79,171076.01,173898.02,156908.3,172524.36,175923.11,149721.14,155338.89,161162.03
304563,98360.44,95844.99,96823.86,97918.66,91015.53,96904.39,93925.38,101666.23,102243.21,95806.46,85947.05,92426.2,103474.57,91540.72,99911.63,97208.43,94195.17,94733.5,96304.03,97899.93,98707.14,96931.47,98145.61,93265.6
305923,161963.88,149494.56,149357.19,153872.52,142220.73,156517.62,152166.3,158498.51,152462.94,148990.03,140478.88,164916.58,138637.01,141844.57,143782.0,142555.57,150726.24,153793.8,152679.28,146734.7,147287.12,139822.44,140463.48,159902.04
306925,142857.87,158743.35,155558.15,147968.89,147507.36,146312.93,162193.76,141696.73,153317.38,135705.82,152457.3,144264.61,149121.2,150571.12,147845.52,143704.11,162146.84,159089.03,165058.58,150163.42,157653.92,148989.57,145580.68,154385.15
307933,19765.24,20976.32,21566.89,22161.01,21669.35,23028.36,20264.32,20545.92,19411.2,19408.75,19776.28,20683.22,20898.37,20680.67,22155.75,20312.25,22481.33,19984.05,20271.07,22026.21,19561.05,19839.57,20737.46,20875.5
310363,253658.23,257942.16,260891.51,274180.04,248940.18,242831.23,233350.29,253652.42,240452.0,252532.03,243348.8,254043.15,268910.28,259186.22,258372.54,246125.54,274498.35,255232.65,273077.27,251671.97,249743.67,240183.02,258432.94,264575.95
311462,67067.32,69053.6,66581.25,66773.44,65925.53,66734.76,67612.62,67095.2,67056.27,70540.22,68616.53,69198.61,63162.64,59339.99,62831.4,62991.11,66773.64,66015.64,64315.96,72763.92,64026.66,59911.16,67023.99,66085.32
312463,87493.05,85756.48,81994.48,84657.73,76331.76,80313.75,78406.36,80560.55,79495.54,80642.91,84281.06,72847.75,84771.05,80941.05,81157.86,79543.59,82317.34,84875.31,84794.89,80305.95,78279.5,79425.62,81245.12,84773.08
313473,55703.67,55217.12,55216.1,57473.82,57462.6,57138.84,49081.23,53315.19,56067.42,54022.17,56178.71,55165.07,57204.52,62159.72,54970.27,58935.75,57004.41,58994.53,53109.24,61051.73,53855.34,50779.6,60076.82,58573.44
314493,56582.75,51505.96,51438.75,54488.66,55819.61,56706.15,55371.58,53305.02,55781.45,52509.53,54293.82,52244.68,55616.07,56994.83,55398.04,55989.62,52592.38,52838.9,52155.74,55637.95,54431.9,51311.16,56845.27,57319.19
315513,36151.78,33734.48,30643.46,34258.88,34257.42,30258.95,34124.05,33571.78,35279.13,34878.73,32491.52,33824.42,32460.78,32975.9,32826.3,33761.42,36957.52,33409.21,32304.05,33073.14,34232.49,34116.06,34334.37,36984.38
316753,12004.04,12557.48,11167.5,11464.49,11597.6,12008.98,11257.38,12048.36,11442.41,11031.17,11939.71,10952.35,11264.3,10994.25,11107.52,10994.95,11710.11,11390.54,10437.18,10694.96,11032.64,11417.78,12405.34,10645.15
317893,60961.29,64076.77,68156.37,68059.55,65726.04,65951.62,65596.28,64455.93,59889.17,66825.81,64859.73,70185.72,68277.44,62176.93,66634.48,62435.26,71789.02,67758.26,60536.04,66973.04,62714.64,60150.73,65664.05,67097.97
318903,74595.79,65805.92,61970.19,66655.4,67535.88,64203.49,71246.03,70266.42,65320.95,68521.84,66640.69,63655.26,60312.63,72173.74,73359.05,63441.39,70152.4,62136.49,66498.9,69019.19,67584.52,70897.75,65417.77,69232.96
319913,62833.66,61778.83,65661.94,65510.76,64980.99,62394.75,64979.28,59756.79,65391.15,61951.05,65634.69,60467.73,61384.21,61425.46,65188.46,66451.45,71797.78,64889.83,64628.0,65283.11,63611.7,67608.41,66787.82,65626.91
320924,82489.33,86649.46,85686.73,85736.17,80698.98,87544.54,80595.08,83866.28,83201.31,88515.85,84727.87,85751.54,85535.97,83533.8,81578.96,90483.78,86906.45,84293.81,84818.89,82126.52,81666.02,74451.79,92488.4,80693.23
321934,65134.25,69645.99,71822.34,74544.47,65690.0,74681.21,71633.86,63193.41,70681.99,64478.76,68314.89,72704.3,77507.21,70815.98,71634.96,76321.11,73376.12,64480.56,75515.9,71735.36,70510.15,74079.77,68402.29,72300.65
322943,93605.47,101652.82,95856.57,96566.1,103586.4,94080.84,95876.3,95366.04,93192.82,102547.0,100559.93,90253.64,97038.48,94936.97,95354.28,104314.6,103639.39,89759.83,94330.56,100554.14,96275.43,104999.59,110112.9,96170.1
323944,65538.89,74254.11,67169.15,69638.2,65359.27,70623.13,69196.26,62854.51,72464.65,69535.64,69726.37,66710.99,73626.81,69209.23,73771.06,70018.46,70816.09,68869.1,71535.67,66104.81,70395.98,71194.51,72949.71,72395.8
324953,82865.13,85672.12,93023.3,85570.65,83038.84,89932.62,89320.78,81998.66,85173.39,90278.68,85437.37,82343.51,82696.81,87953.25,77832.81,83702.12,95616.48,83381.85,78636.61,74575.77,88564.84,85994.73,85994.38,81309.16
326104,85033.54,80617.95,84765.01,90401.72,77193.13,86241.53,90719.89,86199.48,86072.44,84039.44,95483.38,97155.66,90409.22,86073.05,86717.78,86753.4,86054.84,87428.35,91746.6,87781.5,90082.15,88646.28,78340.57,88988.29
327139,43796.7,40137.97,45724.22,42333.8,47911.23,46392.45,49397.02,44030.66,44572.54,46367.8,44427.44,45984.72,44876.22,46229.14,43206.04,45629.41,48201.17,48546.9,44115.67,46400.88,44076.62,47418.02,44647.17,45554.85
328143,67806.26,67750.39,68928.52,76936.4,74098.52,76558.03,72077.86,77097.02,68384.17,72301.01,68745.23,79557.76,76099.67,75828.14,63390.24,69343.45,66895.26,71737.69,73276.37,72893.72,85237.3,73448.53,74152.5,81333.39
329244,80491.28,92224.51,81539.45,83037.19,95735.77,85365.46,81582.82,88839.03,90322.02,85992.4,87544.7,78366.61,95349.61,85452.6,92688.42,86060.44,86999.32,94927.69,90615.49,78992.01,83140.8,79488.49,83813.07,88140.83
330245,78442.04,73711.96,77647.51,77089.42,71092.55,75025.24,70544.09,71911.76,71488.5,72464.75,72204.87,77809.91,75659.97,71329.81,80088.93,75172.21,75472.98,78581.83,71459.91,76901.5,77342.36,72734.91,71577.59,78081.51
331253,66108.41,63451.33,68790.27,63588.26,65469.98,65387.89,70597.49,66924.62,65627.9,70364.86,66506.18,62544.58,72769.39,66537.83,67602.69,69673.84,66457.05,71515.29,66454.64,68648.14,65557.48,70823.5,69144.16,63736.52
332263,69167.37,74400.33,76819.32,73972.59,77633.2,73269.65,70419.17,73819.32,68425.87,63263.42,78519.42,70895.43,70684.26,71080.15,70016.38,71371.49,70746.98,70557.46,77304.91,78334.57,64171.15,69952.74,72352.84,70891.48
333273,85066.88,81606.94,89233.45,86332.36,81453.72,75060.66,81265.56,83342.93,81533.66,78086.37,83425.38,85325.47,78886.86,75148.09,78404.43,70880.28,76305.06,78019.29,82685.49,86653.4,82252.51,86694.66,75054.25,84794.0
334283,59637.39,57625.75,54007.33,56000.35,61358.84,59499.93,56813.47,58891.99,59663.65,51037.76,56114.74,56314.63,51861.0,54905.42,57164.11,60434.03,60008.3,56722.09,56555.63,54719.6,57404.93,63366.11,58435.07,59471.27
335293,59638.14,69736.41,68966.74,72492.81,67327.12,74037.36,71318.79,66344.35,69929.2,69976.79,69004.76,69821.07,73077.47,74173.86,62749.46,76438.75,70566.86,66504.47,63662.88,62382.91,74063.15,64705.07,66433.93,66573.33
336303,52107.25,54016.97,64497.71,58013.02,58317.18,54258.34,57360.62,56675.15,56599.76,54988.36,56036.01,54763.93,58705.27,55916.85,57966.85,57762.84,59283.18,62412.6,59852.85,57178.71,58013.83,61443.99,55628.04,56472.73
337304,72160.07,72264.14,64252.06,78297.81,73724.5,73756.48,74056.67,73224.12,69986.53,78186.76,73656.42,68368.25,72732.98,75775.52,72944.7,77252.41,70211.5,73033.77,74615.77,72888.54,72685.95,67683.04,72698.42,73605.68
338305,66546.05,66775.62,67369.81,66724.04,68609.84,69123.88,69069.02,66873.89,68246.23,65649.27,68740.36,65937.6,71494.99,81910.67,66853.39,66390.99,65389.49,72772.47,63816.91,76404.86,70180.78,69247.89,64524.63,62088.69
339363,81390.8,79545.37,80940.38,79342.67,87498.75,80849.51,79127.72,87530.27,75424.27,86982.77,77039.0,82525.82,77954.85,82614.91,80056.96,77241.76,89045.92,83438.68,87392.92,79925.39,83078.48,84979.99,81235.31,85041.49
340533,97968.55,100076.52,105070.81,95822.45,108190.63,101881.84,108269.1,94588.2,95714.9,107169.81,105469.96,95903.59,98286.57,102608.65,111069.95,92159.37,104972.56,105164.51,97453.53,113878.89,99246.49,101808.45,107742.28,102529.4
341535,82746.34,82871.9,83928.89,84732.33,77078.91,86984.52,84839.58,80346.4,79622.65,92907.99,82235.01,84592.94,86345.48,82386.89,77340.2,85205.88,71563.44,81920.34,74848.46,82806.73,87482.09,77927.12,81173.49,85246.2
342536,83547.68,84621.77,83251.31,89763.72,76871.18,80887.69,80772.89,79660.16,79552.03,83296.84,85516.3,84557.19,78346.01,87787.21,77053.02,85043.02,88080.47,84986.6,83615.8,77249.5,78583.5,73778.5,82265.53,81138.77
343543,85032.79,85102.91,82475.06,91032.4,77574.97,84458.4,93585.55,83881.74,86988.52,92659.71,88601.4,86371.38,93141.65,88875.06,85415.92,79831.25,83784.07,90164.92,81204.17,87874.6,83604.99,84442.85,93584.96,79712.86
344553,73763.83,70780.19,75712.06,79999.72,68771.54,74331.4,65070.89,70827.57,75156.62,70885.63,74190.73,73606.08,72015.4,78645.12,74003.51,73825.16,73497.11,74726.95,71773.34,72323.03,71199.49,67009.61,75157.37,70966.99
345554,87095.55,84956.39,82332.25,86687.26,86280.84,86167.64,80023.96,79269.47,88149.46,83356.68,88808.83,85399.29,91156.05,87175.25,87835.36,85701.48,88028.98,77448.52,86328.93,94869.53,84200.19,87719.86,88978.15,87901.58
346555,74975.8,83092.17,91797.07,80475.02,78557.1,80645.83,87995.98,90806.85,83778.5,87819.42,78218.22,85946.69,83990.01,96186.71,86021.32,91121.57,80587.62,83556.56,88492.25,83964.42,88917.51,85278.4,81469.14,77500.23
347574,89207.29,83198.55,80786.53,87315.18,86349.32,82463.77,88715.77,80542.8,94125.53,82107.15,93610.99,87445.76,86044.21,77222.21,84314.25,86371.88,88487.24,88714.59,89435.73,91347.61,90173.25,87340.26,86829.43,83980.47
348583,71339.54,71983.41,72455.05,69661.15,77512.43,71809.48,76836.55,71162.5,72913.82,71630.62,68258.69,76066.84,80502.58,74118.5,70232.0,74795.28,70673.45,73544.99,73178.56,76297.86,68913.88,71548.43,68256.72,79151.33
349584,67801.15,68513.78,75376.7,78235.23,74193.41,68659.87,72194.99,81478.61,79627.53,68527.0,78293.02,80520.19,77969.78,71406.09,77465.55,73063.22,76444.09,75386.52,72075.87,77657.31,82554.8,78010.25,71358.34,75479.45
350595,43057.89,37276.86,38145.41,41129.5,41100.08,45001.95,43657.89,43335.12,45668.31,41120.59,45244.8,41755.61,41641.46,38622.33,38963.14,40934.54,38546.56,44835.88,39741.7,42477.92,42405.45,42968.76,44668.13,40806.99
351603,43123.96,42903.74,41720.96,44025.15,46801.43,41075.85,43215.23,42911.98,40717.91,44876.4,41070.62,46307.42,41426.6,41927.27,45366.21,47254.9,48948.31,40653.67,46093.36,44415.07,40648.25,41035.47,45148.31,48514.03
352614,38415.27,44393.09,44008.93,43538.37,42197.45,43857.72,39922.17,42865.42,44994.31,41263.7,44437.01,42656.58,45348.13,45323.57,42032.39,43367.73,43676.92,41934.88,42322.58,46875.93,42828.57,40134.18,42999.78,41627.18
353623,45608.95,46004.91,43107.47,41392.01,46720.08,42856.21,48106.56,44108.6,44743.15,45550.48,46846.21,45567.49,44283.72,47270.69,48539.56,44329.21,46104.68,44515.81,42237.6,47011.5,46179.8,47461.9,44608.52,42631.06
354625,79106.55,78350.58,74960.98,76572.54,75165.77,75577.13,82670.09,76105.18,75494.95,74267.23,79504.25,83199.05,76078.56,74482.24,75675.59,73607.99,80066.32,76625.55,75209.27,78449.54,77129.94,73725.05,76583.25,76055.03
355626,54991.97,52302.4,54198.25,57665.3,58347.53,56430.61,55802.22,54667.66,45444.6,54181.78,54962.2,53275.71,52449.8,53364.36,52745.92,49313.5,55798.54,55649.06,52780.45,51588.13,53970.93,51425.22,53314.13,54964.38
356633,63605.83,74504.92,66899.32,62803.39,56578.0,67162.89,67118.23,64358.22,67503.28,66989.0,68180.54,67493.95,62737.43,67348.69,67817.68,61822.16,64677.01,63734.5,61766.64,65844.79,69928.59,58331.14,66076.77,65876.12
357646,44948.19,39896.41,50717.43,45519.28,45334.97,45766.99,43075.88,44899.99,44186.32,42682.87,41558.94,41167.18,42970.59,41911.66,44054.87,50681.73,46836.92,48187.72,43714.32,46456.48,47341.4,43501.41,46828.95,44378.62
358663,35046.34,37122.4,33845.85,35280.04,34559.64,35525.3,35049.39,32556.07,35329.88,35142.17,33816.75,37722.76,34132.44,33366.57,36329.25,34830.39,35719.0,36385.54,32974.0,33527.71,34145.53,36857.86,35549.17,38717.8
359683,16219.7,17179.98,17789.84,17638.14,15750.12,16856.02,15020.28,17441.29,17258.0,17623.64,16527.7,16498.33,17126.8,17563.45,14988.84,16327.96,16927.05,16580.3,17016.49,16118.41,16739.79,15036.71,17074.63,16328.62
360854,12125.43,11289.55,12262.75,11940.96,11211.04,11148.81,12114.24,12141.62,12025.99,10771.85,11760.68,11181.82,11461.18,12502.37,11465.45,11580.18,11690.84,11963.1,12003.1,11688.07,11548.83,12071.57,12592.82,11565.47
362013,15641.24,16146.32,15938.7,14881.54,15774.5,15552.87,16273.69,15064.5,16057.67,14873.29,16988.54,15309.46,16246.95,15363.66,15529.03,16982.47,15816.87,15212.19,14823.57,15067.67,15287.27,16021.89,17049.05,15679.82
363037,18337.66,19840.13,19055.16,18124.24,19274.85,18623.26,19687.44,18552.16,16605.1,21670.68,19707.4,19253.94,18263.74,18696.84,20574.42,19474.34,20029.5,20107.49,20484.05,20768.85,20111.91,20115.15,18549.51,19078.76
364043,16192.01,17843.58,17328.09,14306.17,16406.65,16584.06,16807.12,16046.44,16562.75,16698.9,15445.41,17132.12,15976.69,14757.24,16982.78,16532.14,16943.32,16940.45,17122.61,14698.89,15158.63,16777.06,16115.0,15620.86
365073,13494.13,14664.94,13904.15,12717.98,13384.19,14407.72,13632.26,14181.66,13733.27,14020.19,15083.63,14371.24,14239.76,12711.44,15252.53,13939.48,14859.09,12850.25,14340.35,12347.69,13019.03,12460.22,13604.73,13932.3
366083,19372.89,18491.88,17878.66,18122.83,19102.87,17767.34,17571.77,18812.38,17630.6,18225.68,18118.14,18818.37,17995.44,18898.31,19160.45,18150.31,17902.7,19982.71,18922.0,19126.9,17765.47,20516.13,18072.94,18320.84
367113,19540.16,20263.99,20487.81,18667.41,20071.13,18450.32,19367.53,20822.5,20396.4,20261.56,20893.79,22947.77,21386.87,20382.06,20742.18,20450.32,20483.22,20663.9,20484.62,18597.3,20902.04,20031.36,21337.59,20755.3
368133,13426.49,15179.3,13643.06,13155.67,14115.56,14729.53,14550.64,14987.28,13119.03,14410.48,14522.65,16114.07,14106.06,14290.86,14508.52,12274.0,14105.61,15033.45,13132.1,13273.28,13275.56,13841.16,14159.93,13954.87
369144,22587.99,22037.78,23904.56,24572.52,23857.49,24178.81,24161.93,23629.16,23077.07,22381.75,24008.69,25132.3,24182.04,20987.45,26010.6,25592.6,23762.9,22183.57,26123.13,25316.61,22562.31,24210.41,22743.46,23224.64
370153,24990.28,25743.74,23959.35,27850.61,26770.32,27518.64,26160.05,24810.62,23782.72,25600.74,26119.05,24087.5,26582.34,26928.49,23956.55,23670.2,24763.51,24690.57,26344.9,26752.51,26128.01,25854.15,22503.35,25286.63
371164,21355.3,20806.14,23202.83,22386.49,20846.29,21729.59,24392.81,21933.15,20899.23,22280.81,22009.7,20416.0,21202.2,21149.55,21351.6,21119.48,20315.42,22444.67,22713.59,22241.78,22797.11,21994.0,22020.67,23172.88
372173,22603.84,22955.9,21747.79,21388.43,24040.37,22724.53,22793.75,22638.29,23044.26,22718.7,25419.07,24150.03,23465.6,23239.44,25134.96,23273.33,22928.69,22634.97,24463.03,25370.48,24784.02,22569.51,24702.05,22569.39
373174,35118.79,33373.02,37160.37,34954.13,39261.91,38495.64,34286.53,34016.4,33246.02,35194.9,36140.11,33446.7,35509.32,38007.47,36924.4,38107.19,36442.47,35838.08,34575.03,37344.42,38396.4,35060.41,35953.73,37375.64
374183,25310.35,27263.72,24941.65,25517.93,25535.66,26072.04,24151.94,28910.58,27119.33,24840.53,24881.11,25028.73,24475.0,25213.28,25156.26,25602.9,25466.2,23889.57,26352.12,24357.44,24597.92,25868.6,27386.84,25915.29
375204,33255.84,30400.13,31321.45,29958.74,30869.44,34330.5,33461.29,30203.02,32527.41,32836.95,34251.39,34320.31,34470.73,34107.49,31990.16,34059.35,29322.59,32868.04,31465.84,34465.3,33394.09,33930.55,30892.49,32623.76
376223,21760.9,21115.85,21758.36,21881.92,19615.08,21216.33,20508.57,20779.19,19534.74,20294.67,18349.9,21209.82,19224.25,20266.98,21809.94,20436.17,20926.81,20145.64,20281.82,20155.29,19574.13,21239.8,20547.65,21312.4
377273,23731.65,26378.61,24479.16,26937.97,25440.84,26452.08,24038.43,24171.26,24570.6,25163.54,25639.74,25575.74,24276.88,25860.95,25468.1,23343.22,26209.82,25232.35,24225.77,24493.09,25230.76,24250.7,24236.18,27121.43
378294,29093.49,28219.32,29230.34,27967.17,30994.43,27183.41,28946.33,24990.35,27639.51,27784.21,28714.03,29079.84,29016.51,25152.7,31188.15,28851.17,29217.9,31049.95,27063.92,29339.51,29673.69,29210.04,29077.09,25477.53
379303,25214.24,22430.34,21615.04,23387.77,25174.41,21304.09,23187.03,23725.65,22262.48,23623.43,21456.36,23821.4,23609.64,23361.76,22128.38,22132.41,21689.81,23210.96,20789.38,21929.86,20007.98,23251.59,23301.3,20765.86
380304,23696.42,25676.74,26379.58,25255.68,24352.14,24039.07,24801.76,26735.98,24776.6,22298.59,24358.69,25111.11,24859.34,27783.75,26605.01,25535.59,27196.54,27268.62,25888.12,25118.76,24556.39,24922.9,25201.8,24355.56
381324,30964.74,25481.52,26480.93,26159.87,27829.11,26286.73,26020.21,26307.0,29361.91,24488.04,25863.12,26081.05,27626.68,26423.75,25153.43,26231.75,25449.74,27241.92,27110.16,27406.59,26467.89,27101.92,26597.67,25408.19
382483,20323.58,19729.13,20536.33,20309.16,20384.42,21294.73,21712.77,22050.78,22427.34,19764.23,21931.07,21755.73,21093.05,21522.01,20803.19,21782.5,20225.52,21466.31,21682.59,21821.39,21464.54,20080.7,21802.87,21551.83
383654,19934.12,18827.93,17030.04,17441.61,17843.49,17422.98,18998.87,19294.91,18107.41,17232.92,18865.49,17510.74,18798.08,18480.44,18000.41,19482.94,18026.2,18220.09,17590.48,18015.07,19659.47,17668.2,18230.9,16314.77
384663,19168.01,17959.63,20123.74,19675.95,21447.01,20429.16,17611.0,21319.34,18400.32,20290.51,19368.0,19401.1,20365.87,19514.71,18122.98,20416.23,19542.69,21425.64,19573.67,19245.01,20131.64,20678.36,19504.07,19769.46
385744,28706.4,27708.91,27195.04,28381.39,27066.53,27262.67,27813.59,29888.18,27697.46,29677.07,29281.48,29965.13,26429.91,26461.11,27506.47,26947.5,31089.28,26918.22,30366.3,26736.31,27754.11,29493.06,28519.83,28577.13
386753,19483.13,19793.81,19870.25,19892.36,18987.85,20072.37,19227.54,18446.83,17787.4,19528.13,19727.91,19726.63,20605.61,19383.37,17943.93,18834.03,20192.04,19201.26,17872.95,19231.72,20871.26,20408.91,19945.88,19097.2
387773,25978.98,23163.26,24019.38,25950.65,25247.02,24611.3,27378.37,26865.52,26075.38,25260.37,25321.34,26007.63,24859.68,24979.95,24308.3,24612.62,25834.17,23749.53,26517.37,22621.86,26389.95,25218.18,24544.53,24164.98
388783,17452.81,16737.48,15778.98,16261.42,17500.43,16571.35,15934.75,16424.76,16719.61,18662.29,17566.89,17815.36,17139.57,18422.63,15733.76,18489.24,17012.75,16923.11,16008.81,17706.94,18134.58,18092.09,18023.95,18338.93
389784,25406.83,25547.98,23320.81,21642.88,23577.98,22871.64,25703.9,26285.01,25528.13,22899.41,23962.93,24089.92,23442.63,22020.61,22342.05,23202.57,23155.38,24128.54,26671.25,26269.38,24954.82,23285.66,24498.7,24142.71
390793,18608.94,19170.06,19980.15,20078.88,18751.09,18415.79,17781.9,17791.65,18707.15,19551.7,19252.69,19366.15,19459.72,18848.01,19756.98,20050.73,19728.09,20320.15,17760.15,19270.08,18519.14,20058.89,19010.21,20111.39
391805,16351.36,15320.01,16665.72,16090.64,16029.04,15117.13,15509.14,17359.15,15142.32,17308.99,16692.92,15101.92,17276.93,16516.25,15040.78,15297.4,16686.89,16267.55,14871.43,16976.31,17607.29,16360.96,15795.91,16532.65
392844,14181.88,15328.0,15305.6,13639.29,15581.67,15107.6,14166.71,13831.52,13981.0,14043.39,14624.86,14496.24,13529.31,14095.97,14907.32,16050.76,14685.42,15377.94,13830.35,15135.65,13694.16,15100.25,14388.33,14237.18
393883,12536.19,11317.22,13099.56,12231.37,13474.92,12746.76,12944.04,13246.62,12600.19,12194.71,12410.39,13261.71,12495.02,13101.94,12031.66,15216.77,12042.26,12199.68,12989.72,13122.15,11979.16,12732.21,11712.07,12177.76
394904,13289.77,12391.8,11944.28,11887.44,12243.66,13287.56,11940.11,11983.19,11996.93,12354.22,11580.76,12180.44,11314.16,12654.15,10895.6,12072.32,13388.62,12553.74,13009.71,12075.35,12276.2,12380.81,12085.55,12202.87
395934,842.57,875.16,839.37,834.39,871.05,825.41,848.4,862.7,784.88,846.27,767.9,808.89,839.47,820.87,845.62,845.02,834.96,913.62,811.21,838.95,907.0,825.81,820.73,784.88
397504,168.68,163.07,170.54,175.86,177.38,155.46,174.96,183.96,172.39,157.16,165.34,160.07,162.27,155.32,174.11,182.5,164.76,177.07,182.02,169.48,162.97,180.97,162.47,176.34
416466,364.36,339.23,309.94,333.42,350.19,341.16,338.74,319.94,338.24,343.6,344.48,316.01,356.9,351.39,337.09,313.04,364.15,324.78,367.55,299.82,337.27,349.88,348.41,338.23
418434,3712.33,3416.77,3529.25,3250.73,3502.48,3235.91,3391.61,3559.42,3779.35,3584.96,3973.29,3530.07,3327.1,3626.29,3240.51,3567.18,3759.94,3962.42,3352.11,3670.55,3988.14,3733.06,3378.18,3552.98
420254,10457.78,10179.36,10032.8,10688.23,10111.29,10839.74,10480.34,10159.61,11191.07,9488.58,10782.63,10097.28,10956.18,10204.78,11055.03,11543.87,11754.78,10781.58,11194.54,10433.58,10851.81,10906.01,10595.38,10919.13
421344,9096.21,8374.97,8693.2,8779.13,9048.2,9298.58,9478.94,8910.55,8542.03,9150.21,8343.87,8814.01,8549.59,8577.14,9082.87,9143.33,9168.59,9235.23,9280.29,9185.4,8331.96,8961.68,8938.4,8769.55
422355,9474.67,10092.24,10798.5,9959.9,10077.87,9705.13,10592.28,10804.42,10766.97,10234.53,10952.28,10225.94,10203.07,9503.17,9949.49,10075.46,10144.1,9608.98,9875.28,9372.95,10057.94,10986.37,10189.77,10410.69
423424,14597.38,14915.78,14345.16,13005.73,13526.99,14302.86,15302.8,15844.61,14658.36,14308.92,15057.38,13967.38,14742.14,15287.2,15859.08,13805.68,13577.33,14985.2,13959.73,13975.01,14124.42,14981.96,14188.99,14481.94
424444,9843.84,10054.72,10275.06,10134.86,11082.58,10437.57,10617.61,9921.3,9903.92,9773.67,9855.41,10791.8,10326.15,10073.0,10299.6,10109.53,9926.38,9597.66,10361.02,10060.63,10955.56,10206.51,10588.1,9827.06
