0,79844.51,83397.47,82101.65,75567.93,74033.97,81678.25,77861.23,88026.17,84382.74,86213.18,80734.18,83392.86,85097.55,81869.65,81140.2,80998.45,85946.77,94283.94,78417.06,79829.88,95619.72,82160.66,91059.68,91403.64
1008,62102.32,63339.8,64215.28,62375.09,61587.41,58537.85,60061.44,58091.67,63313.16,59619.09,59352.53,63112.15,55386.62,57936.98,62241.24,54058.99,56520.0,57046.17,59941.94,60201.21,63566.76,57562.6,65274.3,56117.19
2088,94759.33,96725.8,99029.56,92529.89,85178.34,95729.1,89592.5,93930.86,92710.9,95436.66,101223.25,92402.1,99870.83,91195.07,93112.28,98109.29,99141.9,92282.07,90782.52,98257.38,98075.96,101320.39,91446.48,87173.78
3089,72926.19,80647.1,75826.93,71869.48,65421.77,76470.96,75176.23,74650.76,76927.26,78285.69,79916.79,75492.46,74056.3,82633.13,73054.32,73617.34,75877.48,79749.58,77111.3,74967.49,72533.22,74116.45,75088.64,73804.39
4209,74274.79,75599.52,81505.68,74051.34,84314.57,79249.25,72657.71,73703.88,77759.29,86934.34,74246.41,73096.11,83437.34,80225.88,80551.5,76438.17,71070.73,77672.94,84460.92,79135.15,82428.07,77379.55,72427.94,79857.22
5219,66238.1,68427.97,66388.34,67362.27,64137.77,64367.85,64970.42,65276.25,61661.97,71619.56,69113.41,61779.51,64870.27,65735.36,69265.09,56900.81,61317.46,64601.01,65822.13,63947.49,57673.06,72540.19,69476.18,69332.37
6398,62683.5,68993.33,66599.84,64166.4,71040.56,57975.86,64742.06,69127.81,64066.33,61031.66,62456.81,67983.09,63873.47,60515.93,67061.96,64987.28,65842.66,62676.69,62069.45,61456.1,69006.16,67011.79,62546.88,60021.52
7407,56026.97,63112.84,61521.5,58928.2,61885.04,60468.54,60630.54,63875.39,58471.28,61424.58,58833.76,61336.18,63548.77,53689.84,58854.88,54349.23,61548.65,60103.07,64909.41,57898.92,65506.96,65048.42,64802.88,62233.47
8418,57904.91,53881.04,50581.15,55461.86,55420.9,53013.62,56450.67,56177.97,55646.13,52877.84,56400.79,57539.21,56828.34,56627.88,57435.37,58890.06,59218.4,57276.19,55196.48,54202.18,58442.64,54570.95,60713.11,52572.8
9428,48834.87,54682.01,58676.31,51610.91,52211.87,52497.22,53400.42,53822.07,55749.22,50973.15,51004.8,55529.35,52224.81,52566.43,53612.1,50767.69,50775.32,51586.16,48266.02,53880.05,49744.79,48259.3,49919.59,51843.89
10597,76899.52,80503.22,76571.2,67560.46,77817.56,76981.77,75750.61,79457.87,82400.04,80812.56,79658.83,87017.23,84027.24,84061.66,73759.25,79728.51,78472.15,80267.76,76948.09,78295.51,83525.15,76942.79,76247.21,79101.7
11598,57076.19,56534.88,62267.68,59685.15,59642.47,55990.11,55840.54,55722.84,58399.95,57000.09,52728.93,56871.75,59991.31,65315.66,64321.64,58219.83,62351.16,59687.49,58264.58,56369.34,61080.53,58076.28,59409.92,62862.44
12708,74563.23,77235.57,77882.49,70835.05,68796.2,75349.33,72208.13,80072.67,79858.29,69792.8,75938.71,75817.5,75791.32,76751.81,68435.41,66992.14,68841.28,79431.07,72677.9,76031.71,70908.87,79276.43,74107.29,72290.27
13718,74525.02,68732.49,79273.91,67371.61,78999.15,69030.6,73027.92,71031.38,74829.75,79084.73,64462.16,72781.04,74394.31,69474.85,72480.56,73844.02,69005.11,71435.44,65612.52,76618.84,66595.87,73109.92,65124.65,76173.76
14719,93090.35,97037.85,89020.81,88739.23,87725.39,89809.39,87618.89,97359.35,91193.74,86056.29,91511.01,88370.11,82434.82,90925.44,94216.51,89416.65,95960.76,91606.19,85671.31,89253.74,93101.21,92061.51,89685.55,91108.42
15720,93377.33,102373.52,92922.28,98196.42,91968.93,99919.17,92634.1,91881.02,106553.77,95692.75,97749.42,97003.12,101127.32,98455.34,90418.17,101132.32,90297.06,94767.77,103348.83,110327.74,98748.33,89852.32,92902.71,98507.28
16728,76404.08,83215.77,75366.35,69808.79,71630.02,79516.91,82062.35,82326.2,85538.06,81116.65,73636.87,81320.14,80653.97,83488.05,74530.92,81520.4,78838.25,76820.54,82155.32,80394.31,83998.55,77234.88,82182.3,82027.27
17729,92350.89,95963.19,102143.43,101837.21,100985.02,98930.82,105163.22,105249.45,103023.67,98636.35,99932.54,98750.46,101392.58,100068.38,97443.94,105536.46,108501.58,107838.91,93048.29,104300.07,104313.09,106844.09,107454.35,100293.07
18730,36805.76,39505.0,41929.99,39322.47,41164.53,41955.84,37418.82,40451.4,39695.83,41817.7,39762.36,37173.2,39847.33,38097.39,37803.88,36530.91,40612.02,41375.51,40612.97,35835.52,38204.28,41759.33,38798.45,37644.16
21060,87139.58,85289.92,94643.87,90355.79,94843.65,92462.4,85688.23,92345.31,97645.59,94314.7,93841.49,86686.7,83227.4,94609.09,87420.47,86157.47,89626.9,95310.97,97080.9,92179.39,90971.95,96917.17,91260.39,90099.18
22079,69309.76,78806.25,75511.93,78148.23,71811.8,69198.39,70521.91,70545.01,70925.82,71184.08,68698.96,77263.64,67823.73,73917.36,70678.36,77440.27,71424.91,67373.02,72338.94,77429.08,71920.01,76425.73,69627.19,80370.03
23080,86495.13,83800.77,84814.16,89195.44,88444.34,88874.62,89734.4,90739.03,85329.2,91267.66,91637.91,85789.63,87565.81,85173.64,85338.86,90308.63,88441.52,82221.9,78864.85,78723.27,84659.93,83361.24,87188.3,89331.51
24089,77616.5,76377.67,81726.51,80356.18,79085.26,80325.91,82539.23,77703.75,75618.91,74292.1,74174.3,73451.87,78949.23,75328.47,74835.9,77983.77,79840.58,77043.35,84961.77,83652.35,81044.51,70952.98,79496.59,78491.15
25090,106147.31,107590.03,102202.78,103526.83,108774.34,97144.71,107706.22,103117.94,98860.5,107573.65,104840.29,99873.32,104606.98,102517.1,109183.77,102989.84,99303.95,97019.48,101368.58,94769.82,107597.6,94584.57,100962.28,103320.44
26269,118356.84,124331.04,112093.67,115104.23,121992.94,121213.81,111419.32,115225.16,116692.9,129224.61,118951.63,120442.02,113363.95,115778.15,127935.0,121261.73,116270.7,113810.37,109228.39,115108.61,110592.12,116059.98,115530.12,114082.62
27270,123386.61,114752.11,135133.66,123914.18,140616.02,118245.23,125492.52,128877.62,110492.04,127526.45,133274.04,132741.0,131394.27,113746.97,122862.04,128048.27,133148.27,133051.42,128321.39,119590.84,130992.35,121948.46,131208.47,124827.59
28280,111068.68,124083.86,110052.54,113375.41,115958.89,110272.59,126622.01,113560.45,114949.91,125687.11,123754.8,110041.6,106989.67,123916.98,113182.45,116153.76,105917.78,118187.35,114569.39,115832.35,116895.17,122960.84,107593.88,105328.14
29282,99637.19,108040.26,98174.81,95120.48,97108.76,99568.12,98164.49,99380.92,93268.91,112104.22,89929.62,100470.0,95449.97,92049.53,96806.01,97435.79,103306.14,105400.07,94700.91,101414.96,99543.51,108583.52,103831.07,102727.43
30360,134898.28,139028.41,129615.56,122521.57,129187.3,137099.4,120727.66,132812.67,122986.18,137155.03,122487.53,135386.49,139324.6,140477.81,139731.46,138269.6,134984.54,138109.21,133648.52,141696.43,129524.31,123515.21,128507.71,129795.12
31361,99444.62,99052.62,95607.6,101731.08,95651.23,97229.41,92254.63,98094.18,94417.86,90419.12,91494.95,98877.14,98245.27,102219.57,96310.57,93237.37,103361.56,99357.03,90527.5,98282.89,96543.57,85755.6,93768.68,95860.49
32362,80631.23,84429.97,76660.62,79101.44,81402.26,75348.5,78149.51,87246.84,78032.66,82107.38,82371.64,87902.68,81465.47,79930.71,79144.8,87304.42,79020.78,85073.28,86518.09,78604.11,81976.42,91578.33,83985.15,80295.82
33370,109057.96,105271.41,107422.5,96662.08,98020.2,103043.67,101832.11,106434.08,108123.76,93683.68,94851.94,101828.23,98296.67,101989.76,97883.97,100658.43,104824.45,104813.24,100785.09,91714.95,104603.84,99717.0,97903.21,99947.12
34371,30891.34,32922.06,31215.49,32001.04,31932.45,31822.1,30178.18,31484.68,32170.93,33565.33,27224.62,31074.47,28525.45,29723.04,28933.5,31908.94,31894.56,33988.84,31198.64,31098.1,33160.54,30984.76,33032.62,30627.5
35380,98864.84,87511.12,81845.63,91570.18,88289.18,94275.08,95922.42,89816.97,90661.51,89365.37,92548.83,95225.38,87914.02,98035.66,88028.3,85966.05,88538.52,93259.38,80633.9,91622.08,90763.87,86912.78,86917.3,88541.94
36390,75157.46,85498.35,76934.84,76748.3,78188.07,83767.09,83135.5,77144.28,76761.83,84173.01,67180.54,77817.69,78827.35,78464.11,84376.27,79874.93,79345.71,82336.13,80662.29,73941.14,78290.74,76117.23,77117.79,78032.48
37550,105649.74,107018.48,101574.07,105633.46,103444.02,102649.26,102171.3,104929.89,98920.35,100342.07,97598.58,100784.89,97848.23,102587.35,100240.69,100759.83,97220.69,100130.29,89581.32,93927.86,106541.74,104088.03,93517.48,108538.71
38551,87354.03,79943.42,81911.53,79865.84,80976.73,76199.53,78551.65,83574.59,85320.58,83349.57,84663.67,79889.63,72715.3,81123.03,80969.03,84118.55,83712.08,76941.73,85993.38,78557.37,93075.36,87533.05,77077.67,81104.59
39560,71410.15,66000.3,72155.53,69071.81,77113.99,67823.17,71237.28,72812.99,66900.96,70036.45,69467.54,77166.33,67952.27,77459.28,75105.13,64061.5,73989.37,71602.47,80408.54,65125.65,68143.53,67318.24,65141.8,69350.12
40562,80252.62,86439.51,78436.8,81720.79,82812.9,76853.89,88372.21,79982.59,80737.6,86274.47,82960.6,83584.16,81991.76,79162.48,91456.15,83957.61,80225.54,75314.92,85197.04,84855.69,81134.1,80757.82,82595.47,79440.42
41571,71225.88,64097.21,67733.0,66501.7,65964.36,69414.52,74851.74,73093.82,68238.68,67794.37,72051.72,66932.99,71089.12,69292.6,66428.17,66627.19,71918.54,68990.64,71022.79,69513.4,67085.55,73434.97,71130.04,67439.67
42580,82239.26,92374.16,91990.47,88987.9,82905.33,85070.54,86504.09,88978.32,78077.88,92772.44,88338.95,87447.29,85919.41,82445.66,84738.68,87116.66,93374.28,89124.87,84484.96,90554.73,91366.62,85921.04,82479.19,77486.58
43581,50528.9,46412.09,51052.73,46832.61,48219.68,46400.23,46550.94,51347.03,45345.16,48893.46,46542.09,48334.63,45085.29,48296.82,47421.56,48564.93,50739.05,51044.18,54966.74,49754.87,50110.92,46536.18,45949.91,47026.08
44582,66482.79,70313.1,66122.56,59406.81,66230.56,64419.96,71337.48,64437.31,61433.07,66956.04,61303.17,68499.59,72893.13,64104.88,64086.42,64784.17,61209.47,60947.24,61601.67,64651.03,62872.87,61533.25,60914.9,62825.22
45631,63946.67,63184.25,68046.22,69173.12,66998.8,65953.43,70056.46,70470.87,66639.92,67930.99,60315.26,61109.72,69682.5,67621.52,69556.62,64577.49,69561.58,64846.71,74197.48,68051.55,71194.4,70907.77,65251.32,68406.34
46632,46538.79,54304.92,55698.75,47420.41,51575.77,51851.72,50858.27,52809.45,52009.25,48033.47,48007.73,52357.16,55114.42,47583.95,52600.22,48884.12,52598.07,51412.36,48765.79,48798.5,48698.84,48209.97,48073.29,51277.29
47641,84691.95,82140.36,81626.91,84047.08,81483.7,80148.47,83161.02,76350.65,75602.49,84375.62,74971.33,82237.83,79926.66,78530.66,86932.51,73471.16,80922.61,79636.58,83285.68,85050.08,75096.53,84560.27,79437.22,81332.29
48642,96399.84,96459.58,87067.45,94423.46,95576.0,98638.01,97330.63,91310.37,93275.24,85884.69,91678.55,97768.67,100332.24,98960.98,88904.11,89676.49,97413.77,94232.18,94191.96,88371.69,87706.35,94102.62,92323.55,94078.2
49651,85599.1,74328.47,79172.82,75290.73,80456.86,77281.47,79849.28,83694.74,71929.54,75388.85,83634.86,79499.71,77542.67,80052.32,78654.16,78132.12,80848.65,83525.4,80488.91,75201.35,87851.63,67605.02,73219.89,81761.94
50662,46090.67,49421.71,45671.94,48517.82,44509.11,40293.93,48825.61,46664.64,43003.21,45785.32,47349.4,44481.95,46199.32,46879.02,43771.39,47597.4,46786.7,45805.45,45799.95,48432.93,46045.22,44651.2,44823.96,46018.46
51671,64253.24,59508.8,54831.8,65639.25,56278.54,63059.15,62330.37,60082.5,63969.33,55830.25,61895.84,58657.9,59042.82,60072.55,61423.27,54765.8,62361.27,61627.15,61802.06,56979.41,58335.68,61628.28,60271.22,59383.64
52672,49950.13,54569.74,54206.83,54075.83,50606.35,49080.43,54586.85,53843.72,52902.06,51420.65,50419.4,49114.02,52988.19,52377.62,49416.85,53192.02,55857.07,50933.3,56818.77,56647.27,52755.12,51379.24,51659.98,54594.66
53771,66653.22,64512.84,65838.49,67968.84,63676.32,68283.58,69658.0,66091.65,56395.89,66059.08,71873.33,65000.03,70890.49,71679.37,67033.35,72119.63,68718.72,65408.87,67735.07,68151.74,69717.06,69688.95,64489.43,72421.29
54781,76829.43,83394.97,77702.88,69867.21,70759.63,74283.15,69709.17,74435.29,75551.71,75346.23,74838.79,76381.72,73476.09,77741.56,78122.75,78046.07,70708.65,75787.34,79613.15,75196.65,70703.65,70001.76,75782.51,68364.39
55782,73616.9,72942.5,69950.83,73505.37,77996.0,75486.0,76571.38,73696.09,70202.96,69985.48,67874.87,75085.96,74895.74,68451.8,66443.73,79520.62,74822.35,77680.18,69251.04,76863.96,75497.73,71271.97,73672.47,76700.06
56802,62192.78,64285.22,65566.78,66034.12,57994.38,65273.47,59651.81,59383.28,60771.85,63239.32,64966.55,63787.83,57614.06,65457.5,64699.16,58833.86,61801.01,63575.53,62935.31,64298.43,63903.61,60580.69,62202.04,60276.23
57803,79664.07,74892.97,73885.53,83849.18,76472.08,77884.19,69408.84,73230.58,75723.94,78836.45,75641.95,79698.72,75689.84,77676.63,80808.35,72981.47,74457.79,83854.79,80199.95,73109.48,75932.04,77517.88,79994.75,86594.74
58813,67614.31,68622.07,80658.13,75060.37,74154.38,70428.23,70248.88,70294.59,72414.6,69040.47,73859.86,75551.38,75017.94,68464.69,72488.78,80473.37,72327.22,75166.61,73794.97,67920.1,68895.28,75326.83,73272.13,69522.79
59814,104699.86,100936.63,104987.7,100354.64,97303.89,107765.12,102716.44,98090.69,103472.65,96665.34,111890.68,105305.63,101979.1,98652.99,106642.11,102503.97,110881.7,100105.78,99469.44,102236.08,99580.04,107537.71,102028.91,101227.51
60822,109061.6,107935.11,126875.32,112196.97,104546.14,112213.28,114693.65,115335.24,113317.61,110514.88,119234.66,102463.45,111668.6,106503.47,103154.71,109732.23,108887.19,113431.33,111573.7,109684.69,114625.28,111553.0,114476.17,118178.65
61839,144552.37,154836.77,130972.06,145108.07,149906.61,147711.85,150123.94,142319.68,159522.2,145295.55,148462.12,139246.83,147717.1,159125.89,144666.6,154115.74,148494.02,151385.02,130142.33,151409.17,156580.75,150003.92,144102.56,153376.5
62843,9916.67,11650.86,10161.38,10069.53,11615.05,11144.05,10925.86,9593.93,10698.31,11057.28,11732.18,10779.74,11610.23,10279.62,10428.58,10524.9,11196.24,10727.63,10776.35,10784.94,10995.45,11393.93,10584.65,10849.06
64093,133410.61,134884.57,142002.15,137185.52,135238.5,126471.8,147163.61,135751.77,123705.15,139829.54,131693.35,127354.68,135825.88,120961.91,141990.37,129514.84,133571.43,119859.01,122257.42,135332.14,145055.76,137211.66,144874.66,130889.36
65103,86478.28,95934.92,84690.65,93454.23,89602.78,90420.27,94893.64,89854.96,90282.46,98738.3,83236.78,91007.83,95060.26,91006.21,98829.75,94401.27,88925.14,89246.03,90407.93,84445.25,90710.72,90166.17,87912.34,82031.16
66104,67162.06,64848.03,72712.56,70070.97,66359.75,70691.91,65812.15,65616.72,64237.63,68790.57,70701.95,67937.95,62779.63,63435.09,63747.2,63003.74,71365.26,69202.65,60132.3,66088.78,61648.67,69220.24,67656.29,67785.72
67113,85584.05,79352.77,85173.3,86170.58,79658.9,87227.27,86916.32,87214.95,81150.37,89099.49,86260.17,86550.11,90196.55,86978.99,86222.22,85416.31,84948.15,81294.91,92060.48,82495.74,81773.61,84965.79,82670.42,78362.92
68115,102273.41,101278.59,92851.71,94123.83,93874.26,95618.55,91638.15,97160.24,88673.6,97246.83,97888.76,93265.27,94543.99,93719.88,88559.56,92805.67,93588.24,98879.78,91461.84,95939.38,94321.35,90896.08,97248.64,94841.26
69123,81369.26,83098.86,82888.81,84865.08,86558.58,88146.34,84338.38,83380.68,84695.66,90425.49,85404.45,90975.72,84834.82,81290.31,82405.7,83017.26,88648.66,82896.21,79936.86,78848.19,90946.38,80359.27,84040.39,88417.91
70133,91587.48,91432.79,90579.73,92416.9,95272.0,89815.94,90602.04,95326.01,99124.34,96347.07,89469.68,94445.27,96452.56,87485.67,86221.37,93708.42,98227.61,90035.39,90288.31,96065.59,97627.98,88650.53,94917.92,88626.2
71143,87485.88,82023.64,90013.43,83868.46,88957.21,87852.04,87560.58,93269.31,76586.77,90858.52,89726.21,86068.14,90890.28,89104.12,86755.58,87476.48,88042.89,85633.79,84941.48,86673.46,89873.11,82036.54,88969.64,87203.8
72144,91006.08,87908.45,89307.0,84257.76,87233.99,87210.69,77166.86,87265.08,78366.89,91784.55,85594.02,86656.17,90948.85,85867.1,88183.46,91554.28,88959.0,86136.13,84591.4,88868.68,89242.47,82001.1,78141.92,86762.9
73153,50811.87,50108.05,50867.79,50168.43,57377.36,50717.48,56451.49,54432.2,53676.01,55130.67,53143.38,52737.12,53744.44,52202.41,49919.39,58255.04,52394.56,54172.75,55998.87,51011.45,55356.37,53689.8,56770.45,53855.44
74183,19810.64,18408.14,17993.45,17400.88,16642.16,17625.43,19256.62,17999.06,17128.37,18691.29,17888.13,17686.66,17949.7,18397.9,18996.7,18075.62,17766.77,17697.06,17977.08,18059.4,18850.44,17898.75,17700.56,16715.98
75274,14031.94,14428.28,14627.44,13896.2,13564.93,14252.36,13918.24,13923.91,14830.57,14486.04,14273.11,15163.68,15701.79,14199.32,14318.52,15700.62,13863.78,13918.21,14261.6,15233.13,14129.12,13936.78,14392.99,14400.32
76454,141745.22,139456.41,130588.92,143410.29,141638.76,132587.42,145406.16,140031.99,134165.02,156511.91,148364.35,154113.65,139365.43,134222.11,142134.75,124878.31,130450.5,125290.41,148746.65,136804.1,137358.83,134383.6,147005.86,128923.88
77464,82707.69,84971.71,83434.82,84018.12,89354.0,82674.52,83280.92,81916.91,89311.52,88449.57,80283.25,86541.82,78202.3,84029.69,77793.81,83320.39,91231.58,85105.86,84170.49,75324.58,80310.92,78868.08,89632.55,77607.41
78554,99404.67,105563.59,99391.96,97110.79,105846.86,92117.35,89812.97,94271.57,108829.09,99707.64,100735.71,100903.05,101880.92,104839.76,97817.87,99886.26,99481.9,104411.7,100581.99,104215.73,98625.68,104093.68,104118.76,101376.81
79564,82859.2,83893.57,82223.81,77021.88,77557.01,84294.52,81234.64,84401.82,82745.8,84269.43,86326.11,83206.24,84357.04,82576.85,91526.09,86173.39,82384.85,85447.13,92885.8,88982.84,82634.53,87607.12,85160.5,89988.24
80565,71127.55,67359.36,64517.77,67216.65,66831.6,69329.87,66850.47,68842.89,62629.96,69080.7,61207.65,68754.7,60013.96,64257.48,69677.7,66610.12,68662.25,69811.32,66579.94,64336.26,67127.27,65568.3,63143.45,60340.35
81574,95005.11,106795.75,99966.39,102078.51,100858.37,113989.11,99672.32,95637.97,104665.15,89468.24,92057.6,94984.69,108088.58,108152.91,97579.96,91915.33,98595.34,98263.42,102914.01,104663.28,98305.79,102365.26,101357.95,99612.68
82575,107823.23,113466.58,102324.95,112605.18,120647.79,108972.38,114891.11,112026.22,109704.09,114663.77,113871.69,120139.53,119053.06,108741.82,125224.14,109138.73,117819.37,109508.38,108335.47,107659.35,112586.17,114919.85,120771.53,112448.03
83584,80384.02,84010.28,76729.17,81306.33,82443.69,83172.31,73987.04,77082.78,80098.67,83253.95,77327.07,72516.75,71874.52,78874.61,76786.34,81979.96,66750.98,77503.87,79310.71,80329.86,73707.63,81445.51,81988.3,74957.29
84624,101414.78,92123.27,89478.31,91009.79,98478.79,92964.91,93567.55,95351.28,95506.34,93257.97,98554.25,92448.75,85514.31,91030.56,94869.12,98906.48,93537.93,92007.76,91384.43,93934.96,90704.77,102226.67,92012.3,90927.47
85625,82689.71,86189.05,84557.61,82566.12,80250.51,70682.9,79876.73,83161.98,86439.41,85802.83,79553.94,81810.23,87181.94,80948.16,73577.8,85281.28,83625.35,73911.32,84477.33,88061.1,81237.32,85231.2,86522.67,79718.86
86646,73100.42,75805.96,75076.65,75451.96,73114.27,76181.73,83250.88,73028.6,74406.39,70721.65,74099.2,71081.67,77702.24,76781.1,77690.2,72763.72,66420.66,71232.57,75829.89,72020.48,78231.63,77579.31,74095.31,75934.93
87655,108394.92,115702.42,122554.14,118200.88,116259.46,105964.87,103616.25,114164.94,99058.5,108340.86,114111.49,101037.18,118994.61,107501.55,111401.62,103009.96,112483.71,99317.8,109897.3,105618.97,107585.06,105909.19,112726.25,107725.62
88665,94604.74,94341.2,94363.43,102915.62,100276.42,94964.4,91728.14,98971.14,90117.29,81123.73,96754.9,98918.61,95311.73,93588.39,89275.66,83815.58,97641.01,93121.85,86583.53,98045.55,83450.37,92481.07,93691.14,88237.18
89666,107992.8,115093.48,107086.42,107032.84,110022.24,113428.88,114592.41,112652.84,102756.16,107404.97,107497.59,115762.15,107179.47,108426.88,111459.76,111838.28,109781.54,110623.83,123800.33,111160.87,124513.15,109047.79,114440.68,119522.76
90675,73702.72,75660.42,78735.04,81267.09,76929.84,73650.46,79493.4,74542.68,82982.51,76901.6,84826.81,76892.27,81433.53,69207.64,75505.39,73751.55,74716.95,77582.36,76039.04,76835.7,79723.83,80677.93,78932.39,84017.72
91687,112108.06,104578.39,107131.95,110826.76,101625.9,105614.44,107205.68,101656.9,113795.03,99526.69,105878.89,93816.02,109615.93,98139.71,98973.81,107869.31,100754.02,101841.32,106208.06,114359.2,103634.29,112754.37,108624.67,101444.26
92695,87147.96,93646.86,95300.98,98962.33,91342.29,87082.49,95727.34,88275.91,84081.36,97629.52,91477.26,91270.76,90689.99,85562.23,88204.55,99183.63,90695.35,93922.27,93202.13,97107.15,96865.65,95272.29,94445.54,95599.19
93725,101501.53,109760.43,101862.64,106142.51,108210.34,102250.46,118053.14,105649.77,115408.43,103146.16,108834.85,95671.34,106293.44,105081.76,102169.37,110006.06,99198.95,105853.09,117370.15,95029.93,101285.7,110962.7,110111.27,104803.24
94726,101976.05,82495.2,95043.79,96556.32,89023.66,99405.96,95967.46,88380.98,98462.67,100423.54,99570.22,95454.88,95785.22,96131.6,94266.75,91867.2,91021.91,95461.33,89702.19,94504.44,101316.37,96121.31,95316.32,96638.36
95736,112595.98,106867.7,117622.73,114830.07,102302.21,117369.65,132242.83,113729.16,112347.43,122457.89,115304.4,118427.72,107590.12,107924.07,129195.87,116733.53,114946.88,100439.91,114662.75,110304.77,112547.86,107380.9,118270.82,116244.43
96785,147452.24,145068.04,137957.63,133434.63,149595.48,136787.42,134258.71,143325.97,133044.47,133547.9,145743.81,139078.89,136812.89,138193.8,140269.67,135223.7,143292.93,140906.09,148230.16,153107.67,139216.36,133033.13,137177.21,139399.57
97786,88274.28,86687.52,81947.77,90405.04,84507.06,90347.08,81790.28,85686.32,95567.43,89280.52,86258.03,84548.62,89481.99,86450.98,83411.47,95922.64,79470.52,95824.18,95002.35,92305.6,92625.3,85101.07,79553.96,85722.28
98938,97581.14,100474.18,110899.3,102844.13,107697.13,87986.65,104933.32,108830.99,105485.33,102819.2,104076.78,102000.33,98780.08,108089.02,112447.9,108292.87,108394.26,97387.95,99686.02,100514.86,98928.32,98336.89,105646.69,97464.82
99956,46244.77,43631.8,49857.61,43698.66,44346.61,46008.19,43349.52,46239.78,45921.8,44482.34,45416.06,50381.74,49270.77,49270.89,44296.84,49240.01,48065.73,46611.0,44638.46,48651.9,48599.72,46199.09,42401.43,48978.21
101498,140862.82,143720.81,132114.94,143686.38,135614.0,141425.5,133575.01,143415.42,139877.11,136948.39,138292.6,144448.38,144810.37,136547.92,135771.58,130112.42,132683.21,155770.92,146348.35,135194.26,137246.52,126573.73,133434.42,132985.96
102507,71626.7,75392.93,77043.02,78401.73,75674.61,79497.9,78089.27,74707.11,82110.86,77766.5,77139.66,82900.01,75040.68,76090.07,79510.41,78399.08,73943.05,71200.79,84303.73,80520.6,77446.25,82806.85,71702.9,78769.6
103508,95015.84,100023.78,89347.44,88747.68,95180.05,86973.47,92239.92,90840.81,102025.89,88219.73,92044.71,90588.95,93905.95,82701.81,86563.22,95642.75,90211.28,94212.77,92251.8,88656.38,90402.47,92287.21,96829.36,97593.88
104516,87660.52,94290.85,84989.15,91879.9,90379.1,82010.62,86577.84,92479.1,93482.29,96030.63,86691.98,87596.06,90180.12,87711.5,84673.7,91958.09,90620.44,84267.62,95279.98,79038.07,89366.78,92722.07,85811.24,88327.15
105517,90538.83,97243.45,86750.63,88305.4,96548.96,96941.44,91047.38,84905.76,91564.47,91221.11,94304.86,80613.89,88424.78,88462.79,85905.72,87429.63,89538.8,85060.94,90561.97,84135.92,95223.92,94415.56,96013.21,90019.45
106526,100402.63,100377.65,96583.86,94723.94,92076.47,103935.61,91563.33,102943.91,93642.18,93537.07,95329.7,87887.03,89121.4,105219.15,104163.31,102902.64,97259.51,103384.97,93825.87,86851.47,93335.51,103152.99,101896.11,94917.18
107527,79117.2,84560.19,81351.79,83272.76,83685.93,85044.41,82317.91,87754.96,88375.18,82821.74,90390.39,80681.47,83906.11,82092.11,86200.29,80053.27,89838.67,89379.52,82319.87,80060.51,85845.92,82749.52,75078.98,83387.59
108593,112034.42,109022.23,109815.32,114388.57,103998.21,101549.72,106764.94,98553.35,106104.56,111275.53,96666.91,110624.23,111934.4,114758.26,106175.79,107467.97,104380.76,102631.35,105377.81,104743.63,114689.12,96246.29,114088.97,112983.33
109597,94132.18,88404.18,98143.0,95915.3,94031.57,96320.87,90715.09,91919.5,93345.68,97533.13,93520.78,93010.56,88824.99,96291.59,90426.54,97807.05,89665.44,103955.61,91847.1,81632.48,89808.2,95049.1,86679.15,86979.59
110747,114377.94,114152.33,118884.56,123994.56,116562.45,124492.2,120270.13,123442.62,122406.86,105966.26,117496.88,122490.08,107531.76,119270.0,120324.31,115671.61,109219.32,114118.43,112683.45,110662.95,107264.48,115455.4,110304.37,118949.24
111756,81414.92,74328.18,80896.98,75939.48,73167.02,78406.45,75924.75,73277.56,69898.23,73215.59,72601.61,77668.57,74516.19,76987.19,71374.15,79712.78,77720.65,84718.28,80427.02,73076.31,77207.75,78092.49,77784.21,78390.79
112757,86465.64,87649.61,72588.82,85058.07,87590.15,90457.67,87514.84,83269.06,89050.86,85104.23,89926.15,80404.45,88089.23,84141.93,86685.36,83201.66,77649.52,80258.39,79462.1,85375.77,87702.26,76177.69,93156.24,95462.67
113758,107182.87,123463.41,110248.09,95327.42,102270.08,117557.53,112075.42,104371.34,103092.53,118344.73,106428.75,109145.7,113702.71,107280.98,104513.32,106569.19,111886.0,104977.12,101569.61,106975.02,110266.7,100620.83,114101.04,106632.95
114767,131817.74,127118.39,133438.49,127899.62,123350.05,129826.41,131432.17,130291.36,136800.72,132216.85,122338.79,137059.18,136299.21,121511.84,130374.66,132095.16,136766.8,134925.64,133507.39,133230.53,129764.76,124003.45,123895.34,129828.59
115777,99121.64,96502.62,101326.47,103524.4,92124.65,95665.35,96697.47,91271.86,98636.15,90560.71,95827.73,95411.79,99657.82,92551.44,96113.7,104617.17,93394.12,103104.51,96490.81,97122.65,84586.45,92823.99,107759.12,103679.5
116816,81553.4,87853.51,84783.69,83704.28,81990.92,77134.21,88662.29,75832.61,82433.64,76040.23,83543.49,86181.79,86933.86,88103.51,76829.33,86757.63,86360.46,81629.18,77933.1,82086.6,82616.7,82264.97,80805.96,79674.18
117826,101549.88,109544.77,101989.01,109491.59,118505.1,101824.84,110626.05,112907.45,109753.07,109270.55,118016.3,108132.77,111396.16,100537.02,109315.81,106357.28,111929.66,107963.49,105935.17,107596.07,103750.32,107726.66,113490.9,107833.08
118827,77778.07,88896.65,88948.79,90296.34,89946.17,87853.09,77045.61,84089.73,83432.72,85105.62,83286.87,88435.8,84271.24,85320.27,84164.37,80553.86,89642.37,83938.89,86008.42,89307.83,87083.97,82488.43,80152.07,79101.31
119836,80755.26,86467.41,78963.58,84899.42,83968.16,86003.08,80497.79,85586.49,86914.99,85337.01,81382.75,81669.06,84599.07,81304.41,91488.35,84759.72,88575.19,79421.69,83729.02,84396.97,83482.62,88061.41,91884.14,87113.57
120838,71487.34,72271.82,75549.64,79167.0,73790.91,80780.91,70670.96,75443.18,73037.03,80951.48,74501.23,72556.53,74168.73,68418.27,71752.65,74502.21,75025.66,81643.32,80232.84,75586.8,70979.86,71656.27,78059.65,81839.53
121868,88592.1,89221.4,88827.37,82007.91,87628.97,85683.23,90048.12,95870.23,81358.43,89319.99,83861.42,85534.3,89072.68,85266.93,84060.95,89359.14,85490.51,84013.44,91220.38,85314.95,89506.56,86493.78,91599.25,87729.73
122877,81341.63,76441.0,78612.64,75555.99,76979.39,75288.67,76093.03,68102.08,76901.36,71431.4,81054.18,77863.02,73334.63,76763.86,79871.64,82408.14,75709.29,79282.66,72278.91,83593.03,77126.83,81816.95,78691.25,72664.77
123886,99867.74,92572.8,89625.33,105302.63,104697.58,99732.85,91877.88,98804.48,92100.05,95554.23,100589.75,103093.1,97665.9,98694.49,97015.24,88331.25,100767.09,97908.54,102150.89,100364.62,97985.77,96897.77,96340.54,92905.33
124887,63815.41,59334.53,62602.9,61469.61,70625.74,62678.3,57066.59,69875.9,63922.97,59292.85,63522.25,66730.4,67433.09,68131.03,62058.81,61349.04,65767.94,65610.49,61960.07,70675.87,71287.16,65128.69,63687.63,64794.51
125889,47909.63,55438.24,55678.29,54412.97,50884.07,50627.7,58144.02,49618.48,55657.54,51181.73,52236.83,54798.59,56275.7,53105.51,52954.86,53176.46,50580.02,49827.54,53493.74,58507.93,54239.63,52283.57,55460.3,58543.8
126908,88989.03,82062.66,82574.33,87340.59,88367.63,81093.87,86218.35,92463.26,84850.16,87636.0,96945.75,81647.21,83047.56,90640.89,85127.66,79505.51,89261.26,89165.9,94777.28,88453.78,82433.55,91830.13,83878.03,84911.65
127937,121033.87,113222.31,115410.34,117700.01,113117.56,116346.65,128792.16,119731.12,107160.52,115743.84,104532.41,112891.34,114092.87,136907.08,118888.82,111564.51,122597.91,119353.05,127253.4,117264.23,133899.97,123734.62,111906.42,114926.57
128938,99498.14,101302.11,105206.82,101882.84,95495.15,97819.09,94539.02,98468.74,101463.0,104780.34,96969.26,102239.4,98697.59,90636.61,95523.22,104010.82,90909.05,98089.87,107398.65,105050.5,108710.6,95364.82,94722.16,113513.04
129939,120037.16,121623.35,113851.68,123096.91,118499.88,120527.72,117069.09,125452.09,120001.14,105812.73,120033.26,115291.85,120562.08,119162.84,119346.95,120648.36,111971.86,121204.75,112711.89,124002.89,124114.74,121435.14,136655.34,114035.81
130940,159181.76,146985.5,144797.96,159631.61,158650.86,163968.35,161482.01,159029.98,154133.88,152580.97,137443.66,146113.37,156237.65,168605.4,156119.39,152825.53,167154.48,163605.99,167559.27,157825.71,149117.09,158497.59,168383.75,154332.35
131949,75538.29,75936.3,87132.7,84791.22,72854.08,75418.9,75212.47,80035.66,82557.05,77351.77,75748.17,76960.67,83388.72,80762.79,74955.8,85607.62,87858.53,84465.62,79869.23,72693.28,79378.33,77986.05,76486.73,83150.54
132950,129473.25,115628.26,118181.7,120693.77,117365.78,116853.73,121935.46,119963.14,123572.47,118787.12,113987.56,125297.54,119053.05,116202.46,112463.52,124649.44,119902.03,120455.7,99501.67,114413.75,110779.98,119752.45,121362.17,119840.65
133958,77974.22,83088.48,78412.13,79137.71,72083.4,87353.69,77394.12,74332.82,81865.01,87802.78,72837.56,81291.91,76961.66,83541.06,77880.46,81162.63,75583.59,71974.21,85352.49,82329.37,79137.85,79225.76,77779.73,79610.34
134967,90554.33,80333.3,84009.55,83486.1,89546.02,75581.59,87206.56,84982.63,79420.2,80473.75,80157.8,84818.55,87918.83,85630.3,81802.62,84294.61,85363.4,77807.52,80834.56,81332.53,77969.31,75575.37,79916.59,80491.77
135978,71445.96,72158.47,80356.24,72796.86,76399.1,79409.31,84479.77,84372.12,78515.92,78761.5,78767.43,76783.92,77806.71,75582.95,73350.98,80876.97,80199.79,77893.82,74147.05,79264.9,80553.52,75825.49,80124.36,82846.36
137058,62847.0,64538.75,63285.8,61681.38,63264.12,60326.1,63379.81,62996.21,59517.77,58115.22,61809.05,58503.36,57183.11,60589.84,60778.01,59253.61,56477.2,63163.3,55112.31,61911.11,59502.96,59146.16,60276.6,57404.86
138070,88981.8,96518.91,97714.52,91741.43,104706.79,99413.55,105993.9,104238.64,99274.29,111819.01,97638.45,103251.59,92276.21,101776.24,87462.11,100458.1,101901.28,96107.69,96616.0,100676.75,90564.36,90459.52,90767.29,98243.19
139078,73227.5,62388.59,68405.5,67871.55,76523.8,78611.81,70085.53,65584.65,74021.03,72493.39,72066.42,70005.59,65822.95,65910.93,72743.37,67074.28,70651.1,75341.29,68526.67,71932.66,70003.11,73503.79,74576.66,69533.49
140088,96636.8,90538.43,90134.14,94082.27,87908.06,88525.2,95441.31,91024.81,90240.74,82880.49,90083.67,93568.41,90312.99,97397.01,83467.21,82340.52,96223.73,95758.38,94715.14,92175.3,84880.56,92931.32,94757.1,87965.19
141089,102325.92,97399.68,100175.13,101385.82,97326.76,92599.11,89623.12,94846.14,106986.41,99370.49,88571.14,97431.22,100278.08,96530.87,100593.24,94533.62,94706.95,116566.64,98749.44,93782.91,97959.8,96269.42,95386.36,97750.24
142090,5353.58,5115.92,5465.58,5083.53,5323.01,5467.13,6271.73,5153.8,5404.81,5656.85,4997.66,4967.2,5305.02,5286.01,5491.19,5799.13,5610.49,5902.31,4930.21,5550.11,5098.82,5977.28,5271.32,5587.55
143101,154561.16,187172.3,190927.05,189018.44,184487.68,170336.99,166740.97,196431.76,193127.76,158918.72,187211.15,159260.83,171119.82,171280.87,166287.7,168842.5,166245.73,173395.74,173600.97,172153.82,173193.2,206213.76,177190.89,195460.37
144108,81411.29,85612.78,82016.32,84112.49,82629.92,88864.12,83859.8,80241.81,86186.33,89685.79,84152.97,86838.05,89603.6,86460.12,80608.34,85547.77,85180.13,95624.68,91427.66,82678.5,85033.37,90403.35,83800.53,81196.14
145109,70238.4,71568.64,68737.01,70826.81,72150.0,70983.45,68317.29,68359.4,69227.54,72655.24,70286.7,73496.57,70086.85,68036.6,67456.14,73805.35,65285.15,69126.57,64022.0,76181.14,68642.26,72488.55,69101.05,71554.85
146119,130507.38,118746.61,123141.45,122688.02,116207.76,120656.97,119234.57,124306.19,113069.46,120781.16,120989.42,113965.16,120157.36,134278.52,129258.04,119846.75,113407.57,110611.56,109805.8,119048.46,124125.08,120452.12,120486.8,122788.11
147131,85084.8,91688.47,88761.23,88805.97,97127.56,94680.21,89660.29,91429.29,83330.7,89445.5,90771.38,87000.13,87357.54,82353.27,83187.02,89099.05,88728.14,89690.8,87399.36,87632.75,82356.0,91566.32,91212.67,84012.09
148429,91066.0,80013.98,93503.82,90032.42,86610.56,96531.83,89487.32,89057.49,96255.88,92439.77,88934.21,92084.49,93160.71,93892.32,92369.82,97523.26,99284.14,92769.88,89099.55,90939.81,98643.89,97248.57,95464.19,84675.25
149449,99151.25,101177.53,95947.64,100378.61,87232.07,101702.72,87363.67,97203.69,90801.37,95326.4,90745.97,91985.81,87436.28,103592.96,105871.0,101357.03,100339.5,94449.73,99076.38,99579.0,93694.64,95729.22,90766.48,94842.79
150459,94269.38,94908.37,95116.92,94042.04,92991.1,94875.4,97496.4,102109.92,102390.17,92376.17,99373.11,102372.86,99261.43,95140.78,92191.79,96664.24,96252.57,99537.04,106474.9,106563.7,99328.53,98712.71,100626.87,103642.3
151520,99916.06,94962.78,92018.96,93707.65,88631.93,101207.32,87702.22,91247.9,97679.05,98074.8,102695.89,90050.81,90479.15,97747.07,91542.11,90657.04,90708.61,90323.61,87149.84,95360.84,100417.44,97160.29,95116.91,90507.32
152530,77261.89,68786.81,79094.52,82102.22,68927.18,74919.26,75499.62,75515.1,71657.8,82373.0,79321.74,79773.41,77106.99,81420.07,73948.15,78116.92,78885.5,72005.85,77970.11,70861.76,81610.05,71728.17,76126.78,71251.41
153539,67945.06,68874.77,67028.11,64102.03,63374.59,59983.09,64097.34,65610.62,72690.3,65761.0,62860.28,59349.52,65735.21,62396.57,62383.16,64790.68,63837.76,66793.97,62937.19,65660.94,60687.45,66008.15,63151.48,63451.95
154540,67526.74,67506.03,65603.32,68103.94,70208.08,73325.04,65484.79,66535.97,70811.7,69066.92,66897.62,67898.01,65053.26,73579.27,68516.27,66482.18,64640.67,66545.17,72091.79,67402.03,58867.01,67987.88,66768.69,70489.28
155560,83538.01,77031.01,77811.53,78537.26,75670.4,83911.42,74991.93,77048.95,79850.1,79666.0,76606.84,80770.57,73371.62,82562.15,78692.21,79047.24,78863.96,78625.64,75830.09,80093.48,76248.0,73521.87,84925.36,79785.8
156570,63111.89,60186.36,67164.0,68546.86,71354.41,64649.91,69069.58,71635.82,68491.33,71676.22,64904.18,67051.32,67746.76,64664.84,66369.71,68828.56,67054.07,69759.96,66806.59,63365.73,63059.24,62671.37,66868.4,67760.94
157571,57659.84,58421.04,58561.49,64309.1,54563.4,56886.78,55626.05,58057.99,58631.26,58903.13,58750.79,55280.4,60563.93,60420.03,54927.0,58268.46,55039.04,58728.96,55962.52,61622.8,54356.31,53503.08,57275.74,61294.16
158591,70130.03,66636.33,62417.26,62047.65,67578.03,66860.44,66067.14,66216.75,65508.28,70583.95,63117.44,66465.66,62029.8,66317.1,58730.49,70869.01,67500.52,68340.08,66989.13,64063.14,63598.59,69012.23,63480.58,66527.65
159600,68837.58,71185.67,75805.23,70056.76,76041.42,75148.84,75485.43,76122.21,74057.51,73768.56,76386.63,75509.7,77945.93,71683.25,76175.23,74273.45,76174.31,70528.92,77554.65,69383.74,72394.3,68066.05,71666.68,74582.53
160610,85390.6,79151.53,83000.24,80548.84,91925.33,81634.48,81200.29,89540.15,78207.02,83093.73,81558.03,93144.86,89898.56,78742.82,77343.03,78433.41,80554.31,85762.86,96255.21,87629.84,85524.18,83210.75,82525.8,79885.03
161621,63167.87,59238.62,72500.09,59529.87,65468.46,57672.47,62021.18,60186.47,65505.24,64536.86,62236.16,59830.83,59646.18,70201.98,67728.36,65031.16,62111.89,67018.68,60184.31,67045.23,65163.47,62920.08,64282.67,66275.74
162640,71909.58,68962.43,72112.85,73566.49,74072.81,70583.91,71636.15,72386.66,65130.8,68052.06,69328.0,72615.88,71549.19,76484.6,72981.94,72911.65,73329.08,72553.91,74284.18,69716.07,78308.0,71898.61,63987.59,68981.87
163661,73119.59,71583.83,68846.86,75650.42,74569.05,70846.26,74412.26,72739.16,76178.3,75328.28,71875.68,66762.21,72423.17,68047.05,73480.84,71574.81,69889.83,73163.02,70977.23,73923.59,70086.7,66542.12,74892.17,77348.73
164680,71584.24,72694.22,79184.48,78084.2,67532.56,74839.84,80640.69,84318.77,87008.79,70198.15,78361.01,73377.81,79435.48,77975.64,80921.23,79169.06,74246.51,74957.32,81681.81,74278.52,73922.51,79010.56,76324.94,63683.1
165681,69862.97,59782.81,62909.05,64697.65,62767.41,62496.48,61123.27,69339.13,62472.33,67941.56,67271.67,68769.81,67174.83,64541.09,65939.68,62160.75,65644.38,66306.39,60892.37,63951.36,64004.99,67551.01,62187.84,63490.12
166690,68366.81,70040.78,68106.15,67733.71,68639.84,68183.51,68436.47,67142.4,67329.66,63818.55,66909.28,65792.06,66400.42,66289.18,65651.23,68706.58,72022.97,64210.68,62335.96,63975.59,71133.86,72195.93,72379.2,66969.41
167701,66252.43,73680.35,74810.9,74659.68,65230.77,69254.97,76308.05,71156.48,74947.45,72591.87,74140.51,78469.73,72075.23,71569.17,74403.56,72436.3,76124.89,71837.7,69002.24,76656.05,73850.06,77023.9,69500.16,71121.43
168711,59749.28,59832.56,60350.63,61641.78,62388.15,62176.77,57921.26,59135.1,57826.9,58252.0,58054.34,53794.2,60077.33,62556.74,59680.8,58632.59,59637.57,63630.36,63120.36,59683.1,59381.71,62877.74,64109.57,58570.34
169720,71770.01,68240.4,65148.41,69086.62,72773.09,71097.81,70948.04,70209.55,66258.3,65845.14,75391.29,73681.56,67896.53,67601.46,66947.46,69450.58,69515.87,61852.36,66509.77,68013.68,65463.33,63358.85,65857.57,66061.24
170721,55871.85,55482.69,56798.15,57166.28,61046.87,54521.66,66101.18,58852.54,61200.1,56758.65,56325.32,54739.23,60748.19,55536.3,58224.78,59659.85,58543.69,60583.02,61097.68,58962.22,57399.53,52453.81,60573.89,57391.26
171731,60811.38,57591.42,66151.14,60079.55,59674.97,59048.2,57996.61,60948.78,63200.76,60632.35,58628.59,61584.79,62538.46,61018.35,60213.4,63039.09,64252.72,64709.99,62291.96,62592.27,55979.26,59476.25,59041.27,60100.91
172741,34313.61,37608.66,34684.29,36166.18,37204.76,37820.44,35224.52,37606.07,34743.63,38528.51,40323.31,37219.75,37172.88,38295.39,36826.03,38538.24,36588.19,38496.48,39706.36,39783.69,36466.51,35282.66,35340.06,36994.58
173742,66535.55,64261.58,61706.02,67591.74,64186.7,61329.18,64412.33,62644.96,62029.28,67630.17,68924.95,59796.07,67717.35,58006.63,60049.76,64939.2,67755.75,62754.24,69093.48,60899.82,68974.47,72366.32,64867.2,66490.24
174751,46426.85,49257.62,47545.35,48120.28,44611.23,47742.41,49005.02,50272.92,46349.64,45196.52,47037.45,48507.08,46756.8,48802.84,41626.6,48325.6,41145.31,44823.09,46055.72,47381.71,47001.61,54829.4,46655.99,43572.95
175772,61851.3,57376.61,61787.61,56746.62,60303.82,59008.89,64513.3,61043.42,63515.51,60169.75,56123.54,61003.27,53583.06,57626.35,57978.12,59174.14,61688.42,56298.4,59539.36,63432.22,62182.99,61385.55,62895.96,57598.17
176791,47340.63,46067.17,47038.69,47309.15,49069.74,52555.56,51363.17,48913.14,49976.29,46743.49,50938.22,48896.7,53529.98,48745.91,49711.48,49451.2,49554.37,52651.42,46810.14,48384.76,48455.46,45364.52,53848.11,50343.21
177802,45986.91,46967.47,47790.97,47961.86,45123.38,44684.96,46665.56,44150.34,44327.44,45564.49,48238.48,48284.71,46557.72,44465.84,47454.57,49721.28,47533.87,46290.31,49322.81,44447.31,49528.9,45032.61,48017.71,42732.22
178811,43303.83,46094.51,41812.97,45164.36,45994.91,39994.42,42822.36,41117.87,40060.83,46210.35,42515.88,44119.82,43136.04,45456.68,42615.46,44228.62,43211.06,43553.47,42472.23,45025.97,43036.37,42145.92,45122.4,43213.62
179812,33801.75,30230.91,35751.61,30847.84,30417.43,32651.34,31726.86,32079.27,30093.6,30795.87,33893.82,31967.64,29436.33,33601.7,36087.47,32985.95,33853.99,34765.66,33047.55,31729.99,33327.26,32238.65,34405.7,33601.31
180821,20845.66,19992.83,21740.51,20671.29,20367.67,19846.76,22588.34,20514.82,20561.19,19461.66,21163.27,19870.19,19352.92,20447.01,19822.21,19925.66,20177.49,22420.4,21600.8,22160.93,21448.91,20231.82,21318.07,20354.34
181832,26514.39,26537.85,23673.88,22541.39,26264.34,24108.82,22593.47,24230.25,28182.86,23765.07,23098.45,24569.09,26307.57,23609.47,24394.57,22530.4,24344.91,25773.23,23104.89,25750.61,24942.31,25368.94,24065.35,23429.92
182841,15778.76,15378.25,16911.11,15051.68,14958.62,15723.69,17416.71,14899.14,14853.2,16766.52,16502.74,16187.67,17148.57,15519.89,14790.84,14903.29,15541.77,14773.04,15157.54,15984.39,15784.39,15550.25,16264.55,15189.12
183872,12626.69,11261.46,12695.09,13478.58,13308.19,13125.45,12836.85,13716.79,13630.98,12188.09,12442.37,12700.05,12805.53,13238.59,12049.21,12144.26,13146.75,14017.62,12998.03,13161.07,13029.75,11855.36,13150.22,13306.78
184902,13139.51,11115.04,13935.53,12514.46,11919.58,13252.3,12915.91,14199.62,14358.72,14149.87,13004.93,11914.96,12487.58,14057.64,13845.78,13570.54,13349.61,13654.12,12432.07,12839.06,13257.2,12651.42,13239.73,13328.61
185932,7873.35,8208.64,7733.75,7633.69,8063.36,8235.72,8640.08,7285.32,8354.25,7528.83,8178.97,8818.54,8382.74,8121.13,7850.28,9055.81,7976.44,8090.67,7923.43,7670.87,8396.53,8973.17,8212.16,8735.74
187022,5210.84,5050.85,5395.29,5258.39,5707.01,5322.75,5551.93,5336.93,5419.3,5511.16,5501.35,5602.26,5362.13,5660.03,4860.69,5964.67,5386.4,5605.69,5635.25,5260.68,5373.26,5135.32,5342.52,5245.71
188062,41.89,44.47,43.41,42.37,44.85,42.74,42.53,42.76,43.21,39.95,42.43,43.2,44.56,42.72,39.75,42.99,41.15,41.2,40.38,42.47,42.13,40.8,45.28,42.33
196673,40.57,46.97,43.26,41.28,43.19,45.17,44.46,42.28,41.14,44.39,41.59,41.99,40.73,42.47,44.41,41.76,44.05,40.67,40.88,46.15,45.39,42.01,43.75,43.44
261128,26110.37,24689.46,22561.44,24601.01,22803.91,29267.35,25209.19,27944.12,25070.17,23811.3,23778.95,25153.43,25960.18,27841.22,25954.82,26731.08,24639.03,25477.09,25528.77,25999.12,25204.75,25229.18,24671.58,26531.71
262149,37959.87,39206.09,36009.92,36960.33,34353.63,33964.42,35681.06,36896.56,38739.16,38342.29,35603.6,33327.97,35304.53,39020.38,39228.27,37912.78,38748.15,35703.04,35647.02,37985.85,37823.51,37595.81,38778.45,36411.2
263159,37062.16,35980.97,34168.04,33871.09,33371.67,37186.63,31536.0,31908.65,32941.2,35770.3,36303.37,35994.5,35621.45,35896.95,35263.86,31632.96,32202.16,34445.0,35204.19,34849.87,33820.57,36649.19,35520.31,32614.31
264219,93800.14,88874.75,98863.08,92117.26,94490.08,97727.06,91048.49,94789.61,100660.86,101511.13,97998.82,92770.32,94863.55,93905.49,91116.12,97968.92,86441.83,90629.71,99612.82,95602.49,96377.4,96559.43,94476.89,94293.39
265269,94817.72,94786.58,97640.78,88562.72,95308.16,97285.42,96157.13,91007.8,102794.34,91127.92,93628.67,96992.03,94133.87,89142.81,88244.3,96361.37,88445.18,93229.82,88256.4,93518.66,92119.34,91161.17,90129.41,89416.96
266359,82257.62,80804.42,76343.88,79011.22,78259.71,73297.24,73437.72,80663.16,77780.98,78200.92,83873.08,82061.08,82962.91,76723.61,74832.49,83385.05,77471.69,79382.04,73172.21,83399.91,77687.68,82896.49,80244.06,77929.64
267529,72693.24,74028.61,71129.23,71324.19,76115.04,72981.48,63565.87,67730.89,70869.1,74480.29,69707.55,68832.78,64969.62,70165.48,70410.04,72974.64,68732.15,73527.47,73506.63,74036.68,76815.51,67797.65,70128.98,69364.57
268539,87169.91,87517.71,92027.94,87838.9,90016.89,90952.2,85771.25,92894.99,94279.23,94480.77,90330.28,90137.86,98266.24,89397.65,87430.26,93223.84,91837.03,81976.1,88178.12,84521.12,86771.89,96417.16,92720.98,92215.9
269548,79900.34,89343.22,90464.13,88133.83,85593.78,80754.75,92119.57,82172.31,81079.52,89024.79,86335.74,89836.07,86649.87,81203.93,94750.51,88835.26,86144.06,82172.78,86273.43,84349.38,86187.33,86012.47,85160.88,87216.76
270558,86217.33,75624.17,87828.01,78476.65,84805.43,82450.0,88221.49,87634.45,85628.56,86317.34,84846.81,83412.14,86790.27,88108.99,83115.27,84484.02,84291.38,82311.7,85801.28,87458.38,76946.26,92134.25,87953.51,73699.0
271559,106423.22,110502.86,104409.76,98060.8,97699.37,105530.52,103973.62,102533.91,105113.71,113578.16,109050.55,104241.24,107004.66,90551.44,108692.6,112497.45,98400.57,110609.89,109931.59,106948.04,102538.7,98117.2,109504.02,94209.63
272560,137629.11,139683.22,121169.44,123411.6,107740.49,130178.65,124859.18,129074.26,140281.58,132247.71,129729.31,128163.96,132554.87,137197.66,121073.2,131777.0,127088.34,120436.62,132347.23,117899.76,132760.75,137990.17,138962.23,138045.35
273568,103184.99,97387.93,100882.38,92851.6,99620.67,98922.42,99446.52,94010.01,93200.02,105621.03,100383.38,94027.31,101898.59,107444.13,102473.47,100180.45,98008.55,103404.33,97681.63,101231.08,96502.67,102615.27,98110.19,100530.34
274588,111086.67,117008.82,101808.72,114287.0,113182.59,115668.18,114471.19,122536.65,109099.53,116095.79,117538.54,119098.38,117610.98,112911.79,115826.46,111525.18,116213.07,114369.45,113402.2,123263.21,114042.4,111801.42,121408.55,106516.56
275648,85860.39,86215.09,86541.64,82459.59,85487.89,90526.97,90303.36,90112.08,79795.3,91620.8,85111.51,76720.48,80572.83,82563.56,87137.07,88876.16,88284.24,82942.89,87803.35,92673.16,93521.0,86846.55,84820.13,90709.36
276687,115479.94,110697.67,114119.27,106832.43,115219.67,104532.67,107326.75,110405.94,113109.22,100054.53,110859.5,121785.37,101799.64,104748.08,118662.85,103778.83,114833.47,103763.25,102316.87,114198.09,123758.78,113972.99,109561.93,114762.94
277688,123168.97,125776.47,139039.22,126847.93,126946.67,129559.56,122635.23,138372.03,125874.72,127462.46,122258.64,128279.33,131103.91,129811.88,127127.16,123351.07,126556.0,129111.01,122219.9,128331.49,123582.05,115117.47,127231.12,124231.46
278689,138649.44,135469.93,141976.87,138431.87,140408.38,138094.41,144635.16,159437.52,143845.21,146073.37,139985.66,138608.69,144234.39,142577.48,132085.95,154180.68,147110.62,146799.44,143729.64,140357.58,147850.86,131372.9,147490.45,137404.89
279698,131211.88,116382.43,126622.4,130485.78,132408.44,123888.44,117328.85,132187.65,130454.45,117155.48,129958.0,121312.22,120501.44,129221.08,130723.51,128050.14,126494.93,120276.91,118416.12,136867.26,121631.4,132404.38,131887.74,121267.34
280699,131756.11,150846.89,135923.98,140712.28,127205.01,122279.01,128212.2,140249.04,148726.89,129930.31,131756.77,147759.42,129080.36,133263.93,135589.45,133050.99,134535.09,139521.63,145241.24,131347.24,127859.3,129679.39,138684.54,139134.86
281708,134951.79,123639.94,135888.71,124338.98,143506.76,137105.64,128407.64,124984.99,135950.55,136979.36,128255.05,133644.42,131648.39,127712.22,136211.95,143547.27,142243.18,119660.88,130711.12,140128.67,141611.51,129748.09,128074.92,139545.85
282709,128697.25,127716.17,143913.75,147034.19,140788.43,144864.26,129395.4,138249.76,130091.48,144296.46,139759.42,148708.79,146560.85,145771.49,142670.7,140231.87,139627.32,132696.62,148054.72,140643.99,132768.69,141921.45,140940.04,131902.64
283710,150133.62,154148.5,143761.44,133648.43,148152.41,149047.15,163800.16,141437.0,133400.2,135946.31,137776.15,153175.57,145124.69,156937.57,149746.1,149437.16,139338.23,146343.9,136338.54,145313.57,135253.86,137752.34,141420.32,140864.98
284717,151348.23,144851.8,146153.51,145042.53,125388.74,152716.66,151431.34,146225.8,150096.01,143682.44,142831.61,155452.56,140180.71,158783.19,140740.28,145986.58,148448.34,145561.64,152737.76,143523.34,138192.33,141547.29,147360.6,167089.82
285719,141253.81,145320.49,137815.92,126613.62,131144.08,139746.36,138831.45,132796.73,126486.65,143034.39,126173.98,148640.32,136302.91,141585.81,145750.72,136741.95,133810.73,136613.59,142602.87,139151.54,135304.66,139926.5,133865.58,139113.57
286797,165431.64,160009.59,160171.49,173142.17,151782.55,155751.95,165086.07,144323.18,150242.67,155987.29,165500.21,154597.26,161621.83,161885.95,160813.76,147191.77,161517.75,154590.86,162750.93,148664.86,145793.3,148158.09,158263.16,158496.72
287798,114197.21,101415.58,102875.33,104611.28,104963.07,101869.17,115404.59,111265.29,106551.56,109308.4,111104.89,117989.8,110348.02,113040.61,104309.95,109131.66,103866.61,106542.92,102631.42,113621.12,108304.72,103224.79,108549.5,101493.71
288807,163941.58,156310.87,155489.61,160744.52,156588.95,157164.64,153375.23,148194.7,157854.1,165982.05,172982.59,157655.38,161364.87,156129.21,166569.87,172483.31,151351.38,187831.69,160060.42,161625.52,160102.3,163816.7,142351.54,155200.19
289808,164936.25,170999.67,170059.83,174999.86,161934.36,171385.83,175934.96,167741.9,161422.32,160782.74,180179.75,174817.17,172686.51,168745.04,151075.2,155279.94,166366.48,169834.07,160781.72,175420.36,152259.63,161335.24,171744.5,172879.49
291008,195080.32,209507.98,189833.13,210754.18,196579.96,194730.19,191514.62,197775.66,209671.66,201444.67,198556.34,193762.97,201927.19,213184.63,204332.7,197286.16,216623.46,215846.62,193716.74,196174.5,203001.19,181567.16,212207.3,207372.09
292009,149300.87,145697.05,149348.2,147974.32,148077.25,147455.01,156447.79,141873.5,150333.43,142994.77,155281.16,156356.58,159966.76,151745.72,156874.67,146709.52,163920.97,148123.17,150891.37,150327.16,144287.49,156859.09,153357.49,156739.66
293017,84317.14,87014.32,85151.92,85582.56,94201.7,93098.58,94587.32,94370.62,91116.95,89308.39,86439.12,92401.0,91768.18,95698.19,90158.13,92538.91,93747.4,91347.2,87261.35,90696.82,91852.53,90426.95,92794.96,82204.81
294026,149167.08,143654.92,160296.44,159897.95,160174.79,151473.51,138836.79,152884.59,154395.62,162422.99,166374.06,159935.42,163384.12,149951.75,152452.1,154933.44,165255.97,149705.81,153960.61,149940.21,157590.99,152181.48,152026.97,144248.55
295028,178336.4,166858.88,170917.16,164296.18,159694.62,169358.92,164868.81,163579.65,174238.43,151255.41,167781.17,166321.44,170514.14,160069.79,176669.02,170236.39,167014.19,169263.67,156306.09,164045.61,193123.81,187691.56,159971.66,168038.43
296030,182193.56,201316.21,199309.88,191686.27,195730.77,197551.7,196737.23,186649.44,204701.8,201139.33,195111.77,199079.78,189051.78,191124.9,203915.96,192624.84,187629.38,199738.94,194350.61,199030.15,208615.12,207404.33,205587.66,197814.34
297032,202929.9,206294.03,207508.85,193280.18,201013.49,227251.74,200919.97,203993.82,170991.09,189915.1,202619.96,200931.57,199836.05,204086.58,198787.56,201619.42,197761.51,205704.71,208159.58,209375.43,213788.26,201197.16,223518.98,216317.01
298037,124195.59,126687.71,132487.78,119407.94,134998.06,134055.18,125955.78,121618.97,134727.74,115439.94,124899.75,121003.25,129305.0,121410.35,129546.33,127966.94,137653.6,116009.6,122112.64,128698.16,137759.7,118356.56,124822.83,123429.03
299261,131659.05,134611.66,130357.53,143938.66,144424.11,145100.12,137985.55,142936.5,156388.98,152703.38,136939.13,148382.73,140534.46,145490.6,149226.27,140866.72,139992.47,156778.06,150994.97,149934.76,143482.74,138972.24,139021.67,153750.17
300266,207012.48,183120.38,205367.61,198780.0,206832.03,205840.06,195416.12,199778.64,189250.85,204921.93,176051.36,199934.48,200299.19,210186.67,181044.81,205246.64,188735.71,195795.25,189943.92,191964.45,192815.51,192013.46,208819.75,186211.11
301277,179511.35,157090.05,187749.78,185120.46,184264.24,172026.19,184280.87,174225.5,182040.12,186590.3,188894.85,191294.59,178388.83,194406.42,174267.9,186080.63,175515.57,170944.04,176611.26,167582.42,190661.18,185358.17,181980.06,183600.26
302287,160908.42,169026.73,163117.51,147721.59,174217.58,166225.74,161236.76,159932.9,163146.33,146202.81,138815.18,154071.81,169933.54,169062.97,161353.68,160526.99,157250.36,164005.32,155013.33,166713.32,153237.46,160363.3,168058.03,177522.12
303288,173255.51,159830.53,187354.95,173364.62,174347.2,183530.22,170216.21,171260.88,170932.97,176460.78,178288.3,184003.47,177731.52,179898.68,179843.24,190395.43,166983.98,188838.78,184222.38,173962.18,161143.85,182257.86,161109.54,154936.76
304289,175194.92,182604.36,177098.1,173671.61,158557.91,175109.45,160204.58,164644.99,172426.76,169629.84,158494.67,182969.22,182485.27,167940.21,176986.13,175777.22,176380.85,164675.91,159251.61,179619.62,165800.21,166021.34,176837.36,171319.82
305296,183580.23,193976.75,201004.19,191990.71,200609.02,210922.48,201747.33,178991.18,197639.59,193698.9,207682.46,180718.98,208262.51,197270.99,194606.56,187380.65,183797.62,201799.36,204308.72,193484.47,184139.47,188117.36,197684.42,188429.02
306297,141265.53,138562.15,142929.3,148746.33,137594.72,138136.91,136035.22,140133.86,138901.87,126361.37,139867.57,128001.09,141392.97,140865.72,147599.9,141961.24,127873.05,142051.15,139027.75,141996.15,135683.35,143701.54,137845.37,133347.77
307436,107566.73,101827.8,101266.79,97786.67,105392.6,89249.98,102562.79,101202.38,106750.86,104617.65,105860.34,95731.43,95237.01,98185.71,101729.97,97698.67,95875.53,105304.19,104168.34,107918.53,106134.7,93975.63,99267.93,102559.7
308446,82501.32,88154.89,94832.76,95523.92,98003.16,99349.5,102437.99,94206.97,101589.43,93887.94,92438.31,103003.8,96350.31,90948.1,98509.89,97233.15,91912.38,99137.1,87202.05,101041.98,102086.94,104208.83,99690.38,92103.1
309456,120494.73,112876.8,117581.56,117804.24,118055.76,126126.97,126486.78,120371.38,110215.47,118342.24,109350.6,127211.19,121522.59,117835.8,111048.91,122584.54,116067.54,117161.85,118530.65,125738.02,122058.99,118860.25,126345.6,116632.53
310465,153748.63,166861.17,137585.61,154279.76,157554.41,151781.25,138599.34,155500.53,149270.32,159403.75,166567.79,155363.14,160458.87,156440.09,152746.72,160482.29,145764.49,163261.53,158201.61,145341.54,163709.03,155329.0,166366.58,154291.78
311466,111782.31,110574.85,108773.59,100865.25,110354.04,118973.79,101691.41,111158.54,111826.77,105456.83,106534.43,105794.95,102049.73,105898.23,107475.08,114175.25,105807.18,113312.22,109719.98,109865.21,107946.1,106722.68,114242.05,111911.81
312467,171970.89,181450.73,182562.86,165912.8,169982.59,171452.42,181799.69,182888.86,194265.72,168867.38,177682.0,174373.9,159287.98,170789.3,179634.98,178503.04,184443.5,173862.86,174747.11,164694.71,159267.71,169838.16,173214.14,188863.27
313475,133224.62,133884.0,133964.36,121861.67,133414.87,136772.28,134623.32,129108.33,132335.52,134553.8,139876.04,130793.85,136201.06,143245.62,130109.95,144875.92,136038.03,131303.99,136281.81,138635.25,129866.55,146659.42,134002.5,128082.36
314476,163637.48,157574.79,165342.17,161503.28,166889.63,177244.55,165518.4,164721.97,160821.48,168779.76,154794.61,166011.8,153433.66,161784.92,173713.74,166359.48,166723.04,174453.69,158722.85,163755.7,167378.79,180238.72,168044.95,174388.47
315486,137198.81,145262.99,139071.69,146862.9,136440.58,148547.81,146750.31,151408.61,141391.38,149269.4,151125.44,136584.82,159885.98,149330.66,142395.61,139614.56,130408.99,140978.1,144900.76,154452.42,139016.37,145121.18,134925.5,128526.4
316678,174032.18,160530.52,167518.97,166415.73,162881.99,176165.06,172046.02,153048.05,176053.66,167042.5,163587.75,164720.41,157822.58,162494.57,153778.69,155847.34,164841.2,167671.69,169958.26,160790.87,177501.73,180533.92,160255.99,179815.91
317686,186811.85,185328.11,184691.22,197731.16,204999.67,186235.08,184099.73,183609.12,206304.42,194129.65,188766.81,186706.36,199637.76,173657.4,210484.81,190065.81,200665.57,187023.01,177650.45,173269.67,201426.73,202098.71,197831.37,205443.63
318687,158356.95,182451.32,172271.76,182596.24,179099.01,168689.25,173888.88,183766.25,195366.5,156691.1,176550.54,188415.42,185700.05,177465.86,186852.47,169344.3,172150.99,195953.25,171634.9,177414.66,188910.28,178655.33,171545.34,167662.05
319695,151254.33,156112.55,151614.83,150905.2,146764.43,163577.6,155067.26,159027.81,140372.5,141746.4,149539.33,146379.48,139313.32,151502.45,149468.75,147530.17,147050.32,152472.79,160976.87,151768.09,155942.58,152709.0,144001.68,131793.24
320696,161930.87,164711.44,167056.63,179108.8,160990.6,171902.59,162321.24,154798.71,161007.43,179509.87,165482.47,169633.24,165816.93,165750.44,177025.23,175472.87,155826.36,177819.41,175851.53,172107.26,169926.24,177650.83,159819.74,165080.39
321697,208236.15,212362.61,202852.85,205975.11,212921.4,213121.53,195402.68,213291.97,208503.6,216717.39,188251.69,219245.82,236294.51,197253.59,207249.99,186020.91,198991.82,217182.28,202992.39,208432.58,208443.55,221963.26,190749.39,225552.33
322705,160416.86,171592.25,165013.9,169145.09,179594.68,173857.55,180728.73,177614.27,164701.13,165476.99,157804.6,157712.35,183713.18,178655.55,165896.83,171602.11,154972.57,157557.75,169302.47,177364.69,170385.93,162934.13,179064.47,162248.03
323715,192601.08,185339.18,180447.36,182536.02,183330.83,196317.65,183387.13,189474.88,181944.76,183108.78,189114.38,177299.2,177981.64,198672.73,181985.38,192557.76,163742.21,188781.0,198409.89,197988.23,174869.03,171509.05,170042.82,186425.95
324717,212382.11,219414.14,216778.61,202441.34,213982.29,199344.58,204460.59,205188.47,210457.83,204932.25,204783.49,212430.23,219837.98,212344.85,217610.26,221145.85,226220.38,216082.2,207648.28,215677.31,201305.81,208124.61,214360.01,209826.65
325718,203414.77,193180.5,201400.78,199526.55,198084.36,202751.94,196956.1,200595.55,207880.02,198636.28,211854.91,245815.26,196879.47,220248.1,208737.19,235868.63,198949.36,214436.63,192500.49,218536.51,190915.7,217549.59,205499.96,201277.53
326724,188526.4,186138.34,186524.62,188611.5,187854.83,184555.8,179890.57,179674.74,181285.11,176458.5,188165.82,190411.96,197213.44,195972.41,209390.09,194001.76,189708.08,165317.23,175201.38,188111.04,177083.73,192475.06,197744.8,182124.14
327834,193955.27,216580.9,224659.5,194972.01,211313.82,212200.39,202934.15,211143.19,211718.76,190435.07,207501.14,202143.85,205552.14,210340.9,211831.94,179216.82,205735.67,179290.86,188626.69,207388.26,189570.54,213065.24,191336.89,196316.69
328835,160547.77,160852.39,159046.89,167853.55,161555.93,165648.17,174802.09,157966.56,156772.63,158515.66,169906.17,155655.12,165099.01,143333.56,162641.75,155275.53,164520.14,162192.03,165657.79,146207.45,153753.78,149442.9,165824.15,153481.43
329837,137969.66,141513.23,151435.07,151947.65,157833.94,149034.9,148671.24,136837.15,153404.07,141316.49,133280.49,152745.01,144897.72,155153.2,141173.57,140596.85,161751.33,129872.68,152870.44,141137.71,147557.66,165504.9,153812.34,137360.42
330844,151370.22,145503.39,156749.53,160405.27,170162.89,156617.93,152059.21,163138.3,161716.99,153192.89,146664.47,157886.18,158420.61,149081.76,148840.48,160657.18,161014.17,167996.31,162972.56,168823.45,155571.93,156461.45,146292.08,180335.86
331845,189354.89,192500.38,192239.02,168177.7,188143.96,205910.13,201734.41,186405.9,190025.39,191496.94,192429.13,185935.85,202461.77,189618.92,181560.88,190052.02,201096.05,178551.2,181017.31,190559.84,202366.04,193524.1,198945.27,180922.93
332855,165385.18,180091.47,172786.17,175418.5,189022.43,176557.3,166472.42,170877.82,168530.51,171783.87,170594.91,173443.19,169633.93,177434.26,171507.69,182351.84,160822.69,175158.14,162427.74,182200.21,183965.85,185125.64,174806.55,175017.2
333856,180397.99,183263.56,172980.65,178779.23,182505.67,172444.38,172508.54,171288.76,189898.54,168917.07,176490.19,187325.48,167708.55,170788.28,181907.24,177870.73,161112.29,174909.78,166332.5,182107.73,174942.96,172311.34,173649.22,178725.78
334867,96953.22,113626.83,110121.92,114025.03,109890.55,118049.75,112016.53,105728.89,108445.59,109967.84,100228.08,113126.56,106784.23,115034.12,105321.74,108865.18,116324.01,112498.49,121110.17,119140.55,106185.04,113277.18,106920.53,115892.25
335893,141046.96,133995.88,130708.26,133212.83,145155.22,136461.88,139011.72,144781.69,137712.85,141146.37,132808.03,132279.98,137417.63,139732.28,153395.9,132734.44,137683.2,151137.73,140827.31,127228.6,131321.62,139734.46,139442.81,142358.13
336894,163235.69,172605.63,144986.98,156471.0,158202.61,159807.54,154001.5,145679.32,155008.33,151651.53,153273.64,143723.91,151797.16,153857.08,157268.02,159041.17,162714.44,169345.29,157207.72,150994.08,159253.11,160296.25,144855.21,156981.19
337904,150410.31,146012.78,163437.69,140028.88,155193.34,161384.51,153676.42,154222.0,149698.42,166404.6,158597.27,148958.85,149537.33,166416.35,156848.31,166689.54,154744.81,144947.54,151492.59,163782.58,151985.41,162913.59,162777.59,162724.51
338953,219118.85,200353.92,186786.22,205772.32,226623.41,183823.06,198315.17,195119.27,172401.66,189640.66,192941.28,199010.72,186783.78,202117.33,193150.49,200426.42,205188.94,193292.37,186078.29,189945.99,188576.05,191669.9,192808.22,197272.86
339954,152551.54,141739.57,163398.57,153560.88,148291.88,146625.78,156335.03,153526.16,147603.82,151147.06,162242.72,163606.71,142084.65,155072.09,151313.97,165874.81,157073.32,145672.24,158654.35,140292.0,155042.99,157661.29,147070.2,161896.22
340955,161511.43,165459.42,157737.26,142976.22,159538.1,145278.27,168112.34,148026.08,155022.09,148700.34,163031.1,159812.77,155095.41,155385.46,144842.46,153518.03,146893.98,161942.26,147391.8,156431.65,152093.18,178551.72,148017.02,154662.24
341963,141081.46,135337.35,144047.55,148995.22,145355.33,140668.12,149562.63,151654.28,140438.42,148152.19,143383.98,151259.46,153832.13,152118.57,149620.93,136753.37,152802.77,135113.34,139745.36,141458.4,150403.42,141294.38,140704.08,150513.7
342964,105565.22,110521.31,105290.15,117947.16,106854.4,104883.7,111938.7,104774.94,118568.33,115557.55,108758.25,109902.95,110686.89,108384.53,111588.85,106458.87,106524.47,115290.65,106364.81,110359.68,118224.54,114349.31,95958.51,110883.25
343973,124832.76,128591.28,133314.82,126903.51,121217.53,126705.01,119258.04,125499.05,119396.13,121103.66,133072.61,118786.81,126483.29,136556.34,121660.67,133675.23,133018.14,138421.02,125970.77,136162.84,127354.45,116011.76,119956.42,117805.97
344974,84915.98,82279.86,77195.18,80488.02,70352.76,81180.59,82437.59,87167.05,83054.65,74808.81,81227.16,87371.15,81676.39,76204.41,80555.01,81880.75,75013.52,79676.64,84990.84,82661.1,86134.56,87762.89,79955.95,81766.15
345983,59956.65,62246.13,63145.49,60014.4,67923.95,60889.31,66905.46,58672.2,61800.92,63543.03,61710.03,65319.97,63998.93,63293.99,64928.15,66508.98,64213.56,61366.76,67092.78,65922.39,62760.63,63677.37,67441.36,65006.17
347555,108980.98,114079.17,105153.38,110729.37,117685.17,113864.16,118573.61,116335.58,114787.04,101875.22,113876.43,115396.26,117198.07,113374.08,112368.43,115888.78,119713.45,106646.21,112432.68,107943.19,116514.37,113027.28,121238.75,111285.49
348562,108415.59,100379.65,92132.53,102460.67,94840.27,97552.5,103079.43,98791.71,106247.91,92398.14,99463.47,108033.99,106721.16,95532.55,103786.96,96005.42,92949.36,103984.81,106010.05,105608.02,100717.37,93164.4,108107.55,96200.19
349572,92954.32,100935.85,100422.65,102479.34,101991.49,102045.57,102439.03,104423.47,93211.83,101597.68,98067.54,106670.01,95949.36,95324.54,101108.99,102153.39,97027.69,90126.96,99613.62,105173.35,110999.51,97964.09,97362.03,105069.72
350573,163075.91,166090.35,161217.51,155561.6,157936.14,165391.97,159655.53,160100.63,163609.14,155582.18,158681.93,158390.87,163420.36,146132.61,150231.21,156722.8,158784.54,154494.85,160852.35,149183.33,147872.7,143054.26,160273.77,154525.98
351574,152747.93,136802.84,141048.24,149461.65,144168.5,132590.08,132107.97,128400.73,138671.87,134029.18,145413.9,125967.4,143857.27,138060.39,140525.21,152463.56,137385.72,135266.3,146603.54,145299.59,127991.53,138753.89,147680.89,132759.57
352575,179361.96,168359.45,164409.66,159893.09,155135.64,168551.84,147935.24,168003.92,163587.03,150051.28,151168.31,169323.13,152522.99,167366.02,145500.18,160074.93,156521.48,161673.55,174524.17,145655.01,157950.85,169663.87,173427.93,172207.53
353583,143945.45,137346.05,137684.16,127034.28,132870.69,138727.08,148620.11,141578.48,142337.69,139329.49,132144.38,128262.37,133518.76,139785.81,134973.32,141932.21,147107.61,147552.59,138712.21,147699.76,139048.69,143109.27,143261.07,132267.35
354584,146728.73,144359.7,136843.51,148816.33,142238.79,138290.36,155894.28,154133.6,146079.06,140826.11,130112.43,160731.97,147511.57,153240.45,152748.93,153708.64,158270.56,148737.02,139739.26,161090.09,146740.92,154371.58,154053.4,160086.89
355591,189117.04,193890.05,171584.59,187220.22,188137.47,178179.28,185898.71,182358.9,180729.26,181133.07,185015.84,189480.81,187123.39,173154.55,193909.37,204112.99,183854.05,185383.68,186819.97,201794.83,200753.66,180214.25,186065.05,184704.61
356592,109941.32,105229.98,110758.55,122575.7,107216.37,116835.14,108556.72,112425.99,107670.46,117204.36,104335.69,103829.4,110675.0,113287.2,105889.35,112300.06,106736.71,111447.9,107055.55,117833.02,110633.43,115090.18,116572.14,116636.71
357600,74075.77,71860.51,78884.15,75140.62,68644.69,76289.63,73580.06,71997.62,80716.77,78546.45,76557.88,72121.96,75216.37,69357.3,71877.1,77659.47,75345.37,76009.1,76837.59,70180.5,70644.12,82191.37,73828.78,80342.03
358611,114409.75,102436.76,114343.92,111466.0,100396.82,102434.25,108823.42,120531.5,107310.46,114292.61,123684.87,111562.79,105843.8,102913.1,115187.58,109801.21,116846.72,117373.8,111828.51,106633.38,119776.41,109006.6,105344.09,118308.35
359623,133800.56,145547.64,129484.3,133864.62,145499.85,134562.02,128344.9,132540.49,131394.02,138346.45,139103.01,143649.33,137475.56,145965.89,138912.18,139498.36,141973.6,131220.34,137143.2,121434.44,136812.68,133031.98,137203.85,134454.64
360681,236956.93,215629.9,232700.42,215678.17,221163.78,213526.11,234470.45,227764.51,232633.87,204884.93,224479.33,232500.31,207152.93,215730.01,220532.56,234848.36,234208.93,213513.78,219854.77,237438.76,231272.9,228986.58,222641.31,218766.79
361682,180220.32,189982.27,180568.13,176656.45,194267.07,181044.48,182806.78,192870.49,185266.71,199356.01,175386.42,179433.66,173873.24,163859.01,170132.34,187728.94,180423.09,152280.56,187422.02,175857.05,176693.43,174342.12,179731.35,165783.65
362691,168266.51,175378.2,172965.62,170369.51,187449.82,176759.06,161850.39,171191.8,174482.26,173838.16,185908.97,166559.65,163523.5,171751.87,155255.76,168469.08,187091.74,161394.99,171617.02,160644.24,170699.33,161567.37,176441.94,169374.2
363692,115823.49,120111.6,109916.58,106166.2,111146.38,112835.24,114947.03,113941.0,109503.77,120854.04,105305.75,98251.26,115286.03,113651.46,113326.15,114287.03,104553.08,107241.6,108389.77,103338.57,113230.78,121566.49,102915.66,112084.02
364693,189177.41,194224.25,184745.64,184022.89,173373.31,179726.56,193630.13,171738.98,196556.03,192527.0,198836.23,185320.32,187114.34,175031.65,174955.6,181371.41,196604.11,200513.68,187768.08,181431.69,184102.73,189931.53,185034.97,192111.03
365694,171203.77,160043.38,174608.43,189312.1,187775.26,165096.98,172859.04,180190.24,188650.2,162944.99,176378.77,158658.37,165052.71,183364.35,182976.42,186746.46,163233.76,172330.28,176904.8,177956.31,172142.5,163119.04,171404.51,157484.9
366703,172476.3,166965.45,170746.61,192456.89,181291.42,171849.6,167998.32,184293.25,175769.36,169202.22,170939.96,189539.35,191788.19,167567.76,170454.15,180178.39,164107.9,186236.15,168739.85,181047.61,177664.56,174064.47,186505.6,179352.11
367720,124593.04,132109.02,135945.71,138873.2,139282.36,134215.05,132611.12,131137.13,137834.09,138230.06,131949.61,143342.31,134564.24,140886.49,129362.86,138096.58,135102.56,127869.9,135745.62,130353.9,149837.54,126449.19,135597.99,126970.3
368729,99867.86,105017.77,100134.19,100278.73,100524.32,90363.71,91232.98,104326.51,98406.3,108975.1,101589.05,92892.52,99861.6,103461.3,103154.95,109300.51,96670.58,93549.79,100875.74,99303.73,99160.54,93259.82,99743.53,94874.26
369730,101794.84,104287.2,102668.3,104979.39,95048.3,101840.14,93798.71,105139.33,101203.36,107221.66,104618.12,106411.03,105502.12,95780.43,109251.81,98438.58,109384.5,101745.63,110395.83,104941.46,100850.64,103455.7,107524.06,117212.38
370742,94235.34,104175.77,97997.44,107480.4,102768.56,101472.42,107954.99,95047.46,101332.99,95831.61,104620.71,98153.28,108217.28,110036.33,111596.54,109165.62,100855.37,101391.58,106101.62,113515.7,104891.19,101995.58,105511.75,105406.72
371749,84325.21,87708.74,86894.91,90913.81,83178.84,85518.48,83856.89,79342.46,82418.82,85353.37,82944.21,89609.69,87115.64,79853.27,74307.76,82047.59,78545.79,84814.33,91260.68,82463.81,84362.4,84742.97,93658.63,83016.47
372750,111692.11,108424.19,106360.43,112070.35,107269.42,101344.28,96837.49,102027.02,112836.72,114704.55,108549.4,105059.7,100526.23,105733.97,108252.74,105987.89,112832.06,107955.24,102455.14,106547.12,106068.81,108937.4,103085.44,105501.47
373751,23767.96,25905.17,23811.5,26972.74,23468.56,23986.05,26489.93,24663.31,24644.27,23445.99,27614.26,24114.33,25395.76,26197.61,24827.1,24761.49,27113.4,24747.09,24801.5,25578.82,24696.23,23823.44,25646.2,24738.0
375240,207830.55,211635.54,199373.76,197738.53,196630.29,207677.69,218247.65,211586.67,217749.26,204876.24,201614.15,207554.95,198511.91,202491.45,196985.86,209396.12,202332.88,183331.95,197231.92,201243.29,224327.65,226945.06,197933.89,206048.85
376271,141409.71,143062.6,141082.66,138522.31,156556.09,164481.25,151960.67,155524.58,160644.31,155971.3,152006.07,158710.93,151276.06,137216.08,150358.57,155222.73,139719.6,151280.77,165005.01,146775.27,165685.79,158896.65,156231.98,143992.93
377279,120242.48,131720.17,114342.55,133793.47,118847.9,137027.89,119049.22,130428.73,126888.26,118783.14,128238.81,118693.35,128028.65,119767.97,131725.91,132257.17,122965.32,121972.63,127798.12,126275.49,130916.65,133403.97,126006.12,126499.72
378359,201686.89,212640.32,220407.72,219491.09,208686.84,205178.6,223593.57,221333.83,196743.37,244746.15,225818.58,217518.62,238110.19,241030.06,211852.73,234945.01,245325.56,230666.47,226209.43,201137.51,207778.79,199178.84,222178.9,217878.17
379360,150570.96,157244.64,154371.18,179328.73,162157.73,163125.4,169800.17,153983.64,161316.07,161597.35,172361.51,161523.28,153641.08,154067.77,153329.0,154000.86,140831.85,153119.73,155854.62,162387.18,158163.67,138256.62,157061.48,156716.47
380370,169299.97,185410.26,180056.25,170803.78,187727.52,169214.32,181632.83,176487.06,169808.73,187161.6,184816.98,177544.19,189878.53,175012.63,167791.43,173858.9,196547.19,172577.34,189947.75,167781.53,192554.61,181123.81,177053.54,164993.8
381371,138675.23,130124.08,147488.9,146250.69,139690.78,140805.84,141903.15,135667.72,128343.41,133788.83,139671.15,138010.55,157184.37,148738.43,125563.01,147196.75,135905.32,147642.44,143960.0,133921.58,135003.35,142154.6,141936.11,132318.16
382372,32719.35,31309.28,35359.59,29748.52,31540.97,30812.16,32002.78,31963.85,29349.48,29746.26,30012.79,31512.59,32316.59,28354.82,29034.06,31356.1,31683.84,27988.42,31071.71,31465.92,35525.41,32465.6,30959.34,29988.8
384050,172276.92,164572.95,195570.25,165772.51,180225.54,184130.38,182807.51,164352.59,179882.74,161131.62,176500.56,193654.82,172559.21,196144.35,174510.96,180438.66,183315.32,174387.43,177261.05,176343.37,176260.83,168196.22,170018.47,171875.4
385090,112453.04,119095.9,114579.82,108980.2,124790.87,121611.81,126753.55,115704.83,113812.32,117564.12,114631.4,123849.54,116149.85,116135.18,125944.02,115436.8,113890.25,120259.28,128551.1,115308.53,119600.02,116613.38,121987.06,112691.55
386091,138423.56,135460.97,137336.81,134915.36,150276.24,146641.39,141446.31,148701.36,132951.86,135734.56,144694.99,146918.6,132196.32,132066.36,126012.84,147197.39,135997.78,155488.6,128460.81,122821.0,138359.16,147174.52,137884.34,132597.23
387092,135475.16,136698.04,133746.51,131568.3,134407.49,133584.49,130065.08,125241.36,131588.81,141741.39,139157.63,134641.12,132450.15,127726.57,125100.4,124682.67,131836.08,130075.27,136472.47,129646.88,129151.78,139106.12,140661.64,136030.96
388099,163424.05,163758.25,159770.49,157046.62,150745.13,162683.59,171052.42,160887.25,160660.78,164977.51,154319.71,156672.66,163126.85,165982.65,155998.43,169989.55,172946.88,170406.43,153592.94,156666.34,154301.47,164846.42,168274.7,154845.66
389103,44840.47,38376.66,40320.82,40932.39,40687.15,36423.44,37394.54,40298.5,37892.07,39994.46,38181.82,40245.77,43092.42,39300.27,41075.42,39088.98,41238.21,38106.4,39872.76,43153.24,41557.29,40343.01,39650.87,42808.36
390109,101502.15,102969.14,103805.39,108194.41,104186.61,104532.1,109215.76,105135.9,107542.09,106794.85,99294.23,103788.35,102037.79,100770.34,104334.84,102080.0,103040.76,108553.24,108891.01,109775.92,113089.66,113168.49,119496.72,101883.74
391119,88068.9,97525.16,92254.27,99741.51,94302.81,95748.13,97938.55,97363.45,106092.41,88742.45,102169.28,96924.7,101119.74,86964.9,99010.54,96650.04,97845.22,104453.27,93959.69,91864.37,97597.24,97650.76,90331.37,105155.46
392120,129459.66,135512.58,124632.63,129537.14,126661.62,123643.66,126321.05,132939.38,126725.15,122112.25,131270.29,122949.16,127765.65,132893.99,120509.45,120577.75,141263.21,134992.24,120317.95,126344.38,131095.93,130719.13,127768.5,132174.35
393121,111420.3,110592.82,116170.49,114819.25,112503.48,109393.93,121707.69,116276.36,116991.2,114019.43,114591.47,120738.63,119443.8,121909.68,112916.14,122310.67,107207.3,116879.01,110132.3,122678.22,114702.38,115220.51,121360.81,104591.82
394140,48847.01,49874.4,47878.92,49057.69,44732.15,52794.69,48481.75,55028.24,47270.42,53344.06,47728.17,43913.04,48280.0,52657.54,50693.12,47571.21,49861.95,49908.11,52811.7,49894.52,50176.77,54880.8,48550.8,48024.69
395159,38609.7,38441.19,40663.39,37757.44,40212.29,40029.11,38017.97,38602.84,40616.41,34157.18,39860.0,37136.81,39905.27,37078.69,41243.38,40161.91,38753.0,37222.9,38400.17,41788.84,36683.79,38437.78,35813.27,40678.13
396169,29126.92,28511.15,29124.64,29372.73,30122.79,28309.26,31829.32,30609.84,28089.54,27287.75,29895.86,28959.31,31661.41,32865.63,30905.99,30600.64,31829.4,30362.52,27927.18,28536.32,31752.23,30449.98,31833.92,30202.59
397188,39458.56,43233.92,41491.93,42289.88,39246.69,39756.92,44427.94,39589.99,43873.79,41736.64,38192.17,41059.7,43562.05,40608.62,39550.74,46023.28,43657.01,40440.26,41349.1,40330.59,43104.57,44669.56,40368.14,42057.1
398218,45472.68,48166.22,45436.76,45109.56,40919.0,46501.46,49190.04,45918.53,46330.21,44725.43,43629.13,42476.83,44197.04,44941.72,45477.96,45947.23,46019.93,46185.14,45862.5,47320.55,44610.16,43341.06,45242.43,41927.03
399222,40249.36,36711.5,39366.85,37363.27,40531.77,42946.19,37214.11,37748.54,37944.37,36221.93,39661.6,37162.94,35938.95,36182.13,39464.14,35750.44,39786.74,36719.78,40097.73,38649.05,38426.23,39971.01,39084.27,41150.86
400228,17869.05,18002.64,18304.53,19377.35,17237.94,17824.47,17597.96,18703.54,19023.1,16948.77,18259.25,18862.53,17897.29,18625.38,19167.82,17981.76,17888.86,20663.98,18122.47,15952.72,17977.16,17546.63,18244.09,18546.02
401288,4622.95,4336.33,4868.77,4777.81,4681.25,4297.06,4691.91,4428.78,4145.59,4526.25,4585.54,4572.03,4363.67,4750.0,4859.43,4643.25,4428.45,4466.14,4943.6,4926.71,4931.48,4535.23,4764.77,4310.03
402319,48581.16,39611.36,48967.37,45589.33,44471.77,49002.33,49535.32,50521.89,48613.75,48431.27,46642.78,48280.18,49774.19,49633.56,45015.58,46705.91,49221.81,47022.15,45001.03,45129.44,46337.41,48453.37,42505.34,44365.72
403320,76439.77,74856.14,68814.15,70487.98,72577.84,69553.68,67472.1,66530.39,69083.6,69245.22,67745.78,78271.29,73919.92,76093.78,67338.93,67243.28,69564.28,72311.96,73672.21,75605.52,70767.96,69039.84,71110.72,74374.3
404329,57179.53,67164.96,62882.89,68078.84,66054.26,65170.75,62400.54,66206.18,66290.96,62007.09,62304.02,71426.59,62367.38,66049.39,57893.01,64498.02,59306.86,63314.14,71292.57,66607.34,69660.01,72454.12,58592.03,63304.74
405440,87631.18,88380.75,88709.96,78394.93,80188.96,83195.34,86338.11,84954.28,85015.17,73206.52,87106.73,80716.33,85629.58,82293.08,79907.12,88307.43,78107.42,92233.95,90092.21,81476.71,87299.43,82383.31,79042.44,79437.75
406448,72586.61,75291.25,80408.02,80310.02,79314.05,72937.87,80872.59,81433.97,79902.3,82438.52,81751.05,74236.2,79848.21,71050.6,70164.23,72930.37,71492.87,78337.52,75114.48,72803.97,81575.61,81175.98,78648.34,81209.67
407449,75218.73,74872.13,68948.49,77923.54,72359.89,72277.38,76479.38,70078.19,70667.11,71792.28,77720.26,73026.79,69742.35,77339.71,80157.87,72346.19,65438.77,74183.1,73632.71,77785.47,75023.97,71894.32,77992.95,71636.15
408450,112787.02,107942.47,113869.58,114753.36,108759.89,123822.11,112944.87,113552.84,109378.89,110850.53,108008.47,111669.91,119515.59,113068.3,110232.79,117457.16,113902.46,114108.84,116659.27,110188.08,114324.83,107654.72,111495.25,114178.66
409451,73552.57,75633.6,71399.23,71074.09,76810.31,74668.69,71895.37,78358.04,71213.88,74682.29,75293.65,69759.45,68552.88,72672.08,74113.67,72817.65,73234.45,74538.73,75672.15,74504.81,69184.08,81264.43,72623.52,72208.59
410548,83516.51,82021.19,87737.59,80878.13,74269.09,81794.09,79301.49,83616.22,84671.87,76813.62,84856.14,81658.65,80879.51,81890.87,78151.77,73350.89,89074.6,82554.51,78404.49,82886.36,79438.42,87888.78,83488.12,75148.61
411549,34813.44,31780.92,34026.87,33702.07,32554.53,30522.24,35360.83,34756.04,33044.59,29036.61,34484.4,28255.34,31996.5,32513.89,34807.55,31679.19,34333.04,32625.59,30905.45,32968.77,30890.03,31253.96,32645.59,33540.32
414359,272516.72,263242.31,276872.97,286043.61,252526.23,263236.61,262500.98,283650.27,266269.87,271759.02,287219.39,284304.63,285092.43,281639.62,262637.63,264440.31,240388.02,267829.42,266524.89,265841.24,255598.44,255992.6,264916.47,282772.35
415369,87482.06,84125.24,88956.59,90166.34,83116.75,79354.24,77544.26,82252.56,75913.87,81593.61,84370.39,86863.65,88270.47,83563.62,77804.25,81033.72,85917.78,81652.78,89207.32,80145.87,90923.01,77186.32,87737.83,88373.55
416378,121633.28,115689.66,115853.48,128840.69,112115.22,113130.88,114969.45,120158.19,120918.71,116290.08,121063.62,112970.51,109660.5,118114.72,121420.89,118001.72,120981.87,109233.18,122238.88,112929.56,126867.74,120444.93,131346.14,113115.31
417380,103806.91,97915.35,110171.53,94020.76,103248.31,99748.98,94265.21,104826.22,106386.76,101249.29,94822.98,109744.84,107042.3,105114.04,101249.21,100940.03,99329.15,100896.12,103194.19,103711.07,106878.44,100676.42,97272.09,100520.95
418388,110767.89,106402.09,99215.49,108290.11,113175.61,106527.5,106965.03,111380.15,120587.73,103060.93,109105.8,110475.64,105938.69,105729.51,118894.95,112197.15,105831.69,101878.45,94545.23,110833.25,107425.83,108608.06,108853.57,108910.04
419389,658.08,599.9,708.94,671.18,700.46,666.41,635.44,698.32,697.86,671.08,715.54,649.41,686.16,711.77,582.35,696.52,675.92,731.9,701.49,648.61,662.17,719.72,701.47,694.33
427477,24460.12,25291.12,23517.58,24642.47,24170.18,24206.25,23842.05,22968.16,25282.58,25453.53,24672.0,25313.14,22892.11,25127.96,26613.71,23642.28,22615.61,23868.96,23082.04,22670.39,24227.15,23111.19,24909.89,25296.95
429160,96479.08,106350.86,95463.4,97982.58,92952.67,103386.32,103163.23,97094.98,95937.9,97554.35,111096.29,103738.49,104611.57,100924.73,104646.34,98292.54,110092.6,104908.39,94465.02,104783.15,99584.08,102294.36,102093.99,110099.05
430162,175235.03,163324.94,171663.3,171582.39,174994.31,184064.1,176924.44,171984.4,165129.11,180097.1,165038.23,173768.1,169569.24,171299.93,174613.83,175341.17,176173.35,176054.42,187699.39,173664.65,174748.53,164639.66,176692.02,173961.52
431163,200037.74,215305.14,218027.66,186230.1,216880.08,208906.24,204796.05,212505.43,218437.34,195868.37,193592.13,201470.61,195507.38,207563.67,206783.27,190223.21,200145.93,206449.45,192862.96,191465.06,207319.5,192923.12,206196.64,210906.95
432210,219702.8,223230.2,205471.23,231130.26,205632.54,216690.09,221265.9,217748.28,205959.62,219031.79,211371.68,234110.96,217163.77,224188.63,221369.24,203902.16,215936.97,205475.68,215748.0,207387.95,211264.56,218398.13,199071.24,209899.64
433225,133387.35,139138.22,135460.41,156009.66,130406.7,134049.68,137444.56,141438.8,139434.71,122999.47,139098.25,138750.1,139364.37,142163.68,143159.28,126345.45,134029.45,135504.93,147813.72,135505.16,141807.41,145579.98,152809.82,133177.98
434330,213115.78,213010.99,206560.27,193583.14,196346.92,206551.88,202637.75,200864.34,215737.67,211420.29,218017.37,225658.89,222147.84,218901.64,208864.61,228872.51,218001.57,221034.59,234587.56,214929.68,188926.74,218066.27,209123.04,200248.83
435331,147479.63,138314.71,137085.77,128027.92,133382.13,141252.06,146684.45,135518.48,131155.65,140371.03,143893.94,131852.66,126140.12,125823.76,138904.08,132540.89,149890.02,141848.81,139041.24,133184.22,130710.71,138861.35,141915.27,143949.17
436592,205012.29,194974.31,216947.03,180817.5,174922.92,198911.15,194532.45,189737.57,182789.84,201347.26,188354.04,196351.58,201301.09,200416.08,196418.16,178947.48,202270.98,195161.14,186669.49,178756.39,190967.18,189215.31,196795.07,205332.03
437593,248812.87,245180.02,248089.4,266406.15,244229.68,232392.68,255814.81,264779.4,235269.44,259870.77,265221.24,277263.78,236232.27,225465.13,243747.29,252014.09,246333.94,243474.98,230233.38,237239.14,262722.15,242266.85,249552.91,252021.76
438599,211546.37,206811.44,198493.67,203739.23,202798.59,194763.29,194766.99,208166.8,214996.72,192467.32,187050.58,193991.07,189119.45,192178.07,202866.78,175531.15,206386.92,197619.16,198715.58,192003.17,199761.36,202849.61,206427.58,193426.76
439600,200629.75,206314.02,205542.34,200330.71,197941.99,209450.6,205207.39,200689.21,185941.84,190444.55,193305.76,199526.45,218727.81,214484.09,202858.9,182976.95,206273.56,192789.11,200920.7,204314.03,193348.4,199877.42,187411.27,194816.2
440601,241898.44,228342.59,253923.46,222078.63,229445.2,267408.79,254410.41,253953.25,263630.84,229395.8,229877.41,248333.38,244888.77,232492.16,227268.64,238999.93,254254.32,238206.07,237879.65,233707.27,237720.16,231374.99,224768.93,243024.54
441610,204140.76,207095.21,201458.15,181309.57,201155.57,204542.51,198449.01,191767.24,216164.51,192953.34,195722.68,212362.69,202931.07,193346.59,198003.43,195045.95,196343.94,190332.11,210800.15,212080.58,198015.58,200234.47,191029.57,201788.34
442620,193100.26,198661.14,202687.42,195914.58,198835.54,176158.09,176020.45,200990.57,189927.47,208968.74,192793.58,187874.69,205779.57,194454.28,207197.1,202410.11,198829.58,194067.76,202323.69,221678.61,194919.19,189969.22,185591.77,197036.26
443621,210993.54,207878.77,222277.09,218700.33,194214.41,197733.18,204427.58,213287.12,196523.34,218205.46,203831.1,203317.7,202714.63,211035.58,222483.01,208214.1,200035.41,215819.44,214974.21,200440.73,208444.7,216158.26,196968.88,202333.39
444799,30324.62,30271.28,30973.95,31777.95,35379.13,30065.08,29500.38,29251.12,31339.96,28817.92,31831.89,33855.47,30057.1,29910.52,32727.69,30811.71,30452.02,32197.64,30947.96,34367.53,35281.78,28481.09,28758.62,27714.95
