0,72310.88,77016.13,77858.56,73307.77,72767.95,71779.08,72612.75,74365.1,71319.48,79045.68,79198.38,69345.28,76092.98,76747.32,72526.08,72019.28,71713.56,81218.47,77535.88,74369.79,67923.79,76484.83,74695.15,70823.56
1001,72656.41,75356.47,78398.93,81247.56,76282.38,74333.32,74225.76,79623.2,81030.45,74667.9,85284.48,82284.24,80178.91,72865.54,79773.01,80291.2,77003.57,73312.23,76755.27,76058.33,76378.05,75243.33,80138.34,86239.45
2319,19474.19,18615.26,20535.46,17560.52,18752.95,18583.11,17258.13,18993.43,19265.65,17689.29,18120.81,19505.82,19309.47,19020.49,17500.29,20342.97,19811.1,18049.36,19415.35,17553.78,18821.74,17277.34,19063.26,17268.74
3549,20858.6,22003.37,19952.07,21919.31,20266.91,18687.03,18745.33,19684.33,21455.77,21794.18,21444.02,22619.95,21242.08,21105.69,22956.98,22327.13,22310.87,22039.91,21708.95,21283.97,22127.54,21988.17,21317.33,21143.79
4559,47286.7,46877.22,45305.06,49788.26,48932.16,42625.44,43325.64,39597.91,46151.29,45467.53,45058.09,46737.39,46574.48,43688.03,50694.36,49805.94,48673.47,47727.19,47864.31,44381.4,46404.04,48730.95,48590.48,46228.54
5739,39206.93,37971.03,42510.89,40145.18,36015.0,39230.23,43002.02,38366.07,42081.62,37068.99,38876.1,39027.3,36657.43,37734.32,37856.05,37193.98,41621.88,36382.36,39759.96,42604.04,40369.13,42339.16,39826.02,41872.17
6839,50376.55,50391.83,45706.34,45877.8,56038.61,51669.51,52165.77,52165.59,49037.22,47771.76,51996.65,51878.68,50395.42,53726.19,53605.58,52201.52,51495.76,53040.77,51013.07,47964.78,52215.0,46260.25,55241.58,55644.95
7849,36350.68,35323.35,36100.02,35705.71,35161.24,32263.47,38323.0,33978.9,35900.02,36257.92,36969.1,37053.74,34523.71,37363.73,35727.86,35366.52,32076.27,39362.21,36349.03,35680.64,40220.12,35528.61,34931.72,33734.75
8859,51967.04,52727.16,51778.78,51734.65,50880.33,56249.37,50092.18,50456.55,50604.75,52417.2,51365.08,51413.08,52354.32,53511.14,55859.12,52077.22,51480.87,52990.28,52618.8,60983.28,50128.71,52032.63,54394.71,52032.14
9860,42259.31,41728.12,40355.3,42293.44,40298.45,46398.23,42505.25,42684.53,45769.82,41428.18,41261.82,44369.05,42476.39,42382.36,43545.38,42991.31,44585.98,43370.3,44292.28,42118.43,42879.54,39261.93,45397.9,40402.26
10979,72582.38,74213.54,74518.34,75075.82,76228.86,67224.32,78006.66,72407.77,70391.08,73844.49,70889.84,74155.44,78392.36,82618.14,75056.23,72179.97,77147.23,72569.31,77595.03,77700.8,77438.8,76177.13,79668.88,75504.41
11989,54660.81,57059.77,49841.05,54049.25,56717.71,56200.28,58675.25,55564.49,55446.95,57948.15,56031.06,55340.11,56689.38,52713.99,54817.56,58410.18,59845.34,53562.31,58017.2,51615.14,53237.32,53203.32,55721.7,56578.29
12999,77227.2,77688.32,73553.67,80596.47,81419.34,79344.44,83845.56,87506.2,89671.12,76672.7,78217.87,81233.79,80740.33,75947.64,77307.11,83884.0,82001.67,77305.6,79821.88,78798.12,70327.49,82038.97,85467.8,83716.37
14019,71787.62,86116.56,79401.08,76511.01,73001.25,73048.09,73134.84,73743.44,76012.37,74263.01,80026.0,75523.67,82552.72,76414.84,75175.32,73404.0,77902.32,77895.26,78963.24,82035.26,70890.01,79090.61,76094.42,79042.65
15020,58960.2,59027.54,59445.86,60617.8,56397.39,62237.99,65871.87,64097.27,65682.98,63119.81,66756.05,65844.18,64175.45,63215.72,61626.18,60667.75,65699.39,66129.83,65048.67,63455.9,57656.77,60405.58,64914.85,63647.1
16149,75353.63,78000.84,79688.69,77139.39,77792.05,76590.37,77116.25,71423.1,73011.29,71605.91,83252.8,78602.74,76897.56,77270.71,76586.71,73621.85,71663.88,79835.66,76210.25,75894.41,83233.13,73022.7,76568.19,75622.24
17150,81118.4,83075.73,79769.65,88980.39,80897.25,87618.81,84343.74,81815.97,84284.48,82630.53,75721.42,82592.33,77626.12,78368.58,79867.8,87321.74,74919.85,86340.71,83495.19,75490.18,86543.94,85996.96,87736.73,81626.35
18160,73369.17,83152.25,81475.15,82187.89,83478.0,81519.08,87289.34,79588.49,79354.91,78867.95,78448.68,86753.31,81085.57,87483.87,88286.68,75739.88,75102.47,79901.01,81402.33,86882.49,86370.4,83632.93,85372.13,84984.09
19169,83951.34,88366.76,73440.56,83100.67,78945.0,81995.61,82717.01,77810.3,81437.75,79650.95,79635.88,86136.27,76614.43,86912.34,86104.43,87480.1,79863.64,85340.49,81394.63,81296.86,88858.14,83193.66,82013.45,77450.53
20180,68819.22,70838.91,72872.48,70457.49,69742.93,73099.21,74663.68,66232.13,64778.45,70101.08,69488.03,62530.79,67437.0,69277.53,67188.44,66602.35,68893.81,75226.76,65321.05,69763.37,64900.29,68535.2,70282.8,65645.79
21189,57538.97,61685.18,61552.11,55366.28,56616.76,61459.44,62339.77,58298.41,53360.5,62426.35,69543.71,61583.68,61096.28,59347.49,58603.02,58595.79,63639.9,59778.87,59980.75,62921.68,59552.53,62684.51,60279.53,53840.1
22359,73251.03,68290.44,67082.6,68644.38,68409.47,72071.78,73433.48,68699.08,69279.35,73673.24,72540.4,72976.11,77619.07,66922.91,72251.21,69851.75,69780.76,72173.07,68810.64,72828.2,70264.23,71186.62,65147.75,72505.08
23379,76047.16,74111.91,69405.76,75836.71,67066.34,73396.46,69208.78,77927.84,75542.78,77566.59,73441.92,75798.69,66952.39,64491.31,69550.02,72312.84,75097.16,73175.72,72932.81,77289.17,66998.19,70793.76,73001.45,72194.76
24389,68904.53,76741.67,71597.59,71690.31,64642.41,72145.0,79780.74,68815.59,70624.01,65270.58,69260.99,69752.53,71898.05,75311.05,65995.44,65517.95,70490.78,69808.44,77696.98,68598.52,65929.45,68802.03,75350.83,69355.95
25400,47304.96,46438.4,43957.9,46890.19,47615.07,48085.26,47303.82,46299.57,44761.35,45611.57,46478.8,45067.03,47089.64,47029.43,44963.98,48793.61,44455.71,50702.05,43446.93,46519.28,47869.43,48545.68,46169.79,47405.12
26440,37589.99,39183.89,37369.87,37108.67,39264.83,38598.5,36076.48,35855.22,41631.01,39509.72,38375.4,38205.39,39607.61,35204.69,34981.02,36668.42,36649.17,36432.12,36700.49,39412.41,35767.68,39101.45,40335.57,36614.97
27460,64809.41,66263.36,64699.79,62946.52,66686.3,65225.84,65166.45,65446.58,69056.85,70002.21,66679.16,70523.33,71564.59,68707.44,66447.66,66476.57,66262.83,60147.69,66502.86,72455.43,61751.48,63532.14,64260.32,62868.5
28490,47916.27,52659.62,48538.33,52061.93,52274.27,54888.98,44765.45,55370.98,54283.35,50529.69,49242.55,50256.0,48689.03,51156.91,50173.48,51344.74,46967.27,52209.32,49933.86,50750.01,52793.08,51089.75,54042.08,48642.93
29491,53721.08,53688.48,56127.13,57828.02,63730.73,57410.84,59316.3,54613.54,60587.5,58805.26,58753.95,62388.64,57660.57,54710.9,62478.14,62459.47,61552.62,60170.07,62386.17,62594.63,56077.29,60472.96,54027.08,59290.08
30648,75203.77,72552.79,73427.58,72104.43,73107.93,74163.92,71343.41,74595.8,71852.83,72167.27,76095.39,70335.84,74359.19,74120.73,71326.11,75533.35,68788.6,68972.23,70406.82,75924.75,79385.44,74106.08,74098.9,70859.58
31659,68281.7,55941.47,62840.98,62806.84,62447.34,62766.5,63498.92,62133.52,61868.39,58564.86,63602.22,64057.33,51015.57,60190.26,58756.46,59133.59,59449.46,68025.79,60969.67,56208.78,67409.88,55134.09,60649.32,59283.68
32669,69582.43,68774.67,68811.12,67912.97,61818.81,68041.99,68828.34,68916.98,65188.51,66871.8,65619.66,59574.46,70410.65,68614.84,66566.93,63005.32,61179.73,71610.71,65273.0,68700.64,64709.14,61974.2,64535.32,65944.48
33678,71239.86,73022.71,74130.91,75458.93,75311.63,76667.37,70275.67,74670.58,71828.94,72169.93,76069.8,73971.36,77746.19,77652.84,74583.35,73948.94,74817.45,73253.91,73061.8,77661.63,74980.6,74828.44,69137.18,68266.5
34718,76465.96,79988.52,74164.21,83533.7,78605.63,79996.71,78138.23,85073.5,82854.79,80945.08,79634.7,79799.61,70408.59,78840.82,80286.44,78704.86,78936.71,75612.86,75001.75,80777.69,75073.43,76619.64,79240.19,77954.9
35908,89428.96,87135.42,86760.69,89122.46,86918.15,76565.77,80263.09,84008.6,89072.96,87814.49,87746.43,88340.69,87356.37,76263.46,80585.24,86326.16,84419.23,83244.17,81519.4,81651.34,83633.45,79521.72,88594.69,81960.16
37011,82355.27,78104.73,72580.31,80189.42,83613.7,83092.41,73273.1,78742.05,82355.11,75908.22,81135.79,85016.24,77686.76,81155.87,85237.89,77675.71,88560.52,79793.17,76427.76,81483.63,79443.47,88619.68,77307.48,76835.38
38169,87284.0,82316.43,83213.52,79686.96,82384.69,78546.19,84862.47,77018.31,91081.19,83206.19,81572.13,79626.05,73133.37,89951.37,90005.88,74556.78,82250.23,82482.7,83236.09,74167.15,77431.86,90383.99,89145.11,76487.62
39338,73201.4,78439.52,77211.7,78703.91,87931.58,83043.09,73567.48,82144.72,79855.14,82187.12,88805.76,76548.6,85768.06,77655.39,80159.48,81100.41,85912.98,78596.87,81202.08,75324.83,81265.11,73791.89,81433.91,78507.84
40339,75577.22,78267.86,76833.34,79121.94,74693.32,87065.09,70011.06,81849.88,74350.93,77876.1,69289.59,79908.63,77961.01,74114.29,80004.94,81310.18,82401.74,76936.48,74697.53,72310.21,80945.78,75455.16,74416.81,75328.78
41369,83224.43,85096.86,79885.27,78644.1,87423.11,82953.19,81898.93,83367.28,92706.58,85095.1,80870.36,84391.17,91352.26,84989.92,88280.28,83242.17,85732.31,85605.05,77205.93,78885.38,85855.19,80589.12,94165.46,88401.4
42371,80317.25,73968.75,78516.22,72564.65,90439.38,85943.09,82736.95,81420.78,79462.18,79323.46,88471.85,76367.76,74046.66,82257.03,76886.7,81656.0,85025.24,79332.14,73249.24,83533.04,85230.32,74548.25,82841.31,89451.35
43379,68523.31,72955.99,68684.28,75070.41,67994.73,73817.54,64589.45,68686.71,67385.41,80404.72,74916.35,67081.18,70064.76,75129.28,69350.5,73988.97,76486.71,66803.13,66877.26,68531.88,64740.78,65347.73,76034.45,64592.19
44389,82194.51,77709.5,85832.86,88967.96,78755.62,81201.01,79865.58,87773.73,80863.07,81689.11,87578.41,89218.14,79935.09,94277.76,84353.88,90324.24,81376.5,81028.43,81109.94,82429.94,85849.55,78314.6,79147.18,79476.83
45468,77536.67,78491.84,82485.34,72208.52,79574.51,71969.44,74270.09,78888.11,74743.64,71395.66,80940.08,79168.53,73093.46,73761.75,72488.73,76644.98,76861.73,72827.67,80342.02,76187.47,78158.99,75818.59,76828.95,75495.12
46469,83705.07,75902.63,80876.58,85378.71,81464.93,85810.6,83278.69,77793.08,79254.41,85714.39,80222.62,85789.65,84487.88,81447.09,83981.42,83153.12,90067.4,76803.87,84643.28,82952.21,88993.03,94288.7,85326.21,84653.2
47478,68886.51,74770.76,71898.51,71409.82,69201.86,66696.38,66648.17,66327.17,71066.31,67265.84,61631.95,72225.47,75929.88,71397.01,65854.53,58980.97,74867.76,64294.99,71199.62,66287.44,66537.97,74092.82,73523.55,78781.83
48479,99348.13,100793.15,97106.81,95972.43,96088.69,96224.65,95788.83,93768.08,93347.58,95970.34,106354.35,92587.81,95779.73,101590.48,99635.01,106548.44,102882.39,102782.66,103260.39,103647.11,90904.78,99921.71,101340.84,97221.06
49480,47098.4,49329.16,49187.15,44636.92,47951.6,43547.74,46764.27,45286.4,44173.47,49670.4,42506.38,46891.23,45942.63,49160.47,49553.48,46306.89,46618.55,47645.65,47197.22,48001.22,49586.42,44191.23,46896.04,47461.37
50488,7812.57,8764.62,8445.49,8453.84,8377.04,8084.47,8162.03,7981.21,8065.89,8219.7,7892.44,7899.6,8582.57,8341.76,8764.49,7729.05,8097.75,8425.82,8526.45,8749.9,8415.35,8063.5,8233.59,8167.87
51669,87516.29,74844.16,79928.32,81895.07,80118.13,83600.56,87128.3,76558.73,79906.13,79450.13,79582.76,76261.72,83266.15,90772.35,81939.97,75915.06,80521.59,88129.5,81510.98,76940.88,86927.82,79870.68,80211.94,78108.74
52808,47060.98,48789.39,42075.25,43123.3,47826.12,47940.94,48567.85,48805.85,45362.43,49968.64,41676.77,45035.01,45828.4,47975.98,46635.02,42737.73,43540.81,49551.87,48779.08,46647.07,48050.79,44656.13,38148.94,45973.99
53809,100331.44,95456.18,89424.76,94062.7,94425.98,92308.05,82937.32,96901.03,92016.58,92751.02,78200.52,93033.56,99675.83,92609.3,98730.06,92425.93,94436.53,88659.68,96609.22,90997.46,95171.42,91787.31,92523.35,94781.9
54819,110864.66,93299.51,102982.87,100931.54,100232.13,104498.95,100254.74,103147.38,102046.51,101014.25,108033.75,108161.28,99025.06,106792.16,97018.82,102000.87,101911.44,99873.28,98544.76,90623.76,103262.47,110111.86,105498.36,104943.67
56008,116756.48,123989.25,111172.85,125715.83,121916.73,121888.85,128657.77,114232.19,114117.44,121044.35,125498.68,122047.79,119857.45,121408.44,116892.17,136696.72,122193.04,120022.81,119182.83,108738.29,122321.53,107798.3,112785.6,121202.18
57012,129701.59,128495.18,126882.37,143439.42,135692.54,132192.19,129093.87,117473.35,108331.17,131903.78,127933.1,134092.61,129146.55,133873.98,134124.68,127333.23,134110.75,127229.2,130194.79,126642.04,122864.21,126186.09,122301.78,130588.6
58019,130810.83,124870.4,134116.79,117878.32,122609.05,121613.49,121658.99,129378.35,121982.08,135354.84,128971.17,127131.77,128763.34,131410.82,142643.61,132544.33,123019.97,128737.53,132461.72,118776.29,121709.65,128359.71,127744.46,137553.0
59029,95500.94,95477.96,98992.52,96842.74,97604.54,101413.87,88947.69,89914.78,97269.31,99730.48,97802.37,92617.74,98203.24,95855.69,95080.68,83902.57,88541.94,92131.37,97240.13,95659.42,82452.84,94838.94,92477.19,99576.18
60199,114526.51,121635.52,124122.42,120358.63,120771.67,116321.34,122871.62,117327.36,126758.1,116739.44,120710.03,120140.33,133408.54,118440.65,120462.8,114002.0,132796.31,109964.73,112517.22,127214.62,116125.2,118450.52,111576.37,110389.39
61289,123719.83,129564.12,111773.41,120626.45,119594.52,125511.47,114055.03,119459.17,113944.96,122017.84,115938.45,130605.36,133563.21,115309.49,128125.64,125544.66,119019.03,120580.15,116896.01,118615.05,121479.18,114461.39,118907.41,124553.58
62339,132129.42,142975.72,125151.25,120970.32,132510.05,134566.45,133491.22,132142.09,142292.43,137527.56,133119.14,126277.19,138909.5,139664.68,129469.98,123353.79,136471.87,137896.9,145381.83,127613.34,133116.81,122469.61,145601.81,142876.29
63349,161365.68,154249.51,154877.5,150743.49,148327.88,156138.22,171845.27,153733.66,163557.3,152615.34,162578.26,148886.75,159911.71,144362.56,157396.08,141412.67,159708.87,158489.3,144989.79,148160.96,154559.22,140847.82,153288.42,155180.32
64358,136566.9,130389.47,136988.14,132691.63,136995.43,138782.91,139331.2,144419.51,128309.55,131179.43,135950.52,144777.97,130884.84,139452.86,132698.85,131098.26,135721.29,123504.65,123218.25,134098.86,123437.69,138155.65,138834.4,135455.21
65359,189492.47,195780.1,170874.08,191036.94,171565.28,181301.94,167736.68,178018.02,191676.05,186253.21,202255.68,179132.53,183005.14,196417.61,200974.48,182462.55,182050.01,187864.81,172819.09,179113.88,182778.2,173386.31,185808.15,175386.73
66368,145100.11,166847.47,153771.95,145440.16,148540.76,159058.05,142962.27,164015.61,162575.21,154396.24,169780.26,154824.27,145188.45,151247.09,149317.89,149854.56,152904.93,140343.86,162259.25,161878.71,147819.04,158347.87,146781.51,142448.21
67529,163358.89,160377.21,177329.45,165068.6,154275.81,171586.24,154962.27,176511.16,158753.53,182496.18,151161.56,171456.84,163543.74,170973.91,159763.88,161661.36,156957.42,168171.93,172031.7,165754.95,163694.3,159673.4,163029.09,164202.71
68539,135966.33,143467.66,143372.54,142406.03,126634.54,136520.55,142147.02,132682.06,127555.87,148197.96,136884.04,129501.03,138225.58,153397.23,139246.15,147420.91,132091.08,136684.15,148324.36,138603.6,146350.29,138518.75,138268.83,142407.12
69540,147507.05,143578.53,135213.0,145035.48,135760.58,134656.51,147329.13,137153.74,129043.91,155771.74,147308.6,136389.93,138429.66,151802.97,133838.47,143793.92,138693.12,142418.38,155612.48,131487.02,155335.13,141801.58,131714.98,138984.56
70541,131303.38,132435.0,133735.21,125369.27,129694.04,137798.08,144470.82,128303.2,128007.94,131575.26,136130.97,129235.76,132114.11,134359.74,132302.25,138572.48,147102.06,132212.49,139884.77,132033.67,128501.56,119684.38,128923.64,131467.52
71550,121428.36,105646.13,120947.6,109016.52,106802.95,113702.61,111733.9,111629.74,124731.92,118156.02,118145.08,110343.63,114870.56,109729.87,107734.99,106757.58,109789.73,123717.0,121018.12,107406.6,110775.09,106094.3,114738.71,104948.37
72551,107310.2,95048.13,106578.39,113919.58,98727.02,99707.32,98449.67,98892.88,115243.93,99220.06,109509.56,113091.33,93416.28,105463.25,107047.37,100226.25,100483.39,102419.11,110514.42,103947.17,107260.74,105951.16,104629.56,95730.76
73559,85738.94,99027.68,95264.59,93999.8,90222.63,94157.92,97349.52,92739.4,86931.96,94005.46,93904.53,91105.09,96153.72,96664.67,87994.02,94058.09,94394.67,87729.09,96596.16,92979.74,95247.19,87802.6,94892.37,99169.41
74560,75977.37,82448.26,83204.19,87907.84,78556.77,78800.63,83272.12,89430.77,84505.66,78218.58,75483.87,81915.27,81699.65,85842.46,73848.94,81534.05,85760.76,87140.3,88305.54,85967.52,76680.88,84808.74,82759.99,86742.29
75569,72348.65,75698.19,79938.95,81499.75,87546.3,78483.5,78075.17,77789.56,83825.6,83310.26,83021.46,81435.27,85194.34,83536.54,78524.95,81951.98,84169.0,80280.76,83710.81,83438.79,83528.92,85337.11,79255.2,79215.28
76579,107605.0,99116.96,108577.3,96886.59,103462.71,101250.53,105158.8,112069.42,101520.34,108614.27,107391.47,100619.22,103195.26,106704.53,102219.77,97985.48,107635.52,96280.87,111300.17,99088.97,104885.15,107171.59,103143.96,98310.44
77580,68549.06,66648.65,69012.41,66220.38,61941.1,68942.75,73734.33,70242.1,70138.83,60225.92,66399.18,68362.19,68235.24,72367.21,61777.8,65713.6,66143.88,68471.85,67610.8,70107.58,68133.03,75019.47,63282.55,67758.43
78589,74678.9,80617.3,77987.14,78004.42,77742.83,81316.96,67164.9,80922.69,81937.83,77436.23,82728.17,71098.61,85691.11,83583.43,79286.57,73411.65,75907.31,77233.11,71340.76,81674.83,74785.36,69102.36,82373.38,79028.89
79599,57816.43,56600.2,52236.18,55344.94,49855.75,52930.79,54549.43,54434.55,53621.78,57664.74,53762.1,52451.24,52715.67,55018.91,57620.51,55021.97,57158.43,51288.46,49905.53,55533.58,55608.14,57681.3,50684.97,53073.12
80609,37808.16,36726.94,36540.9,39074.18,35929.7,38216.68,37145.99,33968.67,37110.12,35907.84,37339.8,35896.86,34466.34,37161.67,31683.19,37247.33,40635.83,34993.58,33699.33,34156.9,37938.34,34294.86,35933.58,39698.46
81619,64856.87,63080.34,62302.55,61584.34,64361.33,61911.94,63853.92,63912.56,66332.23,65874.31,63754.16,58717.79,61914.21,57603.43,63670.92,62562.97,60081.28,57459.7,61222.09,67271.87,62554.49,61872.62,63671.84,63917.8
82639,10397.16,10215.5,10322.26,9875.74,9888.4,11166.68,9774.51,10364.67,11157.6,9299.43,9642.08,10527.02,10818.18,10422.95,9461.2,9965.6,9989.43,9853.51,10435.48,10246.6,10168.23,10524.95,9844.06,10519.83
84021,61860.13,62236.41,60238.72,64723.97,62806.7,61508.29,68062.12,62816.87,69825.84,62554.58,64563.56,67366.79,62405.83,65108.64,63768.17,66210.04,69154.36,65905.7,63725.35,64035.73,61455.77,59791.99,63917.8,67754.27
85040,95153.59,91234.58,90807.46,98184.43,85392.89,96538.11,90519.78,91058.99,90265.21,99256.1,84336.83,90253.45,85421.32,92461.7,90911.66,95049.3,96616.63,91534.17,97863.28,90832.36,92268.11,94480.71,96117.1,94658.57
86041,74660.09,81701.95,76068.7,72641.2,77453.68,75619.22,76445.37,74360.66,79441.07,82099.6,73803.48,79971.39,78570.56,73347.94,76616.52,82812.41,79345.32,80670.35,81316.69,86392.57,77454.14,73731.11,76473.02,83253.04
87059,61496.12,62553.64,72790.45,62810.27,67958.53,68079.78,63941.13,60005.9,73312.29,63801.88,66948.07,68789.91,62333.95,73742.1,63151.85,67448.39,65711.52,63832.78,65988.88,64651.77,64573.78,65891.44,68164.55,71719.65
88069,90502.98,105350.84,99267.74,101958.48,101016.44,99812.37,99821.82,88748.96,105152.2,99279.57,103234.15,105769.43,103975.88,94778.62,95116.34,100363.33,105427.91,100103.43,102879.17,95016.56,103217.23,99798.8,106855.27,102357.88
89070,67175.69,60050.35,65669.6,58783.03,66100.08,65243.28,59790.34,63424.58,57363.14,61136.24,63213.74,62241.89,61154.15,59930.59,61233.27,62493.44,68572.77,72474.33,57423.6,62984.38,66562.78,67004.68,60198.37,66928.53
90079,59578.24,61065.77,63840.85,58244.65,58006.63,62931.07,62345.98,58733.97,60489.4,56109.15,61546.4,63729.58,63292.71,61511.92,57672.11,61034.79,63405.84,61442.38,63916.81,64495.92,60342.08,63673.94,61492.68,61238.8
91080,54667.59,56380.79,53105.17,55431.48,50942.52,59865.9,50159.18,56383.27,57322.32,56247.84,53679.57,58078.37,50659.92,49909.79,54430.04,57859.71,52613.67,50107.61,60329.63,53110.79,53709.57,57709.89,51588.65,56358.94
92091,64774.34,67861.58,73441.1,66872.3,56961.53,64308.11,63284.37,62629.52,61308.06,65596.44,66475.27,69594.4,65832.73,60562.05,66325.6,58858.84,59983.29,63968.35,66020.32,63495.74,65326.95,68534.9,70703.04,60064.3
93219,75748.05,76996.12,80130.56,84596.67,81330.38,77162.23,77662.05,85833.21,80600.84,84895.13,81569.25,77846.21,86756.99,78627.79,76236.62,81729.94,76556.45,80968.35,81544.05,75664.01,77456.48,79893.03,75682.46,73684.01
94230,66467.06,63174.16,65388.27,64890.09,61491.05,64811.1,63439.61,70573.44,69244.46,68455.15,61783.03,66581.8,66868.84,68663.57,58276.17,63704.7,61751.84,66924.59,69036.41,64832.56,64758.61,67361.79,65676.99,60679.52
95231,73710.54,69767.58,73519.73,71790.28,66289.27,72831.32,74451.46,74629.52,69751.36,74285.47,75611.21,71142.39,74127.26,77421.48,74505.64,69498.24,72955.77,71282.03,77135.52,72863.11,78164.5,72171.98,65523.4,72544.95
96239,88183.31,86417.93,79308.66,88908.43,81432.62,77533.14,78785.23,74238.46,82819.71,87017.84,87435.09,83241.84,86698.23,75687.62,85888.67,85834.09,82329.14,79796.18,84447.25,81813.69,77870.21,80559.42,88487.22,87763.62
97249,51136.29,48016.55,53874.7,56054.82,58089.13,52263.47,46875.18,53180.12,54045.9,45120.57,50783.34,56664.36,47455.97,50189.61,50049.65,49210.5,50979.73,46466.92,52412.64,49430.34,55908.47,52953.2,47283.34,49633.06
98269,51073.79,54409.24,41874.7,52005.82,49678.33,48871.3,49833.89,51992.09,47034.79,49711.57,55475.84,56283.23,49217.47,47786.98,47955.34,50569.59,48382.33,46567.83,46373.32,50529.51,48712.08,52246.03,49967.46,46729.0
99419,59410.31,54928.48,67144.68,61195.16,56880.43,65781.9,62463.37,60302.23,61270.33,56516.25,63568.21,61668.4,60831.22,65235.79,60607.24,56262.94,61429.79,66351.08,57965.01,57259.54,66758.22,58597.82,63615.11,66609.92
100429,43885.15,40181.56,42198.01,43889.67,40897.67,43055.93,44249.3,38485.1,43910.8,44349.88,44782.5,44521.73,40760.36,42157.5,47403.61,45038.22,45651.43,42198.02,39232.08,42764.5,40763.81,42075.02,43732.66,41713.94
101430,67218.25,73441.79,69950.03,71861.52,72952.89,74214.81,70884.12,73909.17,72904.94,73170.86,65597.0,69102.09,69192.8,69291.72,67864.06,76002.85,72625.31,73084.87,67304.11,73143.87,70748.55,73966.96,69165.48,69628.58
102439,81544.07,81486.76,73728.13,75135.68,77935.11,73619.81,75832.96,76695.34,81661.58,73809.8,77299.9,77734.04,80114.35,83204.28,79278.07,73378.68,76852.14,79301.86,76452.52,80066.86,81377.01,84134.91,73431.44,78473.36
103450,75514.83,79493.07,74966.44,77075.36,88024.5,84045.42,83151.85,75951.24,76727.22,76253.44,75670.32,78363.15,84703.7,74161.34,73347.41,84053.93,77110.13,78835.2,83911.93,79362.73,85941.58,80335.41,80959.36,82731.54
104460,65661.12,66179.53,62925.91,65679.24,67582.2,63725.17,68432.47,64770.68,65356.01,62753.47,63627.41,65458.77,63289.68,71510.02,67486.95,63786.81,59938.01,67434.86,66901.25,63065.57,65596.74,69765.79,68849.02,68433.84
105609,63730.91,63152.43,60974.44,66105.04,62352.28,59627.78,63012.68,60715.5,65873.15,61742.02,61956.22,56269.41,65718.71,64432.8,63412.45,62053.1,67230.01,64939.34,59570.39,63938.35,62483.77,59289.01,65578.63,62495.91
106620,56247.73,60083.0,59581.82,59284.16,55530.47,56408.13,56356.84,59255.25,58745.08,59027.32,54662.92,55916.4,52817.29,56757.12,52360.25,57704.68,55396.95,52759.02,52752.59,58174.63,58723.35,57289.95,57711.3,59753.19
107630,35492.43,39363.12,35750.27,35138.07,33522.62,34684.18,35513.63,35458.04,40831.37,38068.59,35858.24,35300.35,37703.85,35460.76,34071.98,39088.01,37837.75,38627.65,37714.21,40317.57,38647.52,36407.05,36509.87,37969.9
108639,31119.07,33882.89,30829.3,31710.67,31347.42,32146.79,29566.77,32721.17,29890.82,28200.53,29493.28,30314.66,33707.49,34984.41,33154.78,30337.43,31062.39,33617.94,32696.38,29531.05,33217.49,30492.34,30849.44,31351.74
109649,31057.99,28338.36,31434.43,32017.28,30509.59,31449.77,30503.1,29058.14,30132.43,28510.15,31378.96,31202.07,27475.61,31548.28,31283.64,31233.65,31966.1,30761.0,33448.38,25987.1,30885.74,30373.67,30445.51,30401.06
110659,21613.76,22226.3,24302.5,22671.39,22591.46,23333.98,24571.37,25523.95,21390.62,22482.56,24343.95,24245.61,22848.32,23306.58,23591.08,22298.57,23025.42,23036.75,22414.14,23011.96,22520.02,22215.11,22544.26,20093.19
111669,33132.18,31768.04,30993.46,29217.39,30342.15,29949.18,30063.55,32073.2,30920.68,30798.44,30433.48,29938.36,31774.53,32063.67,27802.85,30465.99,27242.78,29743.07,32269.0,30137.87,30821.73,30128.15,32224.83,31161.23
112690,33379.71,32524.38,33904.81,33741.92,35901.92,33282.26,30813.35,29671.04,31364.75,31332.82,28812.02,32557.62,30483.42,28706.38,27638.36,29031.09,29336.16,36911.35,32754.5,30580.99,32573.22,32492.1,32708.56,30187.17
113699,27470.05,26677.39,25294.31,26794.78,23284.89,23367.45,23583.31,22534.96,22887.85,26150.64,24934.59,25905.93,22833.54,25761.69,24628.24,24326.25,26494.96,23192.83,25216.24,23056.76,25510.16,25614.44,26875.43,22547.58
114729,38488.07,37071.58,39534.91,39017.06,43404.04,39304.02,39751.96,40840.58,36334.27,39824.76,39013.91,38557.66,39245.52,37245.43,41630.16,39887.05,38741.93,39578.57,38001.04,39769.73,41214.09,40934.67,39934.97,38986.88
115750,38415.46,35019.98,37902.24,38024.16,36121.84,38311.2,36956.71,39436.99,40485.12,34135.63,39805.91,40747.34,36508.06,34365.88,38114.42,37466.83,37970.33,37072.43,36015.8,36814.67,38722.88,34413.6,33990.46,37253.86
116759,37097.24,38706.51,36619.33,33982.63,36964.86,33744.02,36257.24,35906.05,33750.64,34133.08,37497.27,34282.76,35893.98,35176.91,34118.94,31864.98,38853.96,36137.67,33935.57,36091.74,35871.7,36250.19,34854.57,36340.25
117910,71460.44,66165.81,69927.82,69599.42,66608.75,66073.0,63504.88,60991.34,64541.44,68405.69,63762.32,67545.79,68104.41,61485.86,62910.0,63110.81,68024.46,69051.05,65134.47,61169.7,69385.55,74466.21,69820.19,71480.24
118919,57719.12,54652.4,56472.41,53905.46,56131.4,57184.85,52420.9,54418.51,59210.98,57557.89,54615.33,56849.55,56558.37,58428.44,50990.27,53897.7,58148.33,55575.18,57292.26,54615.93,54125.62,52453.51,57458.77,57627.94
119920,60871.26,69166.36,65254.57,57834.93,64629.91,60339.46,64572.29,64198.65,66396.4,63858.71,66394.94,65346.22,68442.08,64435.43,63113.97,65965.47,59815.62,65971.83,70721.92,64391.47,63347.1,62180.83,61528.11,60328.15
121022,64610.63,73497.36,67212.04,66028.67,72200.87,73021.19,62664.31,68108.4,69460.84,61457.91,70449.95,68603.32,73680.58,67971.64,69364.45,64915.0,65672.68,66843.01,67861.07,64075.74,66778.77,61415.6,66039.52,71323.29
122030,54066.58,56970.24,51737.12,55855.0,56652.27,57289.23,52647.54,53343.15,53485.96,55657.0,56921.02,52178.49,55555.72,53662.16,46789.74,54760.03,59552.29,52001.74,53855.38,57996.45,56273.21,50849.27,50292.44,48201.92
123040,40842.83,40921.83,43634.63,41584.22,39360.14,42414.74,40422.12,38829.91,45467.25,42166.45,40941.68,40526.13,41921.21,38758.82,39516.09,41213.78,42625.84,36275.98,40195.28,41088.48,38594.44,42485.43,38779.79,40454.99
124050,77344.06,69104.89,69724.01,75401.12,65872.46,64803.63,68596.04,69020.96,75760.73,71486.41,74134.8,71394.45,75975.46,70024.92,76189.38,71046.99,66380.38,68232.78,68012.55,76962.02,65298.6,68949.41,69242.28,73140.95
125051,36712.58,36791.34,39172.19,36004.1,42018.17,37718.02,37026.74,42878.64,36742.94,39449.8,41704.32,38954.97,40724.1,38473.96,39631.38,38865.79,35682.93,39568.54,33345.14,40292.99,35292.07,37919.76,40516.91,38849.23
126070,39815.15,40719.84,33450.69,39122.73,35737.76,40018.76,39409.55,36487.93,37192.2,38494.66,41961.58,40515.09,40587.89,40890.72,38609.61,41376.14,41423.91,39281.29,36982.87,40677.02,41366.95,36795.1,42172.34,40020.76
127079,42521.39,41524.13,41326.29,42346.46,41708.68,38985.67,39013.34,41824.01,35943.33,43441.15,41136.65,37643.84,43287.96,40776.05,39888.3,39427.17,39896.92,43293.56,39629.58,42233.86,41869.5,41840.2,42332.12,41464.65
128080,10030.78,10542.61,8745.53,10869.04,10126.79,9463.28,9172.05,9481.82,9697.77,10898.97,9685.14,10332.14,9990.93,10014.71,10350.89,10380.81,9479.28,10041.31,10370.6,10579.2,10039.77,9991.96,10191.72,10131.65
129109,53208.81,49890.4,53139.19,48591.17,45768.7,50387.4,53511.24,47781.29,48517.08,49913.8,50691.24,50349.84,49733.22,51324.1,45151.81,49283.61,52123.94,52673.13,52065.9,49778.79,51169.74,45780.96,50073.41,47283.61
130120,62288.77,63587.13,62810.34,67110.48,62097.47,64048.04,63003.78,63944.0,64470.07,59354.36,65550.77,68446.62,67744.4,68332.8,66636.81,63405.76,62945.92,70779.27,68724.01,62776.79,68061.03,63004.42,62448.07,71073.38
131650,58085.57,60000.07,60715.86,60588.58,59768.45,59339.03,59898.35,63503.27,63615.5,56100.52,61639.04,60511.02,55346.8,56823.38,59777.83,58048.19,59934.62,61125.05,61399.49,57257.06,59752.39,60733.57,56848.41,64983.96
132651,58774.82,58276.12,62907.11,61011.64,56484.49,62294.4,59903.41,58887.97,57946.92,60648.91,63889.83,63080.88,60483.38,63451.68,59642.75,58021.17,58088.24,63445.01,57936.2,65483.68,55342.59,55735.21,55660.35,63888.05
133670,24178.07,25964.65,24674.29,23823.48,27394.83,24340.04,26180.83,26692.92,25491.82,27135.21,28307.28,25445.31,26455.5,26835.55,25390.56,28563.61,27676.16,28022.98,26458.34,26741.76,26206.97,27754.62,25967.66,25913.65
134920,75907.64,65423.22,70860.89,72476.37,65007.62,72505.24,66699.65,69867.79,78931.34,70480.21,67150.5,71197.69,75338.49,69493.85,70504.58,71991.63,74211.82,69463.62,69885.78,75266.09,72521.03,77383.59,78009.24,84525.03
135921,88786.36,87541.64,90724.09,91239.58,89224.64,86505.43,93491.94,87525.94,89015.02,79707.4,86855.59,89224.36,93240.46,83553.82,91911.65,78896.48,88958.53,87992.86,87657.91,90118.98,95226.99,87946.69,87265.31,86312.9
136940,26613.03,27365.56,25152.46,25833.5,25423.69,24816.69,23754.3,23613.74,22936.14,26847.72,24756.72,23362.69,24972.51,26441.9,25672.89,22867.27,25740.29,24172.11,24828.08,24245.37,23516.64,26404.97,23224.29,27633.9
138230,34096.02,34538.11,32995.95,31452.22,33768.23,35567.67,37212.55,32793.05,31955.79,30116.49,35564.32,33458.47,31498.85,34065.23,32794.25,32667.11,33038.95,31887.9,31517.8,32817.89,33853.55,34609.78,31809.33,33424.06
139240,25951.1,24684.36,23756.4,26326.09,23051.58,24214.12,24841.48,24122.99,25173.72,25854.17,24659.65,23080.27,25464.98,23433.02,25041.53,24300.98,25132.07,26321.03,26475.81,22602.76,24728.04,24467.67,25895.37,24251.47
140242,42319.17,43830.19,42366.03,37511.72,41300.32,41924.72,39351.18,43708.52,40328.38,42818.74,40527.11,44241.06,48808.72,42873.74,37648.42,42672.55,40517.34,43304.24,42503.79,44192.69,44814.61,44766.03,42537.24,39971.69
141260,47602.6,47745.68,48572.84,48834.29,49690.28,50101.98,47659.09,49934.62,47734.1,49126.43,52119.25,50370.5,49955.62,52369.97,49771.81,44056.0,50379.41,44977.36,46813.71,51076.44,49118.8,50528.47,49874.37,48581.68
142261,71588.68,70306.42,72429.72,77523.13,69299.44,75859.81,70902.21,78171.6,72828.25,84836.59,78754.08,74537.11,75888.02,74629.9,68002.05,78256.0,73388.93,67014.21,73061.99,78335.47,73032.14,80948.99,74053.56,73546.22
143270,45418.75,50791.91,54976.84,51985.76,54801.97,48993.47,47827.2,53159.61,50271.32,51081.02,51412.21,44849.37,49971.13,47001.99,50497.93,50716.54,50804.62,53507.57,49521.12,47998.39,43881.0,49728.04,49477.6,51390.41
144281,53322.2,56144.76,57335.36,55295.15,54756.18,51074.96,60874.68,52812.89,56735.15,56452.5,55215.5,56235.38,50891.32,53150.66,52257.91,55394.88,58149.26,53529.65,51576.71,52194.45,60962.85,51997.41,56982.91,56102.28
145290,39536.88,40647.9,37059.14,42430.71,34709.69,40175.44,40088.02,37330.09,36646.05,38592.85,35527.29,40480.58,38254.39,37485.85,39381.34,36421.68,39838.57,39194.39,40006.4,39678.7,37293.46,40122.07,35238.9,38659.36
146301,53181.51,51962.42,47893.04,50210.58,47623.48,49585.51,50536.39,51015.19,51070.27,49309.08,48467.18,51443.28,51752.83,47957.35,51563.84,50969.01,46281.75,47827.51,49330.45,51022.04,48688.77,50906.33,53716.88,50135.14
147330,62058.43,63996.12,64136.93,67109.75,63661.42,64577.13,65444.2,65251.53,67695.28,67557.96,65064.46,63498.56,59743.52,63115.88,63587.66,57182.51,73699.72,63682.93,61811.52,65817.62,66844.47,69279.35,64596.98,61206.82
148361,85371.7,83581.84,82441.51,81158.15,83885.0,85676.91,80206.77,88833.95,83472.84,88096.59,75285.47,81016.38,74221.55,85422.4,79499.19,83389.22,87595.03,83121.65,84628.32,85346.56,82574.24,73205.32,82027.48,77444.43
149362,89141.18,86598.46,92852.36,90385.69,95011.2,86574.12,93294.03,91305.83,94316.14,86133.96,83760.65,88769.62,98017.52,89886.4,94495.38,85792.4,94429.74,88764.41,91039.87,88265.44,90727.78,87226.99,89082.0,89213.1
150370,58281.91,64433.98,61882.2,58094.96,59851.28,60686.27,58455.55,57748.55,60485.52,63847.55,58787.43,60144.48,57168.57,60813.48,60258.26,58947.35,61454.77,63001.1,59144.85,56929.97,59737.21,62147.91,57665.58,59155.04
151490,59118.66,60530.9,54366.2,58298.33,55617.09,59847.34,58285.61,59132.94,55382.22,59293.78,53119.21,56783.04,58824.47,55654.88,55742.76,54272.71,59343.68,58709.53,59011.03,61163.24,60039.45,56091.7,61961.22,55087.18
152491,65088.92,61312.79,65940.85,61663.03,63209.17,59409.26,64641.72,67750.69,62283.41,65314.85,65342.79,62192.05,66048.47,67369.72,61995.93,63895.75,57332.06,62060.85,65041.58,62532.44,64372.17,58603.31,62150.02,66619.85
153502,80955.1,72973.24,84051.68,71597.88,78680.92,83329.1,77345.47,75029.53,77395.4,76787.98,81096.07,70029.53,76099.28,75839.18,74042.12,79327.7,81031.51,80836.28,78473.23,82423.26,74912.31,79114.42,80733.51,74840.6
154511,65319.93,65554.53,63326.61,57567.76,66163.57,66513.42,63584.34,71497.18,59490.85,62766.96,68903.58,62683.65,58482.37,65267.16,58739.73,57938.6,63569.1,65430.49,60181.51,69710.92,63800.15,61624.5,64950.8,59092.07
155520,26234.18,25541.69,27907.08,28699.86,27116.2,27605.32,25464.91,27873.28,26001.3,27073.68,26762.69,27830.52,30146.27,27147.15,26398.74,26919.28,25686.32,28683.72,28870.42,28499.37,27536.95,26613.45,28998.46,27234.59
156540,34409.64,31155.3,34681.44,29926.09,32120.44,30962.29,31978.58,31019.32,32061.27,33144.13,34062.18,32950.09,30332.11,34824.03,31075.01,33595.56,32095.05,32048.52,30724.15,32888.94,33033.46,32587.55,31580.0,32666.6
157550,27384.78,25671.36,22339.15,23246.87,24526.87,22190.56,22812.36,23572.56,24509.43,23707.78,24106.0,25122.64,24096.37,23878.17,23550.28,26614.92,24037.06,23853.87,23423.23,25766.2,25078.6,22624.83,25735.03,24552.29
158570,45642.79,45762.81,44822.42,44493.33,43248.07,43969.9,48014.63,42035.82,42843.39,44816.71,46285.93,43425.89,50812.25,42370.01,44494.46,46690.36,45613.39,43364.02,46295.59,42495.85,46865.53,43509.1,42827.34,40335.08
159590,68215.37,69982.49,69019.6,73677.76,66683.94,66441.0,66244.83,66472.42,67863.59,72124.34,69041.84,69715.38,63841.35,71655.99,69815.09,72484.21,74044.84,70575.28,70493.42,67102.44,60955.53,69818.23,65819.67,68985.55
160591,65728.69,63546.9,69408.42,63196.44,67128.1,69790.67,64329.18,68058.05,61042.0,62787.1,62307.65,63709.77,63529.96,68144.88,60570.86,67146.9,62596.72,67412.9,74640.67,66201.17,61721.95,71122.08,67084.94,67972.01
161592,52798.85,54388.94,56424.41,51156.83,50500.51,52028.14,53854.37,50950.38,53392.76,50172.47,45859.68,49935.47,52871.29,51849.81,54388.27,54686.81,51840.97,52146.03,52599.6,53205.05,52541.54,51640.67,59667.16,52443.07
162600,60068.72,59770.83,57844.07,59249.68,62352.86,62257.08,65128.6,59943.11,64360.45,57107.26,58461.01,59877.19,60431.08,57115.13,53012.85,65634.71,59962.31,58210.8,59935.73,62005.72,65183.76,59798.1,57949.54,61257.15
163616,55760.74,55551.0,54651.69,52743.03,55486.43,57718.09,53978.28,56937.22,60042.49,59689.03,54626.25,56272.29,59874.9,56053.92,55850.15,54803.97,49799.62,54392.43,54676.24,54835.2,53733.78,51635.41,48798.73,59036.58
164620,25369.17,24860.98,25703.14,25125.8,23613.37,26007.99,24878.97,24388.68,23418.14,26326.02,24170.99,25117.12,26341.42,25647.94,22716.05,23620.44,25279.95,23827.9,23659.23,24022.78,25607.68,21773.32,25604.69,22219.19
165621,36970.17,35613.17,34038.15,37835.09,36792.28,37219.75,33883.74,36946.43,38186.62,38038.76,32405.9,33172.0,38373.37,39000.38,37175.96,36731.26,35179.41,34893.56,34357.65,35328.15,35006.38,34996.37,37136.74,35120.57
166631,46983.68,47082.21,46725.31,42837.8,45183.36,46512.02,46647.92,47879.46,46721.21,43514.06,47876.27,45720.18,45348.11,46372.36,49104.86,53466.77,48246.86,50138.13,45931.94,43889.85,49800.04,47735.14,51301.04,45744.08
167640,56718.4,53844.19,54014.62,53836.96,54161.07,58005.61,56249.78,55881.54,51431.66,62129.33,54900.66,55796.54,56652.03,57434.35,51166.11,58137.58,61382.75,59984.18,52614.04,60250.13,53181.2,54959.61,49044.04,56379.76
168651,52660.25,55651.61,54344.43,50001.24,54593.13,52983.9,56095.3,58825.58,50893.42,57172.38,48236.01,53341.93,57189.44,54759.46,50958.79,52590.88,50435.3,56284.57,55928.79,52191.38,55305.2,55841.54,59349.36,56835.21
169712,57762.29,58610.87,57952.04,62868.25,58138.15,60971.61,54721.11,60545.15,57070.59,61079.49,60003.99,63840.9,54615.7,55498.9,60218.26,56161.52,57807.21,58912.93,59581.35,62036.78,57979.12,59229.52,56985.63,57981.04
170713,96844.84,102373.17,95995.37,101257.19,107070.52,99338.33,110555.26,107593.35,113638.41,103559.96,99819.25,106468.09,101446.98,112025.55,105713.36,111127.64,100993.81,106086.1,111148.18,108486.14,99856.39,107130.85,103036.18,97743.95
171714,82569.59,78813.17,74582.14,80696.66,79313.62,74034.16,81000.85,80948.18,76782.25,82709.75,75232.73,80128.57,87110.69,87647.62,84807.27,76330.6,80144.07,86058.06,73290.95,81836.04,80312.76,78044.56,75055.48,78159.65
172881,83928.84,93141.65,103184.6,85917.27,93810.28,94067.74,97797.74,85286.12,96997.37,92892.43,93005.26,100069.26,99943.35,90764.87,86802.8,95420.83,86736.63,93009.9,99704.82,93292.11,93360.44,88826.14,92526.05,95250.23
173882,85865.9,91200.81,87124.3,97687.42,85722.61,94391.77,85349.11,87629.68,89162.03,87958.11,89727.6,88086.23,89151.85,88734.05,89269.72,88546.34,88072.52,84589.08,81385.23,89984.94,91193.14,85799.67,86835.89,80098.8
174921,97107.04,97405.04,95686.76,104577.99,87262.21,85538.76,110441.65,94620.7,97051.01,98788.57,95573.82,94749.02,105896.98,97750.04,100269.35,93968.98,96461.93,92579.57,104101.57,102599.76,96685.77,103256.43,91710.64,95894.44
175922,98960.86,95488.95,105697.8,86936.67,108405.55,103411.3,106251.24,102654.37,96228.52,101845.68,109254.57,106758.04,109156.71,112047.85,106953.69,98559.88,107938.47,98333.13,108863.14,100541.0,102220.05,102711.28,104778.93,106402.08
176930,71561.07,70121.97,70199.02,64741.87,68491.68,66491.52,61003.18,66148.84,66152.67,71035.68,69628.38,67283.27,68469.85,67423.63,69824.3,65416.81,68237.52,69853.06,72406.09,67424.4,69905.37,65806.48,64303.29,72672.21
177941,68260.91,64481.58,69814.45,64962.94,65060.73,63211.2,70573.94,68701.59,66928.23,62449.6,66710.47,62475.26,66573.86,67306.17,70467.91,65908.58,67222.3,67663.96,67817.68,64589.35,71259.45,66753.37,65741.2,66485.54
179110,80117.74,81562.72,83862.94,78546.03,84655.41,79595.63,85734.66,80667.68,81752.75,78936.23,82470.56,84454.86,84072.91,77736.64,76711.31,79827.02,73355.8,80294.97,89416.34,85669.85,87781.03,72745.0,90963.11,88087.84
180111,83314.74,85027.77,83212.44,82248.9,77687.34,87913.37,76997.12,80722.55,83907.45,86039.06,81776.11,79756.29,84577.8,83003.36,86967.79,79660.16,82769.54,84435.86,88396.12,84707.13,90356.74,82014.26,80521.44,84306.34
181113,95957.44,90203.85,96578.84,93148.67,88511.09,98059.45,92538.83,92090.93,83202.31,88051.19,92939.84,84231.76,88181.44,86122.75,92965.4,94321.82,96365.26,91491.27,89439.28,91608.24,94951.61,94724.15,96211.75,87459.82
182121,75636.48,76456.24,84785.26,82311.24,83650.75,84849.23,80365.43,84639.85,81033.37,81271.11,85293.15,78436.32,74860.91,82347.39,77562.55,84016.61,77454.59,80076.46,83517.2,75337.99,82707.21,82176.92,78574.43,75078.25
183131,107452.17,112790.76,104845.36,99741.19,111655.39,111710.57,108817.37,105760.03,101809.6,109532.35,110502.51,99734.82,105356.5,116589.99,103522.6,103554.82,110054.51,102241.12,106587.04,103364.22,101965.17,112425.27,115461.94,110592.16
184141,84003.85,86973.61,86374.69,88433.13,87888.24,89478.97,85477.0,86352.75,85000.7,87110.22,85253.11,83888.09,88929.73,92258.23,89473.34,81737.46,93624.39,87485.25,88226.83,82131.03,96868.57,92839.63,88531.99,88845.94
185151,64657.76,63967.17,58926.73,67779.52,64120.86,59212.23,62786.53,64782.44,57123.94,56341.02,61014.81,62603.54,66813.58,59331.3,65860.07,69709.0,64509.05,63995.69,61865.36,66471.5,64470.02,68277.23,61775.27,63644.92
186152,70104.62,73159.26,69942.31,76643.36,70865.29,62901.14,64683.39,72112.07,70615.99,75530.67,78180.88,69137.47,76622.74,72278.43,72017.79,72529.95,71685.92,77867.17,71587.2,74799.22,67798.45,78373.78,73680.04,68398.65
187160,82876.73,85367.8,81404.28,85911.83,84497.99,76943.59,77099.44,82719.2,81799.25,81470.42,76055.97,78457.48,76585.16,81112.72,77907.21,71193.1,79695.62,81059.31,86240.11,77233.21,88206.4,81819.05,88495.72,77440.94
188331,80003.96,85721.0,83083.5,86668.93,82747.02,88393.91,85458.32,85075.54,85998.5,88133.25,80306.83,83643.52,88377.86,89491.89,92387.02,86671.72,81142.57,85488.54,93024.75,84664.31,89193.4,90899.44,88472.59,92361.05
189341,71896.85,67656.62,63124.11,69291.34,66608.89,70693.71,71814.73,70470.71,69155.95,69332.6,64368.77,69622.09,67788.75,65732.13,71097.29,68097.17,69734.03,67734.03,61947.9,70364.2,66587.64,63249.28,65905.25,67088.62
190361,72729.11,67674.82,71017.99,74552.49,72360.6,72789.29,70351.2,69720.74,68424.24,79564.8,62953.41,72131.13,69685.92,65147.47,69783.68,68957.98,73001.13,72098.9,68517.57,77805.98,69979.0,71171.58,71382.69,72368.74
191371,69834.79,64309.32,65196.89,68755.02,65961.84,67087.2,65176.67,65249.99,68518.39,71769.05,65642.86,65761.47,70326.3,70086.47,65549.22,67334.21,71572.1,65776.82,68878.74,70309.56,65808.11,70945.12,69944.44,66597.26
192372,96862.62,103778.21,105276.12,93536.67,110824.06,95628.55,101396.12,107079.81,106268.14,103693.14,105891.13,104657.33,103252.17,104403.7,110617.29,101652.71,99423.92,96974.38,96771.7,94596.76,97734.85,102693.9,101648.74,97578.53
193373,68786.55,72363.65,66429.3,78763.23,67552.61,69636.02,69707.19,62653.59,65125.15,69284.83,61624.57,65267.73,66531.88,72661.01,67599.04,65591.24,65372.37,63201.7,66954.18,69214.12,62428.03,65586.38,70208.46,61822.03
194381,65660.02,73081.2,76076.07,80572.2,71002.89,73438.8,71468.72,77055.83,74347.91,71316.69,72079.98,77331.83,65071.28,73950.77,67405.24,66306.68,72608.49,71010.65,73070.85,71309.37,72060.79,76163.06,67462.42,66095.42
195551,78361.42,84400.05,83788.93,81939.21,83065.55,80223.33,82354.5,86152.23,92825.66,84817.64,80047.97,76184.61,79869.03,78520.23,80973.46,78632.07,81795.07,89669.1,80098.37,85479.13,84264.89,90023.27,85457.13,86723.29
196561,72513.57,68004.54,74155.55,76779.04,74884.51,71978.79,61752.95,76757.27,75392.41,72802.43,75900.36,72032.42,77125.84,73985.07,68131.09,71201.04,72222.6,70282.99,71300.35,67880.88,68590.47,71704.09,73969.18,72594.97
197691,90174.79,95951.96,100063.09,98977.98,92942.39,91565.62,96255.34,99801.29,92804.1,93323.39,87930.82,97639.34,95643.8,105621.69,97193.04,96366.68,92577.63,96568.02,95628.37,103509.77,84696.77,95406.15,91434.24,98178.33
198701,87712.2,77107.33,82825.22,82064.84,79654.12,84683.28,86234.17,79845.22,88125.21,83082.6,78054.66,87193.55,84503.67,77828.52,79362.37,92471.38,76026.9,82323.83,88077.33,77237.66,80574.55,82844.12,79721.4,83274.11
199702,115983.72,108639.79,117411.73,110583.11,112854.88,121160.39,116801.23,113919.38,109980.92,128418.33,116601.96,116960.55,111997.87,103627.51,113190.41,110749.34,112613.63,118077.48,112612.88,117410.64,113680.36,106771.24,125465.29,109874.0
200711,64458.56,63302.64,70473.25,72322.52,63855.87,65546.96,67815.95,69583.92,67149.9,66415.06,69483.37,65773.26,67046.5,65531.78,64677.22,71571.69,69003.15,64880.43,67489.06,65008.65,71596.43,69155.08,69288.7,72350.59
201714,96927.18,103039.31,96534.93,102031.4,105897.35,101041.61,89924.38,91575.9,100175.56,95522.45,100910.81,103815.94,98254.72,89899.04,105246.53,94529.47,98359.99,106411.01,94411.05,108515.59,97734.4,106122.23,92278.76,104760.19
202716,70712.19,78051.29,73624.82,73382.91,79032.88,73927.78,85001.82,77294.69,76942.93,75752.57,75458.05,80708.07,71884.49,76680.52,76583.39,74417.03,75212.35,81157.46,81966.57,76868.52,73113.35,82338.63,81547.73,81771.46
203721,92824.72,95786.42,91535.34,95085.43,97115.91,89154.91,102627.74,91938.81,91855.2,92805.48,102440.82,93779.41,98016.19,92968.85,104347.45,99008.83,96906.55,108432.27,95711.45,98405.83,96367.17,104464.2,90858.15,97922.79
204723,78791.97,74029.69,69648.18,66226.72,76816.49,77897.52,72672.35,71614.44,64408.96,77709.73,70803.77,72085.66,69292.05,76656.55,76682.54,77456.0,77839.14,72792.42,74509.99,77174.43,78238.44,69679.29,65033.88,73038.14
205731,68663.11,65021.86,63602.27,68619.16,72035.29,63538.3,67701.32,69027.98,69655.75,72320.75,74179.05,68768.31,70525.92,66015.08,66343.2,71081.42,69453.01,68512.18,67433.54,69792.05,72141.69,74681.41,69237.02,68942.84
206741,77445.61,82147.82,73416.94,75013.6,72497.65,77859.8,74648.86,79192.5,70434.06,72811.93,69572.16,69392.21,76409.24,80116.34,74012.03,71276.08,69584.83,75637.52,72466.23,73152.56,80431.39,77177.44,79344.42,73314.69
207901,102618.02,87896.42,94613.84,93007.44,94611.92,99278.12,101618.7,97006.18,105853.88,93543.36,99304.4,98767.64,92375.64,91401.03,91137.83,101475.0,90490.64,95910.33,99265.84,94682.27,100874.09,89369.65,94706.31,102776.15
208911,104508.24,103189.87,99299.11,94207.48,92545.89,89102.11,102434.63,101224.01,99369.06,87928.29,95209.62,97312.74,101424.15,96774.54,94747.71,95004.56,93963.1,93505.12,101600.15,99259.73,99526.92,101399.02,93089.98,97280.5
209912,109572.03,99497.12,98063.23,103641.97,109867.45,112502.35,102782.45,102026.9,97291.15,104330.01,104525.27,112590.33,98990.39,99076.35,108544.2,102078.97,108336.2,103130.72,102637.7,107502.93,105630.47,114560.12,105938.79,93186.43
210913,72334.05,83615.43,74451.65,75945.37,73235.63,80954.97,79511.39,71653.08,79114.26,70545.86,80631.71,74093.98,73431.76,77975.43,70471.66,79825.95,79530.67,69133.4,73959.38,78154.28,75232.17,72658.73,69533.49,78101.1
211922,23069.78,23137.08,22261.75,21360.46,21439.4,23585.36,22741.8,24913.77,23386.9,23325.93,24385.73,23451.52,22299.49,26192.92,22492.76,24130.81,22723.97,24666.17,23838.11,22896.57,24120.76,24987.27,21815.87,25815.17
212961,70820.48,74967.26,73657.93,72425.73,79408.96,67722.72,71849.9,67375.87,69719.29,75109.7,72343.07,72874.29,65790.21,69877.95,65218.56,73395.78,70709.17,70887.92,73672.28,74985.3,74495.17,65666.13,75207.93,65969.99
213962,39345.47,37520.68,37958.16,35828.62,39404.14,36434.75,36962.32,36792.78,35098.35,37596.91,35743.52,38572.0,36976.65,38917.47,34734.94,35297.6,36664.14,35299.43,38272.45,32799.08,35591.14,37099.61,36515.25,36377.18
215091,83054.94,85160.67,84020.15,89861.45,88445.09,90196.45,88480.22,87740.84,89054.67,87610.31,90665.07,81673.63,87527.29,84472.48,90663.11,87753.15,83929.6,84625.86,87342.56,86448.24,79936.5,86144.19,87571.66,90671.16
216092,24210.75,25122.17,26074.51,27119.56,23842.33,24387.87,25124.49,25705.43,22696.18,27137.91,26027.13,26262.0,24319.3,24672.02,26446.7,23600.93,26162.14,24726.15,26410.33,27958.32,25265.29,24911.9,27087.43,25589.57
217649,25941.61,26965.97,23721.51,25473.4,25584.23,25006.15,25120.03,24662.29,25721.78,23580.89,23707.92,23192.3,23205.66,24468.61,26139.8,23990.63,24974.1,25155.17,27533.36,25409.19,23569.22,26162.88,24507.85,23119.48
218822,99589.38,100070.19,101537.0,102132.52,97806.85,103131.64,103346.33,97452.27,102528.92,98280.2,102902.56,99669.37,91830.53,99360.4,101973.13,108711.03,105836.13,103921.18,99317.21,93284.32,95330.74,101483.67,93884.85,99516.97
219823,89438.1,91155.33,86184.5,85506.02,84502.19,82388.4,82370.36,90438.64,83520.63,82958.31,93181.58,88652.51,77927.41,87680.01,94456.25,85423.19,88850.15,86035.49,89093.19,91636.83,83633.09,94813.94,87424.18,97641.84
220824,83070.64,81997.53,73878.88,79110.08,84073.37,84385.62,83295.19,75859.86,73511.12,82083.78,84092.23,81280.71,73953.53,74974.35,82366.36,75071.34,72409.82,83022.81,80378.13,80108.74,73016.35,78447.74,85323.23,79212.82
221833,110957.92,116074.66,127294.74,107930.0,110270.38,125811.15,122130.02,106642.34,111206.87,106438.37,113195.43,115508.7,102915.04,116583.2,112336.13,111572.03,119611.4,117796.33,114735.35,111862.69,114302.75,108500.12,113567.63,114027.14
222834,82993.46,85112.56,84773.94,81527.87,79117.7,85392.38,82597.42,86375.0,84034.66,85775.96,85800.77,80876.67,84031.92,87910.95,93110.4,83716.81,87235.51,84111.2,83664.21,81671.86,92320.95,79641.62,83826.06,85982.46
223842,84621.89,83661.08,86790.07,87297.47,88972.07,94715.03,85046.22,89324.81,85703.03,89394.12,86066.39,84332.5,91265.86,89397.19,89003.74,86983.71,96046.71,88965.12,86824.98,85451.16,90485.28,94314.87,85315.18,88822.34
224843,82272.69,87775.59,90575.72,92979.98,92391.76,89797.33,86170.13,92761.45,87160.96,82955.59,83662.4,84667.43,82363.01,94996.95,90887.28,83477.34,90238.73,94589.69,83077.22,80139.27,78614.93,87547.07,92095.08,93769.91
225852,98995.19,96233.96,101782.1,102411.97,108424.86,97339.66,101942.89,101241.72,104796.74,99638.79,95443.63,114807.53,102278.53,104367.63,114271.97,96690.57,103629.17,103195.13,102517.99,102487.13,105928.15,100873.37,116565.57,106978.5
226853,96259.96,82486.53,96889.72,90784.8,92011.94,93344.32,80933.8,88375.12,97451.39,94761.61,86920.38,88212.2,92767.96,84939.71,93086.49,97075.67,82779.57,93529.31,85577.43,92921.63,86011.68,87599.22,97980.37,91718.1
227854,100701.43,94014.31,93574.87,97701.87,91043.53,92831.82,90032.58,86542.51,95023.69,94594.29,99293.89,102031.28,92229.11,92298.27,89428.43,98906.5,96298.2,97309.54,96406.28,96148.89,93228.52,95875.83,94033.86,105193.18
228862,105203.82,99814.73,92958.75,89749.77,108870.26,96302.75,91957.5,105234.44,97494.32,104515.13,100243.97,111784.28,102360.02,101181.65,104938.68,102259.0,97220.18,98568.89,109672.31,98587.7,88249.0,104964.28,95220.12,90120.96
229863,69755.66,76055.23,76422.31,73845.39,73702.63,74216.23,72608.41,67015.4,75743.01,75136.85,78736.04,72661.64,72510.82,70993.32,76881.51,72560.87,75464.13,74005.55,73389.67,77816.02,73850.5,79410.9,84720.55,74761.78
230872,70463.71,71976.24,73503.1,67698.14,74079.02,73623.85,78469.58,76634.76,77390.56,78501.56,70991.63,73696.88,76383.76,79093.22,73798.16,76509.58,71358.66,79793.55,69578.41,77303.4,68636.83,74213.13,76978.9,75050.47
231882,50526.99,48871.06,47104.16,48377.69,50670.17,51205.64,44749.62,51247.42,49679.36,50016.16,49236.75,49483.61,43774.1,48174.54,51680.55,49110.55,46834.4,48547.82,52139.16,47795.58,46837.18,46514.24,48280.52,52349.68
232892,46190.85,49398.83,47795.1,41340.29,45149.34,51936.92,50778.22,47221.34,45976.52,48753.9,49847.5,46761.97,47385.7,49080.94,48852.88,46143.03,47082.48,48575.59,45647.58,50204.33,47838.55,50860.0,43968.44,48294.97
233901,40516.77,41870.19,42879.81,39524.94,43135.58,37679.03,41159.06,37239.43,42110.92,39684.46,40229.12,38558.0,41428.17,40261.77,41374.57,40272.45,41542.68,38939.34,41724.65,41048.63,40386.97,39796.06,38405.59,37946.68
234912,39591.86,38576.44,45962.04,42008.89,43986.19,42515.46,41807.13,43094.37,41067.87,39521.8,42241.08,42206.66,41808.46,40378.09,42638.51,45541.47,39472.63,40476.73,41843.84,43381.96,42173.49,43613.49,42732.43,41197.36
235933,35778.12,34503.16,31397.42,35030.67,32079.29,33550.91,34839.26,32287.25,31481.17,34288.0,34233.75,30600.98,36291.06,34264.34,31874.23,32164.23,33267.86,32987.55,33788.28,33793.34,33534.79,29768.23,32984.43,33159.73
236941,48884.98,49365.29,51657.1,47256.54,49955.56,47819.85,51968.73,52857.0,54993.61,50293.34,52285.21,51915.05,46804.95,55400.34,54564.11,51452.2,53911.98,52511.71,49530.53,54465.6,50702.99,51747.52,51138.85,50289.43
237942,69357.89,68426.78,70861.25,70955.42,69832.17,69086.34,72834.18,70085.48,74429.4,73587.6,66972.94,69580.26,69621.26,66249.94,70911.24,69511.11,63482.05,69525.8,64620.04,71095.48,67243.67,71108.95,66865.08,67834.84
238952,49624.23,55811.46,57001.35,56959.07,57537.53,52075.38,52964.29,55922.75,51189.61,54047.18,59201.98,50326.79,51577.37,56604.39,50372.57,52623.39,57767.12,54617.81,59092.31,54944.3,50153.37,50049.37,60577.91,53866.95
239953,44889.5,46506.94,53189.98,53318.86,46586.46,49606.3,53670.74,54471.8,45711.53,54045.04,49995.65,50567.95,52718.22,48718.36,49946.55,49869.0,51767.66,49669.2,47510.98,49670.85,54143.36,51747.29,47822.96,54725.18
240962,58499.63,56371.93,53475.28,57214.38,56597.06,53932.68,56670.31,56783.22,55673.86,56172.67,53926.97,53228.08,59850.6,49948.56,57173.85,58161.27,60488.96,56431.77,57593.54,55647.64,55519.28,54147.66,51725.77,56627.0
242112,76698.11,82426.31,70765.46,78495.63,83846.88,87949.3,81134.78,78791.24,85254.08,78853.84,86588.0,82975.14,81702.77,77076.62,77318.4,81194.46,76631.78,83637.39,83059.69,81286.03,75629.63,83771.89,79177.52,76266.01
243132,103803.0,91639.23,95336.58,97030.75,109782.95,99594.78,97267.08,99566.51,99613.89,99053.25,92325.79,98664.83,103202.89,100005.58,91638.12,91687.09,96649.93,98142.69,97982.26,96186.35,89438.93,98194.65,93418.34,93024.09
244142,101446.46,90881.74,102875.97,94334.49,95197.37,93375.31,101378.54,90380.36,98763.43,103926.32,102110.53,102686.39,94095.64,95913.85,102003.86,97007.84,97113.3,103175.31,89105.56,99664.08,97767.58,98614.08,102533.91,92845.72
245151,91133.39,84782.0,94933.28,80535.83,90077.24,80367.92,91284.38,87856.96,82639.38,84736.33,76840.99,82975.29,81498.85,89104.65,92388.74,81906.39,88238.73,84522.16,97896.89,98302.78,87769.79,89640.66,90966.22,85277.18
246153,95232.84,93535.32,93345.47,90132.81,90388.42,92145.5,82485.41,86262.8,92091.66,78979.68,82407.55,95720.37,95347.93,94194.02,94956.52,94311.77,86758.7,86285.09,93305.53,93972.97,90726.02,94532.37,92922.91,84893.61
247162,11439.75,12660.85,13082.73,12594.72,12089.53,12240.1,12550.97,11602.28,11934.03,12544.81,13106.81,12295.9,12394.96,12765.7,11236.08,11181.73,12213.66,11123.93,11947.83,12627.49,11942.23,12180.64,11797.12,11811.17
251191,224093.85,223974.65,225201.37,239193.84,225947.48,219245.35,233391.89,223058.75,238042.16,236413.61,224223.41,228697.86,239971.43,197463.78,220103.82,230328.21,218211.67,243172.84,231071.34,211542.28,234590.26,259096.14,207406.01,238477.99
252342,62836.31,63294.33,66573.67,62586.82,63667.17,62561.63,62671.15,64239.75,65451.97,67059.6,67458.39,67541.93,65341.49,60369.49,63105.18,63674.34,60631.16,61465.47,64325.33,63175.35,64522.6,61697.48,65588.68,63346.84
253352,102491.88,97965.86,104042.86,105804.97,97372.61,97051.67,96176.05,108726.4,105641.47,100871.2,109100.31,105573.4,105688.28,102797.11,103208.93,105929.15,99223.28,97929.89,98229.52,110376.48,108201.69,103392.01,101445.11,103308.34
254353,125892.18,123077.64,108292.81,114816.81,116598.94,123340.69,126337.02,106841.24,121571.81,117220.56,105548.61,130622.12,114870.34,112005.53,121420.69,113145.55,130106.47,123796.22,121655.14,121171.21,121405.41,121384.86,119415.66,114734.06
255363,122577.28,121882.85,105135.38,123425.0,129330.21,125528.54,120548.22,119116.43,121761.19,126560.14,115309.61,109782.33,123375.36,128322.95,121580.0,123087.71,122264.84,129864.74,126210.53,119556.1,123119.42,123922.61,129063.23,118234.61
256402,126332.21,118436.04,132008.05,125656.38,126666.19,125848.39,115416.36,118307.26,121248.5,115511.03,123823.1,119726.39,124466.76,115322.82,122123.76,136981.57,126101.33,126507.62,133096.57,116282.03,130320.95,120173.45,132504.71,108900.65
257403,106328.01,107548.33,105416.78,104938.25,114468.77,95047.35,115687.44,104277.17,106355.41,111774.65,106887.25,107386.65,115003.78,117843.36,114712.21,110412.82,100188.39,111053.19,109440.67,101662.13,102550.43,107043.35,99337.64,111354.57
258413,134643.95,134483.65,146750.18,138294.63,134962.53,131485.27,130835.72,142994.89,151106.31,156515.55,135712.56,128822.84,140079.9,140113.45,147154.9,127389.2,142398.83,138679.01,142820.82,132730.42,144808.63,151707.09,138478.27,145844.1
259420,162295.83,147386.83,163531.84,161541.58,154111.02,158414.92,149183.02,160868.91,158450.92,156989.8,163082.33,168309.48,170804.44,163658.03,155674.59,153700.37,170268.65,162105.32,161692.14,158217.81,148430.67,156951.2,153954.94,157192.69
260422,163561.74,153187.47,151603.84,167132.61,171223.74,141908.92,146720.04,160837.76,166346.49,177103.39,159949.27,152043.66,168180.66,170318.61,167684.74,156434.27,152748.5,163366.94,157324.86,160662.94,164306.33,165505.39,153259.36,155100.84
261423,170821.37,168231.33,167757.77,171495.39,160968.07,162579.17,165575.51,168760.19,167405.25,161978.46,153112.85,178053.51,186425.39,158382.1,162708.28,169384.44,165899.58,165689.44,172382.35,153905.73,165855.51,169503.42,172865.48,166057.58
262462,175247.87,162457.03,149689.78,175658.69,170054.58,154703.62,164565.77,169593.52,160057.47,166648.84,171612.19,164801.19,164561.61,160719.0,152799.06,165441.16,171133.98,160687.34,160326.73,167198.5,164915.75,170972.95,167252.13,163161.99
263463,181578.66,199049.61,195952.82,197042.52,205732.53,191539.69,211021.66,204833.73,183785.26,179285.39,189783.69,189064.72,197017.5,201173.25,187717.99,205517.21,194226.1,185282.53,188669.19,213631.27,195585.64,195492.49,189704.18,203721.71
264464,133308.99,145290.53,128744.67,125985.95,134365.65,141943.11,124883.96,128129.78,135596.27,142854.81,127523.62,146622.42,129781.64,128416.97,119892.89,141178.81,129520.4,125759.21,125458.7,139958.28,125834.6,136281.82,124666.16,141835.77
265473,171765.57,172218.16,149268.61,156765.27,151165.86,168160.89,169335.5,157803.0,172325.74,171212.7,156389.03,155150.22,159714.58,166105.92,163529.62,156677.43,166504.07,153390.71,162212.75,161727.23,167142.02,169266.06,161558.04,152693.2
266475,178216.42,186680.56,187364.27,170665.24,177570.64,166800.55,183100.61,177179.16,177402.73,172599.77,173089.21,176649.41,166186.97,184083.6,170769.7,183830.78,181534.54,188380.41,181127.29,172412.58,191850.83,189264.24,169088.5,180226.18
267477,164639.5,152515.29,171342.82,152344.71,169232.42,141348.54,169903.26,167997.37,154348.49,152299.88,163748.69,170298.52,158445.72,159531.69,152856.89,164283.41,152747.64,159900.94,169751.13,145027.71,163246.83,161355.87,169526.85,158612.5
268478,122965.49,119156.46,120392.22,116923.63,122804.86,126905.97,130503.27,128039.04,122902.95,125133.83,120791.13,127127.46,124786.81,129769.86,117594.5,117289.4,129080.66,125862.37,112043.48,125138.56,128697.39,118689.21,138593.55,130788.17
269533,199781.75,204661.21,191733.08,194351.98,196048.38,193431.68,197502.09,212952.56,197265.8,195218.91,194825.19,212378.7,199197.06,206069.14,188069.18,208804.88,215719.29,217629.76,199568.55,199819.81,206267.08,199199.54,218916.85,206377.38
270544,190472.44,185093.75,188464.26,167793.95,188217.98,170294.46,190476.27,171743.88,166135.11,174263.44,189545.08,181238.39,182844.98,176763.23,172549.09,178272.47,182887.88,171318.53,183515.44,202256.04,176867.53,202031.92,180863.86,175542.47
271545,176462.74,168185.92,174918.21,173801.92,163807.16,171788.81,170617.48,152170.77,174327.33,181917.63,172428.97,186392.61,159564.52,160085.25,158953.11,186893.47,174796.03,168716.35,161931.48,167862.28,178696.83,173637.48,165222.68,164838.4
272552,241624.6,237620.75,238925.06,216589.87,245948.37,245590.87,228912.13,234048.39,223421.38,239519.83,263237.74,252625.38,242551.75,208955.1,245364.36,237036.17,235028.91,233323.19,242329.89,204266.05,207952.22,221003.33,243690.36,230505.28
273554,18933.98,16619.12,16836.14,15602.17,18196.84,16871.32,16469.38,17078.09,17800.02,16414.61,16830.51,16889.65,18322.18,16014.49,16787.22,16683.71,17589.07,16440.08,17536.75,17239.57,17146.95,18993.44,17349.04,18024.64
274993,270116.08,267538.85,236667.42,259274.68,266388.8,232178.71,253904.23,255502.21,266359.76,240452.09,264555.53,270352.3,272468.06,248273.15,271991.84,271478.92,260702.38,265859.21,254457.18,299851.37,263842.16,248019.16,267949.67,277953.47
276001,110612.67,112692.92,105882.89,112751.5,113015.05,104775.56,111007.83,107678.5,109128.81,117567.03,116266.65,112162.08,107814.52,116279.71,105179.46,111667.01,109804.69,114427.95,116411.03,110262.11,106112.36,114691.99,111746.71,116464.88
277014,90071.61,89130.0,92758.13,92144.71,89877.05,94601.53,91514.78,87519.79,91577.1,94859.5,99041.7,86068.31,92407.81,88784.97,91953.41,87951.64,81998.91,89939.21,97224.69,88627.94,89426.24,92084.37,98239.49,89877.68
278021,138578.45,126185.05,127994.84,129584.95,122817.9,134230.33,129757.82,138761.57,130205.37,137414.75,140611.49,150083.03,131532.81,131727.46,133607.53,130022.38,138032.15,124169.5,121029.37,132231.91,123097.36,122002.23,137201.11,133658.87
279022,138415.27,140104.65,153110.38,128023.86,139190.5,133815.8,140701.5,139146.0,130446.15,140637.79,132519.0,150583.41,140480.24,148407.47,154563.69,146106.45,147682.44,137922.93,144238.52,137498.15,139029.48,135831.39,145743.74,141465.3
280023,215560.82,218205.88,213732.38,197751.92,216943.83,232590.1,219402.08,224672.12,228221.71,237211.59,189689.72,210210.18,226691.18,223026.23,219280.82,223575.49,225016.2,215692.07,221186.15,210167.41,225792.16,206194.37,216322.61,213576.48
281025,30926.04,28396.39,28524.57,25391.11,31425.42,30704.58,26656.65,28331.22,27154.02,28699.41,27169.17,26251.79,30646.38,29107.79,26893.33,27133.46,27542.98,26633.48,25934.94,30785.0,30478.36,26825.86,27774.46,30723.16
282034,114068.64,108048.77,116342.23,117427.47,112421.19,107594.67,114722.35,106122.72,108088.89,120616.6,113245.52,113709.14,117718.7,117882.96,109059.11,122681.28,114939.17,113400.41,101943.33,113084.71,112641.58,118755.52,108671.53,118241.17
283042,118527.07,132031.16,130168.68,112821.68,131584.72,128189.81,130240.87,118641.26,115705.22,128430.08,126321.43,122654.39,115820.0,122068.7,116901.82,117129.51,126700.45,122936.44,125287.6,127891.04,122033.12,132829.3,122017.2,124316.33
284043,109481.78,106927.87,118092.46,103525.49,106582.38,103986.2,110457.94,109125.04,103463.65,101765.38,113469.93,117006.93,109892.43,108592.09,100379.88,120074.07,117416.94,114636.69,104394.42,103585.48,116034.21,118155.12,102328.3,99922.62
285044,146293.35,141174.43,132345.72,146447.29,150561.95,129269.95,142028.59,141972.75,137723.69,139955.75,138397.36,144955.55,123976.3,130265.77,135506.06,140432.69,134097.13,137440.43,131950.74,146766.33,144743.91,138629.11,139759.53,139314.91
286052,175278.44,171992.43,153633.64,169155.14,169425.31,166607.77,155720.09,156742.26,167621.94,165165.98,170386.76,171121.37,185581.66,165681.19,148208.65,159181.3,158565.2,158220.8,163918.07,164086.34,170868.73,156767.83,157756.55,176098.05
287062,226430.0,237333.83,246480.3,249178.71,206305.72,213166.01,218852.27,213711.1,237862.22,215516.76,203617.99,211106.58,210833.72,210321.57,222428.88,228864.34,224637.05,245998.89,222848.85,227939.02,223923.48,218634.44,214770.89,237488.29
288063,121377.08,136805.73,134709.89,136860.27,139421.12,126352.88,131150.01,133687.11,144266.99,131270.39,122177.26,142094.72,129747.15,139047.34,125350.09,134421.41,128119.97,142085.27,132156.96,146272.38,127223.8,126575.2,133939.55,137891.08
289064,171484.86,202831.92,179258.63,178853.15,165048.82,199223.9,170770.74,179443.43,176621.82,202113.5,193584.11,187316.48,178426.99,175040.49,181553.66,184540.98,181484.02,185553.7,188425.7,182726.42,165486.47,184199.72,184340.36,184455.96
290065,155510.94,167470.15,159112.47,162164.7,163622.93,169507.31,158336.18,151364.77,164156.37,155619.79,152159.79,161411.76,167181.61,149548.08,171886.0,162174.3,144952.52,158259.84,164541.24,163621.65,153883.11,151903.83,147570.45,148157.12
291072,157926.17,139214.1,135247.66,144761.23,138473.63,144751.51,146379.49,141244.79,136489.88,141166.25,148348.15,143104.38,135624.55,142413.38,150337.54,143819.78,146435.94,144550.42,152502.01,152902.64,142744.88,139497.06,142393.33,137222.93
292073,189319.19,192845.12,168086.01,188597.59,186402.69,174317.96,169213.77,170331.53,156184.92,162324.18,186602.04,153020.63,167269.69,187024.49,175071.43,175500.03,181631.23,182824.89,174672.44,171826.04,181894.31,166247.13,195015.83,180221.68
293074,183686.1,181560.02,172556.78,187823.25,188547.57,192855.23,191009.44,178769.48,178841.9,177809.59,176430.98,190649.15,181640.49,183786.05,182230.64,210965.19,167134.11,198013.3,174822.12,187147.8,175877.85,179037.16,177858.05,194224.16
294075,134610.03,131782.37,126030.92,128859.56,125379.33,133422.37,130126.3,138574.75,134490.78,135461.3,118027.24,136496.67,121819.79,127482.68,131838.06,127001.09,134627.25,126437.24,132706.18,128307.96,122668.23,124821.74,120913.07,134952.15
295077,20450.7,22946.3,20296.07,19873.33,20145.99,21291.84,22250.6,21348.88,22011.64,20974.98,20204.85,21240.15,19834.72,23418.39,19338.64,21552.26,22476.13,20593.07,22784.63,20309.34,20585.77,21754.7,20718.83,21551.48
296454,254496.88,260447.28,246742.01,244226.03,228615.58,242689.94,235859.66,248659.06,238191.68,225857.37,243141.99,215437.3,244270.19,250523.5,240382.44,233022.69,231808.03,228179.58,229843.56,229129.98,219755.19,235287.44,240632.24,237380.39
297814,70989.53,66896.98,69126.39,68501.49,67043.51,75864.93,69124.02,69718.38,73585.57,72179.59,62594.37,75164.31,67630.23,63514.53,73865.78,68642.06,69195.03,70506.25,69246.34,73743.41,67651.04,73483.06,70395.41,73342.27
298815,97166.16,104402.38,91940.09,102358.25,102608.77,94887.55,92725.46,86701.95,93316.95,107475.01,96844.36,99761.92,97812.95,108470.23,97816.9,96780.23,94415.04,98441.11,101512.9,96397.39,95217.58,92573.08,107495.49,108591.17
299851,113090.11,107951.85,104493.93,108568.65,110522.13,114892.75,107945.19,116800.69,112250.55,112823.98,119675.81,115905.35,113562.76,114168.79,112122.88,103853.85,117098.17,114839.62,115807.27,115296.76,118238.31,110335.91,113029.93,108375.87
300872,90188.39,88345.57,84135.86,90696.31,82291.19,84153.61,85996.34,85261.97,86055.15,87287.45,83171.29,85131.23,94748.48,85487.7,81373.38,81775.91,91661.77,87306.08,92866.99,81937.38,82395.55,85333.19,91525.08,80415.36
301873,152769.5,137973.62,153414.35,146284.01,148149.59,138689.71,149551.18,157081.74,160445.48,142907.28,131996.83,129017.68,150139.19,152054.16,139131.35,150452.17,138270.35,138868.23,141266.77,153943.2,162028.6,141248.22,145391.65,143216.86
302882,155304.05,164068.22,153888.94,165715.25,156256.16,150081.47,152681.52,143704.7,158150.52,169735.87,171662.15,165808.78,157156.55,145620.32,173182.96,151454.38,159793.5,151644.93,148476.93,161900.8,159320.05,155388.66,164015.33,154151.93
303892,166489.34,185003.8,171908.34,169740.27,171128.71,179254.58,176414.93,169956.84,164262.41,163827.17,183919.41,173829.57,178158.84,176878.86,170303.09,178330.83,171723.51,168698.64,187708.9,164756.68,162476.21,173848.77,163173.64,167551.69
304894,147196.98,154767.3,148131.65,147999.73,148030.0,150664.07,156814.46,163468.29,142685.86,146672.81,151837.71,131450.85,145260.56,145947.85,148603.96,145127.71,154346.63,148525.26,145538.76,148479.75,138417.85,153346.07,149783.46,145927.76
305902,165990.63,176426.61,162459.85,165709.17,161686.46,169813.38,161947.53,169094.82,173581.89,167618.46,183661.91,174782.47,175146.61,175518.61,170631.42,163040.17,175357.09,165005.17,177066.44,165771.14,158012.24,178591.57,167216.72,177985.66
306903,123661.08,121728.87,128525.11,139683.31,143928.64,121446.51,135258.69,140741.75,131160.52,126282.56,138959.1,127413.91,130356.25,130333.9,138003.76,133049.25,132251.44,142674.33,135752.48,135064.24,129951.83,124263.73,140018.5,129808.18
307931,135136.61,135417.6,137729.62,130650.37,139674.26,122851.95,141673.96,129983.95,150468.66,132474.12,131328.03,130197.79,140659.27,133234.42,125802.61,139399.42,134618.96,140044.22,131202.32,122183.15,121434.66,138677.02,138779.9,142387.71
308932,138020.14,140467.21,161232.26,124444.15,125262.95,128909.68,129971.92,138670.93,135282.09,143441.87,126532.22,145634.14,125934.0,126273.47,145891.94,130021.47,127588.29,137236.35,135678.6,138027.97,130972.48,139537.08,134493.1,138182.02
309933,111826.72,103089.18,105235.97,112234.92,108268.41,99289.91,115448.35,114169.5,106013.94,115196.02,121954.78,115857.8,113900.15,115901.74,111790.98,119261.92,109486.38,109604.96,126723.88,111682.17,109361.23,118886.94,106753.69,115598.78
310934,89828.4,87283.65,89456.76,94927.06,87238.1,93350.1,85855.14,85566.29,86829.19,87915.1,84154.38,82681.74,85891.17,89668.99,89327.93,88844.23,93430.46,81257.66,90812.03,90130.49,79087.98,93612.68,87801.72,85843.65
311941,86298.85,84102.01,86493.02,93937.28,79676.0,89746.53,80031.23,90812.36,76645.87,86456.87,80495.26,79006.2,86867.25,84122.03,88801.4,80022.16,81319.97,92725.59,86755.92,86755.64,80603.2,84726.5,82744.27,79373.35
312942,88545.54,90719.09,76691.71,83788.01,86908.51,90107.71,90677.03,83465.85,77338.97,81647.36,85502.97,96148.69,74743.89,82232.53,89388.39,89774.12,86712.0,89876.52,88286.61,86468.0,80880.07,86044.78,86852.86,87001.53
313952,71452.98,73465.84,70078.23,67959.63,72413.68,70308.85,66039.19,70824.66,66710.77,70931.72,68572.9,69312.54,70217.96,75277.53,69508.32,74974.64,70304.15,71179.12,67081.03,71740.47,79636.37,70716.88,68770.2,74946.46
314961,60434.15,57175.67,54762.04,61130.94,61092.31,59141.5,57966.16,55935.14,51577.21,57130.06,63134.05,59238.06,61486.47,60839.32,58960.56,60202.15,58693.58,62376.45,65842.91,59338.44,61171.07,56756.42,60297.23,58304.19
315971,35819.41,36493.1,38470.04,33724.79,35836.38,34799.84,35972.39,35218.92,36497.0,36851.3,35721.31,36761.01,36469.58,34588.2,31354.41,37531.91,34933.49,36239.58,36181.32,36043.04,33406.55,35930.9,35185.87,35988.56
316994,5483.27,5353.87,5317.13,5865.83,5782.75,5744.33,5819.27,5842.17,5621.51,5753.19,5554.5,5775.06,5759.02,5846.17,5849.32,5611.09,5628.68,5321.38,5755.94,5719.4,5959.01,5738.21,5707.08,5393.36
319212,95988.32,91740.56,95463.54,97302.27,96230.91,94608.31,98699.87,94441.71,90782.27,96127.12,96981.88,96970.89,91817.31,93888.39,85555.44,92484.56,91477.6,92570.11,97626.3,90766.08,88668.42,98444.49,91157.98,107174.24
320221,71313.07,69449.42,63438.26,67576.92,72259.8,68459.61,77399.86,71450.53,74400.96,68931.83,70912.8,69623.25,68777.12,70700.08,73148.91,66719.01,65824.28,71817.65,68774.36,66535.45,63072.23,72704.93,65377.5,70904.73
321222,54609.64,60656.84,60482.91,52062.27,59627.24,54400.39,49229.58,58710.07,50108.93,56498.92,56368.36,54092.44,49736.92,55886.84,56471.84,53777.15,59178.44,53955.04,54625.24,55173.65,52973.32,52857.0,57093.88,50946.58
322239,67748.79,61717.58,57702.29,66018.95,61230.2,59589.19,63620.46,61309.54,64907.02,63305.69,62193.7,63589.96,60058.57,53217.79,66980.23,58689.69,67216.41,61492.6,66541.65,60647.72,59902.95,64910.26,65814.92,59922.84
323240,66672.46,65244.86,62852.91,58608.42,61033.0,55718.35,60631.03,59143.07,58905.79,66886.14,58359.41,67645.97,62986.46,62124.18,68699.63,66541.91,69525.11,65474.36,67824.2,63441.76,65566.18,64079.78,62284.9,68100.33
324242,66989.74,65143.58,66633.71,61822.95,70215.72,66079.89,62543.74,67088.08,65996.92,66920.77,64379.56,64843.1,58408.51,62486.72,66399.36,69946.47,67059.82,70959.83,68223.62,58888.64,59449.36,67019.4,63299.56,61515.4
325289,81522.41,86444.94,83724.79,74031.55,84761.36,79062.47,79335.53,80312.1,76123.62,81529.89,80188.93,79916.42,80767.17,88663.95,77195.0,81979.26,80417.71,76583.11,84424.66,83055.84,81702.83,84712.94,74305.61,87784.79
326290,86540.81,85728.71,90173.33,89211.49,84699.2,93954.98,89940.43,85913.69,75639.48,89120.65,81693.75,88026.82,83734.27,89286.55,84535.48,83572.01,85492.78,83470.01,90940.92,81486.13,88534.35,84013.84,86226.06,88925.09
327291,82950.3,88845.4,83821.63,96850.7,86571.21,75487.24,94264.98,85601.9,87865.44,82929.05,83064.6,96445.13,90975.6,94566.16,84323.74,84466.02,89372.73,95146.87,86530.69,95374.79,87642.59,92840.47,85585.71,83694.59
328300,104580.42,108777.15,99366.44,109114.34,103095.34,107676.29,105153.09,109543.3,115755.04,111535.04,103340.53,105845.31,113923.66,108824.99,100755.91,96767.31,111820.8,118580.5,101338.04,111501.43,99216.43,103865.72,107495.41,102355.21
329309,83949.19,82068.17,79636.26,85072.77,79180.41,83375.5,83185.29,82598.55,86860.34,85081.3,86412.29,83470.41,81688.66,85306.19,82610.41,85013.67,81310.97,89568.54,77361.43,85040.58,91299.94,78413.08,86537.77,82045.53
330310,100885.88,105338.89,109978.93,117387.78,105940.94,105155.72,107339.19,106256.39,114317.02,97969.48,101869.15,111152.76,113540.22,105330.61,112928.98,119999.01,115446.85,119558.61,105253.03,114311.06,112220.83,112001.24,108790.76,111049.93
331319,90686.6,92560.97,96685.85,92215.52,84781.64,95971.79,98090.66,87778.24,92009.01,94577.82,90973.22,93174.2,91685.45,94757.45,89373.03,99873.49,87345.73,93885.94,90206.5,87260.38,96635.43,92586.52,87516.15,90640.51
332351,114294.36,103981.49,113181.7,113020.33,112973.44,101500.66,119498.56,106924.42,111452.96,99966.48,114576.69,112710.79,100887.43,108640.07,115638.65,113484.86,101910.51,109571.75,102777.17,117247.37,114590.53,103909.45,108711.74,107742.02
333360,78055.92,79497.81,71505.43,84148.97,80130.59,78968.32,75164.93,75535.78,79486.37,83685.8,68105.59,77234.78,79186.83,84357.9,82397.69,79999.03,72664.54,74754.13,80180.03,80315.65,75037.11,80615.68,77875.55,80574.36
334361,74179.52,78477.53,79295.31,78931.05,82726.74,78962.81,77187.95,84664.02,79767.76,77328.19,77685.79,81000.18,77309.67,73546.43,78516.04,76908.99,82176.82,77017.24,76196.68,71806.5,72409.89,76923.69,86488.86,72095.59
335362,79267.67,73555.88,78918.61,76772.67,73884.26,75869.6,77562.91,72808.38,74526.81,76254.92,75061.4,79946.54,83002.6,75979.88,75713.31,79709.74,77395.99,75460.41,76511.99,72780.68,75011.49,85242.13,76648.61,73279.34
336370,48156.22,54455.69,53112.34,51934.22,49792.61,55143.96,52177.21,52458.4,55760.72,51958.57,58476.34,49947.16,53507.16,50117.76,53749.86,56894.81,53569.21,48488.45,53881.38,55219.65,49142.65,56621.29,51995.11,52225.21
337379,67563.27,67110.83,67866.35,65617.87,60872.85,59071.0,69067.81,64869.25,58938.36,67078.95,64268.53,63724.56,63690.84,63656.71,75007.32,70924.52,60731.14,68393.41,69058.46,59933.3,68393.58,68913.69,64008.71,66779.74
338389,70939.62,68959.45,68369.89,71600.05,70657.97,64446.68,67123.14,66158.74,63690.71,70108.32,64427.83,63432.36,62027.35,67982.67,74886.8,66743.31,69002.91,63972.65,69832.05,67564.86,69785.13,68937.3,68180.6,66957.94
339439,76273.86,87199.31,86784.66,77857.6,83321.59,80220.25,83218.88,85310.67,79408.51,80991.81,88128.97,78287.52,83727.92,84586.47,86603.86,86645.15,80029.02,84212.8,75553.92,74593.17,77437.91,90960.77,81420.69,79944.2
340448,78140.66,77530.34,77610.13,74790.86,73319.73,71572.12,74913.46,71507.97,81169.29,74457.41,72436.51,75050.89,76841.68,84704.82,76953.02,78172.53,73863.89,71946.14,75792.36,73335.85,78907.68,71306.46,69252.41,70162.83
341449,100109.5,99583.42,91962.85,90113.86,89093.75,91115.03,96663.86,96108.63,90903.75,87026.51,92627.36,97805.61,95446.27,97159.89,96913.64,88177.37,98353.31,91186.98,93473.44,93872.31,86059.72,88844.2,96468.35,96493.44
342459,77924.54,86743.64,82599.2,83978.51,91210.62,84120.9,92910.32,84375.32,89808.38,92796.68,90404.19,92470.44,88577.64,89664.67,87234.17,83457.58,86674.79,86048.17,82733.36,85347.45,86772.75,84207.13,83330.75,84700.71
343479,122208.71,120921.03,103858.96,101594.63,106501.3,108252.2,112700.91,104502.55,114990.02,113883.77,111621.33,115558.25,104063.17,112487.89,106441.53,114149.11,104752.56,108904.14,105284.5,104536.45,108601.32,109726.23,120541.52,113022.27
344480,77247.08,82038.79,75549.56,79404.19,78854.15,86538.54,72144.4,70399.97,71979.69,84595.86,81946.97,78594.86,80752.41,82706.49,76560.37,89710.35,82916.13,81278.01,76207.26,77204.14,77965.91,82281.68,87565.44,79161.95
345499,103620.27,106010.53,99582.78,98530.27,97515.5,93587.67,94305.23,102344.98,101734.39,94211.84,94791.34,99039.52,98924.9,90965.44,106648.57,101656.25,102127.7,104345.54,101891.68,98298.52,96238.23,104504.17,95696.61,98123.33
346513,76751.26,79944.26,82124.75,73472.89,77669.25,71001.96,77923.27,81943.83,74595.54,75749.9,77879.0,76423.19,78633.32,78137.09,80199.62,80103.38,76853.73,73313.35,73112.34,78566.43,77556.12,80017.22,76740.61,78002.62
347519,79063.9,81272.58,75823.6,81937.82,85697.71,81691.48,80593.28,85777.0,85445.09,91128.05,89261.76,92183.29,80439.19,80147.42,78591.97,78054.8,83268.55,83171.57,83376.13,90228.93,86961.11,82169.34,82467.6,79583.78
348529,62660.21,66639.02,60876.96,67463.88,64289.23,69572.24,66832.6,63684.29,60213.84,61678.07,68479.74,69031.85,63764.98,71344.21,59574.35,60173.25,67338.44,62692.37,69951.62,63011.98,66083.33,67761.67,62068.18,62207.51
349538,61350.82,58605.27,59227.77,57213.99,54093.36,55757.4,61356.95,58160.07,58014.15,63573.62,58601.25,65002.52,54336.86,62997.38,59753.49,59600.01,61913.42,59218.54,57215.0,61356.32,59248.52,60787.9,59405.26,60751.29
350539,46663.93,44132.12,48294.18,44757.4,49658.85,45411.5,49087.71,47095.53,45628.29,44529.61,47504.95,53225.75,45242.51,44868.09,49861.03,48932.57,50718.43,47286.22,55230.97,43356.94,50302.4,49330.44,46893.64,51261.01
351549,101187.61,88133.3,98744.26,102355.68,97126.34,98793.2,107859.31,97962.94,104815.2,101482.9,104653.04,105909.41,103432.11,111689.05,99797.43,92172.47,108697.04,102228.01,103338.12,99586.9,100592.63,99608.81,97417.52,101786.68
352550,67650.0,67281.87,68176.11,73038.75,66425.68,71312.49,64935.57,71028.35,66397.08,67636.73,66152.66,67486.5,67091.11,64657.37,63587.57,69899.02,69816.48,72044.98,66380.16,70395.25,64104.32,68346.87,68893.81,72453.62
353558,46083.7,57778.95,51023.77,55526.15,51783.68,52300.66,59169.02,59249.86,57542.76,53302.64,52576.42,53278.28,53090.74,51359.88,58643.83,58342.76,64125.87,54372.46,57569.93,50125.08,60253.71,50293.77,54496.74,54902.99
354569,43232.0,45476.9,44724.86,42748.11,45889.63,44026.63,42992.81,46221.79,44313.95,44162.61,43403.12,42457.0,47591.15,49874.81,42353.71,45676.6,44807.01,43006.14,42020.76,42265.03,42316.23,43910.46,45437.08,43387.57
355589,78705.29,80303.79,79476.07,76078.35,84295.09,84118.35,83201.49,76615.28,80896.34,80429.85,79554.94,79720.58,79385.46,82731.5,75068.18,82815.38,82237.17,80480.06,84211.37,79817.7,79711.6,84844.39,79505.26,71221.12
356599,49665.37,50620.64,47766.27,47578.16,45170.39,46157.6,48589.73,52261.08,47432.29,48420.94,51749.03,46698.64,50323.9,49375.14,50734.19,51902.36,51341.18,47903.88,48110.05,47051.84,46718.82,49633.29,49354.74,47499.06
357609,64241.42,66679.15,68463.78,65383.88,67795.36,67171.48,65352.15,69045.2,64631.95,61600.11,67547.25,66677.5,68451.36,68473.53,63248.8,67004.19,70295.81,66821.57,64701.75,68724.2,74164.62,65552.7,68586.65,67633.11
358618,35071.9,32806.6,33885.65,32004.37,33639.73,34005.98,32932.33,31310.79,32229.36,31443.13,35519.44,36199.21,34246.89,29511.89,31473.65,31979.24,32597.22,33168.44,32997.34,33379.69,33124.25,32682.95,31890.11,37110.04
359629,34793.95,33816.39,37975.24,34313.0,38949.37,38868.39,36501.81,38124.5,38015.52,38115.7,37024.96,39115.73,37841.12,38718.27,35781.59,37586.46,38455.06,36586.9,39813.37,36707.81,38772.95,40596.87,39604.61,35548.02
360649,30530.1,27773.72,30037.38,29205.85,30144.42,29891.47,29772.98,28899.01,30235.17,30546.36,26607.11,28057.09,28554.63,26771.89,31237.26,31186.28,30181.31,30889.86,28217.3,30538.41,26326.89,31001.42,27730.91,30103.1
361718,52235.48,48159.85,48269.54,53950.6,49330.21,53804.18,53269.55,48910.2,51454.78,49846.41,54799.12,47797.82,43758.84,51044.94,48764.61,48902.45,53222.45,53245.9,47049.45,49148.53,43344.68,50120.97,48211.48,56516.1
362729,41437.09,39650.69,43800.32,41094.44,40716.16,38518.33,41332.28,40180.82,41629.69,41622.06,38734.13,40162.33,41574.34,41228.95,40659.85,35822.65,38640.95,42755.63,41815.41,39887.34,38012.52,35016.48,38580.64,41319.4
363749,40861.22,38644.1,44965.37,41361.9,43724.49,42629.12,43843.45,41990.82,48088.83,44443.02,43204.08,48262.51,40290.6,45043.0,44184.02,40620.95,44227.13,42109.93,39232.48,41656.24,44838.03,39340.75,46485.45,41745.92
364848,47344.34,45175.94,46565.54,48364.79,51120.86,49969.43,51024.25,49460.92,48446.62,50065.5,44928.47,50299.0,47437.98,49114.01,51425.11,45166.24,46067.82,49921.96,46277.33,47066.8,47359.6,48972.25,46609.31,46899.93
365859,27300.45,29509.37,28940.32,28900.43,27811.19,26121.63,26194.32,27957.8,31000.29,25730.23,27303.21,27769.53,27834.67,29502.46,26000.1,28304.36,28595.66,26708.6,27605.84,26043.43,26207.47,26008.58,28267.0,29317.44
366881,50532.22,50269.58,60217.84,52483.6,54229.28,53168.85,57305.82,56732.56,55809.38,53518.58,57419.52,57470.99,55015.56,56884.03,53104.51,55445.77,52440.49,55244.05,56735.13,57282.04,49303.21,54013.1,57724.77,55159.42
367949,57246.62,56197.13,58494.87,51238.64,55515.7,57849.02,55309.23,61034.63,54930.65,55793.83,54691.18,57705.98,55925.55,57907.3,59146.18,55903.9,53513.89,61807.97,56879.4,62662.97,56444.33,53755.39,54945.43,55916.31
368959,43626.66,38447.73,40111.79,40328.34,40792.35,38830.88,38488.46,40595.98,40392.67,43181.91,40615.69,43825.74,40031.32,36834.93,37811.8,36496.17,40148.71,39843.69,38349.38,38367.42,36558.99,39964.1,38780.01,37430.82
369968,41428.43,39337.87,42438.43,41898.75,43748.49,41761.5,38320.69,41328.77,38149.8,42848.6,42207.12,44383.01,45497.32,39979.34,39890.94,41491.76,40191.49,43517.43,43926.29,43465.88,42671.4,41311.54,39421.7,41999.42
370979,44690.81,45372.14,47814.71,47715.56,46618.1,41440.1,46007.72,47222.21,44639.59,41516.05,44131.91,45161.16,45775.82,43563.34,47965.41,46428.51,46584.37,43773.06,48246.71,45130.77,45542.14,47334.75,45643.89,46667.43
372219,62000.21,57115.47,62941.98,60374.7,59645.55,56307.79,62028.96,58802.16,60051.27,59157.22,61424.84,59581.81,57822.13,55974.3,57165.48,60698.66,55248.03,49199.63,60266.88,54842.25,58664.53,59497.43,57903.27,61743.11
373229,49623.61,49507.12,49812.02,50249.92,48823.55,44662.12,45218.37,49120.09,48582.43,49214.78,50212.8,46556.86,43472.11,44984.95,50103.3,49185.23,45331.97,50359.05,46397.66,49364.31,50772.91,47940.86,49016.63,48738.02
374239,47193.32,44903.28,50128.63,44110.73,45543.91,47443.87,51013.46,43399.98,47508.95,45736.27,45119.18,47305.03,48422.66,43966.03,47305.57,46394.95,45361.15,44518.58,49642.71,48118.73,48661.16,47009.02,50703.3,46033.88
375489,58495.95,55194.34,63212.23,61387.59,60744.61,65617.06,61181.48,61494.65,64216.4,61465.35,63449.21,66631.7,62863.95,60266.93,65477.75,69084.22,58975.74,64017.26,66060.28,62304.13,58956.16,62109.36,60978.12,67455.75
376490,44347.69,48079.25,48864.04,45186.49,43079.78,45891.52,41187.12,46499.7,43448.84,46574.32,45611.01,43747.14,45970.01,46087.49,45680.53,44463.5,46386.8,49924.65,46331.22,46172.24,46845.77,46322.0,45871.54,45994.06
377499,39890.9,43750.13,43039.53,42893.42,43501.12,43144.86,40701.67,40690.02,42078.89,43619.54,42148.26,41597.24,44464.22,42820.23,43397.12,39580.37,39749.64,43015.62,39374.84,39716.77,43179.7,43214.03,42589.27,42290.4
378529,45180.55,47896.58,48917.63,49923.56,45446.43,50294.87,46078.99,46608.8,42098.54,41859.6,48924.16,47012.56,47840.18,43641.08,47985.24,48666.81,46289.58,49814.56,48999.07,50491.65,48078.28,46460.04,49302.54,44503.04
379539,35016.16,33620.22,34408.94,33794.34,32131.08,35558.08,32060.28,34420.11,29455.9,36252.64,34316.73,35784.2,33568.84,36804.15,34970.62,33245.0,31782.97,33691.67,38285.65,34402.91,31258.83,32357.47,33889.91,33093.33
380549,37204.15,32953.5,34909.81,35855.9,38356.84,34860.27,33669.66,36292.72,38382.96,34636.8,34715.64,38052.44,36384.16,35102.7,36601.41,33734.58,38345.79,34803.69,36788.09,37959.75,36548.56,38518.81,35420.91,34671.94
381609,49824.29,49834.63,47066.18,45974.59,48906.95,46952.41,48643.89,50482.85,51948.45,49657.16,48780.06,52636.29,51345.43,45470.75,49149.72,48929.05,48897.52,46570.5,47375.1,47185.08,48025.28,43832.06,51192.3,48665.87
382619,41870.13,39335.97,39508.43,40919.24,42304.06,40658.98,40096.28,41374.44,39974.68,40623.99,41888.1,42558.56,41502.31,40563.35,38585.08,38702.34,42331.43,42581.33,41153.5,43351.42,39483.67,40723.65,38526.58,43027.97
383639,58118.17,56343.04,54222.92,55620.06,53538.29,56388.49,52600.52,56065.97,52288.73,55774.85,49490.72,62407.72,56308.23,63043.85,51889.1,55179.05,59098.53,59285.34,56382.02,54947.91,54576.24,54683.69,58343.44,56285.13
384649,46922.36,49254.36,49419.97,46943.6,47392.49,45472.1,45140.9,48194.55,44229.03,48924.62,51884.22,49305.99,48654.61,48843.32,44529.11,45759.09,47887.95,47281.25,50805.7,46659.53,47791.8,46091.37,48264.3,52759.4
385650,54783.23,56692.86,48963.67,53183.84,51592.19,54411.01,53339.58,55063.3,55278.57,57764.92,51622.45,53101.37,53811.59,52495.12,54562.92,46305.49,54498.88,53661.43,51987.38,53078.59,51370.32,51184.46,54211.49,55568.89
386659,30876.18,29291.43,29273.21,28210.12,26798.91,28365.59,29237.69,28802.36,28872.36,26706.77,29818.58,28409.49,28584.17,27819.56,31152.26,26662.19,27013.22,28632.09,30221.13,24512.55,26141.42,26454.44,26701.21,28472.65
387760,49602.99,44328.85,43603.77,49647.17,44497.12,45106.97,46068.51,47108.67,48401.22,47642.16,49899.62,47535.94,47815.21,48860.48,42970.85,47137.96,43528.87,47349.53,46766.68,46285.21,49426.5,46055.37,45723.69,44431.84
388790,47236.2,48146.94,49867.88,48749.35,52375.49,53842.19,51071.61,51220.69,47882.02,49707.98,47992.01,49113.45,51527.44,51595.5,50977.97,47088.33,51614.1,47404.22,50228.44,54466.82,51220.18,52558.43,51546.26,53127.93
389791,40227.17,40777.07,39341.07,39697.47,37443.37,40080.61,39376.53,37936.09,40497.34,41968.64,43022.79,39498.74,40002.72,40483.62,40360.86,44223.68,41395.94,39642.27,37066.66,40371.26,40289.14,40250.57,39378.61,43497.97
390936,52847.74,49214.29,48053.72,50327.73,51973.01,54771.14,49768.11,54165.68,46824.39,55029.73,54669.28,53087.52,53217.15,50754.3,55032.48,54547.59,56168.77,52585.52,49974.39,54420.89,50280.82,53978.66,50522.69,51982.35
391951,51659.82,54763.82,59161.65,58292.62,55481.52,58921.85,59950.16,57824.43,58621.86,57468.28,54490.33,56283.21,59834.98,55045.64,55775.21,55891.87,57226.1,60888.08,58589.43,51499.97,55724.7,60558.61,56942.08,56748.1
392959,36194.49,36082.92,36673.04,35268.42,34460.47,36561.56,35070.21,32526.14,32396.3,36075.08,33994.47,37590.25,33567.92,36073.11,39366.77,35262.64,35560.53,32730.73,36224.46,38991.92,36105.8,35893.38,33121.13,36565.68
393960,22181.31,20944.69,21571.78,21383.82,22829.87,23515.92,22534.51,22803.76,21563.19,23646.5,21328.7,22708.84,22314.38,20397.98,21591.15,21751.76,22387.66,20640.35,20392.48,21609.52,20707.18,21990.3,22151.66,21884.11
394970,17618.44,17271.72,18246.33,17350.79,17167.17,18187.45,15870.79,16900.82,17170.95,18800.37,17264.34,16745.09,17320.91,18792.72,16066.89,17496.05,16610.13,17590.52,16032.67,18601.41,17667.87,16701.0,17836.4,15534.72
395989,3525.58,3483.94,3703.81,3888.68,3411.94,3762.88,3367.51,3550.05,3730.3,3273.66,3722.37,3432.25,3695.29,3771.71,3634.19,3757.17,3646.33,3799.1,3679.1,3685.2,3533.46,3627.68,3469.39,3810.23
397519,3542.45,3578.04,3151.26,3300.3,3661.42,3237.59,3520.77,3768.73,3356.85,3481.33,3710.59,3361.09,3691.33,3712.18,3526.07,3891.8,3432.57,3666.92,3760.51,3688.9,3503.02,3310.23,3239.24,3829.08
399309,251.04,244.0,259.43,253.4,254.3,253.62,273.0,251.87,238.14,259.02,236.0,239.48,245.67,277.89,256.67,229.26,245.1,252.81,246.55,258.45,244.9,273.79,250.61,262.3
412480,594.63,607.74,648.09,621.88,648.85,674.73,617.53,634.64,615.11,697.37,679.06,661.95,665.56,691.2,588.27,665.84,662.07,589.78,704.83,602.29,629.58,670.01,628.17,637.99
413920,124.55,124.73,127.62,117.22,127.73,129.79,129.13,136.9,116.4,127.97,132.17,126.33,119.98,132.85,128.08,134.12,132.91,118.36,125.61,140.7,133.13,127.61,130.07,138.98
421039,14947.74,14274.89,14912.85,15915.06,13591.48,14619.9,14681.86,14025.67,14536.97,14214.64,13013.22,14512.67,15678.45,13801.65,14567.01,14699.66,16193.24,15872.27,14588.33,14039.44,13375.27,16049.25,14322.56,13674.21
422050,10161.84,10694.92,9702.7,10431.77,10171.03,9670.35,9803.02,9555.79,10137.04,9759.37,9315.37,10457.48,9801.44,10148.3,9850.12,9579.1,9080.53,10541.69,8848.81,10191.98,10675.52,11008.05,10194.58,9774.4
423066,16773.09,17570.55,18058.67,17585.06,15640.42,16687.22,17925.33,16503.96,16620.25,17688.17,16585.36,17026.92,16894.25,18460.67,16970.7,17696.58,17490.93,15336.33,16432.79,16123.42,17777.69,16982.8,16354.0,16313.55
