0,120735.55,111617.62,117962.39,119715.44,118136.16,108530.71,118729.39,110996.31,117746.82,115892.24,118794.61,115765.31,118792.29,108229.1,118229.17,113985.68,123077.54,121491.56,117619.51,115027.08,116847.59,120294.55,111178.33,108711.26
1001,101706.34,107676.55,95500.29,101444.84,101946.01,109318.38,107375.01,107210.84,100275.34,106533.78,106213.57,109826.05,105171.16,106102.49,97596.26,103905.19,103701.17,96363.86,102382.64,100945.09,107083.57,99571.1,103122.62,102543.39
2003,64106.75,71987.25,66845.67,73525.72,68970.36,65839.6,64833.16,71890.1,72653.33,68458.94,75135.64,64838.48,72295.27,69202.44,73617.85,69182.87,71637.23,66320.53,67592.28,68832.78,69002.78,66177.3,66165.96,70247.48
3111,61058.21,58735.57,60849.81,55334.01,59532.67,59199.6,59966.52,64952.32,62640.55,64782.49,64051.51,66803.83,68258.37,66718.04,58437.8,60949.0,65974.73,61494.5,62580.25,63842.73,65191.88,68095.76,65832.69,66542.81
4112,76569.67,68482.65,74933.41,78245.8,76273.1,71025.4,72066.36,77645.85,74335.07,80537.68,78750.12,72915.84,74439.91,75391.49,75008.52,79439.43,80767.95,80410.32,74464.27,75103.44,73982.97,76805.02,72990.18,75710.1
5131,82493.26,88576.9,87150.44,92331.53,94690.16,89276.47,87371.14,79473.63,89530.96,89575.25,88625.69,89953.26,82573.26,88884.16,92831.9,84086.82,90722.85,87808.22,88812.14,88969.87,88684.9,83712.72,90687.61,84169.8
6240,109895.08,104802.7,108954.37,105814.94,109638.78,104278.43,98989.48,108223.14,107546.26,108957.01,102143.42,99223.21,103085.42,107694.29,102898.19,102516.46,108072.49,112773.32,103455.35,100206.27,114261.1,102971.04,112243.65,109896.9
7381,123763.1,118987.28,124119.37,122830.43,115083.2,115584.11,118366.5,126412.95,123240.58,117583.72,126712.69,120749.47,123204.59,119210.08,123094.38,113342.85,118775.22,109938.2,109775.27,136549.36,119048.02,122426.27,123536.02,113361.71
8383,114905.07,105926.66,113689.16,126947.53,121588.6,121787.38,116637.85,112348.93,120024.34,126484.71,122651.85,117356.65,122785.25,121933.5,115192.95,114257.33,122539.65,117180.01,111304.72,121522.61,119936.01,114891.76,123931.16,120234.72
9431,129692.28,128452.05,117984.95,132453.81,125237.3,119838.68,124132.35,108928.51,121953.64,139829.81,123940.78,126676.56,110084.3,123602.99,124192.01,130793.23,114594.74,133430.02,116177.68,128304.06,123682.91,134925.13,125643.65,127105.57
10580,90906.37,99962.11,101395.54,91941.62,98049.77,95527.69,96003.52,98345.85,87258.11,87980.5,97866.47,98479.76,101517.4,98602.25,96457.26,91650.72,92013.83,96317.06,91608.38,93460.23,83498.06,95781.56,93393.18,103234.23
11770,122947.2,119930.08,123374.38,123489.47,114971.03,126648.79,123043.76,123234.83,126442.3,126760.36,127917.99,125817.99,124733.28,139787.6,120093.73,117014.15,128877.17,124674.59,140017.06,127608.3,123565.32,135376.19,119050.96,120856.6
12781,116825.43,110488.65,97932.25,119297.22,113355.01,106497.9,113545.03,102123.83,100341.73,104772.06,114938.65,115802.9,105445.23,117058.77,107354.43,105858.3,115959.02,110202.43,108752.81,111238.37,109864.93,103610.89,112050.36,102992.37
13829,102227.55,120171.79,125104.87,116532.01,117851.81,123308.73,116646.06,112474.86,125932.72,118671.47,112857.82,131033.68,117867.68,117439.41,120370.72,118443.94,122956.21,117768.03,126157.08,105915.98,117462.4,127976.17,134736.76,108484.83
15019,123377.14,116219.14,129865.26,113213.75,121723.31,121369.93,124440.11,122625.12,121745.65,127671.38,113920.76,125121.72,124839.48,106757.44,120828.98,121942.33,113666.48,114510.9,120473.05,132159.34,112754.47,121402.7,126869.35,119925.05
16220,84575.91,96180.42,85720.93,97075.32,91576.42,87877.14,87382.28,90779.1,94158.44,92232.71,92919.82,90738.74,89515.81,93053.31,91664.73,94509.73,85135.82,98234.36,81404.87,95217.67,95550.7,89577.02,90687.7,91823.4
17230,126637.88,149995.53,146226.58,137092.72,133942.92,141894.47,143022.92,139839.93,151889.12,153214.1,135769.86,138985.34,150888.77,151418.12,151186.65,136639.77,155325.02,146308.49,138984.56,159203.55,145741.91,129589.63,150155.13,152091.57
18233,132438.55,114709.52,128662.04,121880.74,113677.79,136162.68,133168.73,133370.18,120432.95,127402.61,133919.64,127227.59,120244.58,137693.77,123418.77,137256.66,116470.89,130141.83,135986.91,133105.98,132257.53,123799.4,135039.51,124368.51
19349,154603.75,148302.11,159671.75,163997.01,152995.68,157858.91,144444.78,154111.56,157121.51,149191.57,162946.36,166836.27,164898.17,145273.83,165417.92,153349.8,138727.7,154482.83,163392.31,154437.87,154141.83,169453.69,142675.55,156711.14
20350,140398.25,118391.53,134128.14,142853.74,130946.62,127293.98,141608.25,140059.05,133947.77,129921.84,135493.35,120640.26,138270.47,131678.33,140338.76,133004.91,136644.5,127712.7,131463.73,129576.6,129906.1,133644.36,132175.92,119146.08
21351,162617.54,168377.47,165287.94,167632.21,167651.88,166709.75,170849.18,167870.09,171197.05,158151.31,164490.92,169710.72,183608.93,164858.58,165547.3,158477.22,184680.14,168071.72,178936.24,172026.93,156579.46,164900.14,163749.72,174264.72
22352,131268.29,129923.07,136888.91,126341.06,133958.46,138901.33,137078.32,126558.61,127301.19,122591.07,130377.16,130135.37,124494.23,138888.66,132464.05,133244.9,132363.56,113539.5,131412.5,129797.17,137491.26,130154.0,126846.07,125258.73
23359,139308.65,131660.02,135477.9,140236.92,127115.65,134821.46,132186.69,139472.85,140381.4,138762.02,153459.93,132847.61,138512.46,136259.74,135421.79,141593.12,137715.81,138727.31,142470.98,131441.09,128996.54,135915.75,132690.92,138477.95
24369,142618.4,129559.18,144643.69,133424.69,140806.9,134285.2,132277.85,146912.99,137328.44,141229.45,149421.76,144061.2,141135.89,143433.25,130165.86,130209.28,138935.55,136928.12,136271.77,131304.01,136612.57,136601.96,139057.59,144360.04
25370,145541.8,162263.83,153931.8,154673.93,160336.93,138679.96,143021.27,147872.03,157916.89,135963.71,152950.59,157796.96,148736.9,143262.2,155846.46,154543.09,145868.33,150969.79,145536.85,151380.63,145990.88,152491.6,145168.2,137627.52
26549,146654.01,139746.62,131975.16,145740.68,156775.73,144799.73,149965.53,133247.98,131044.49,131691.24,129688.26,146901.18,147823.89,153436.49,145871.49,135497.95,151525.33,137057.21,142926.79,135196.89,138651.76,140591.71,137903.0,139027.47
27699,188135.78,168325.24,169620.8,176695.06,178017.6,180388.45,187454.36,152488.57,183797.35,172641.59,176083.11,170985.35,181120.08,186988.17,170138.9,168356.95,171752.06,167123.79,169991.81,177258.51,191606.75,158304.68,181341.61,165970.02
28700,141625.06,133618.51,131456.41,141036.81,135430.19,126555.31,138714.14,145530.37,143826.87,133992.49,134247.86,122322.39,131071.31,139641.7,122205.85,142819.41,139565.93,137010.74,143668.85,125731.63,143007.32,135735.66,144401.1,147603.68
29710,156499.59,144344.47,168439.82,159521.29,154516.67,152020.94,150396.48,143948.16,146185.38,150321.99,148770.59,149398.3,157289.35,166111.95,162285.7,152204.68,162261.37,148370.06,154823.56,152992.44,144511.48,161399.86,144945.45,147304.58
30720,145636.79,149047.83,144699.32,132514.77,146476.57,158810.0,133313.57,141417.38,151629.43,134390.21,148285.67,145416.15,143493.43,140462.23,141825.83,159870.59,148019.82,145159.47,147465.08,148908.96,126623.12,146566.04,133468.21,146205.16
31721,117252.04,133765.14,123628.33,129187.24,151231.69,135552.17,124085.17,128881.14,121484.18,126075.58,133655.5,135666.16,124719.74,138488.75,122501.78,142202.38,124822.85,127159.82,130373.73,142205.34,132564.07,135586.26,122485.84,140521.25
32729,149706.27,147565.58,139371.02,137552.17,140721.61,154266.6,156224.7,153269.87,139463.93,146389.12,137268.66,136748.76,139125.62,152414.66,149219.95,141120.85,142241.4,148164.78,139229.94,139436.56,141381.2,140963.95,143214.78,136330.97
33889,155704.88,149813.84,150118.29,151536.74,158832.83,158721.67,159814.56,174166.58,160199.15,169236.88,171046.11,161719.61,177021.53,157511.89,158623.52,158424.84,158997.2,162386.58,167577.42,163787.77,166784.68,159388.07,169445.78,162837.82
34890,134338.42,133850.19,143190.21,148676.5,135717.02,138753.9,137276.52,140171.08,143339.55,144623.77,133480.11,139038.15,136086.23,138893.85,138140.57,142587.63,129328.4,148327.92,139717.73,144187.47,142487.52,118836.15,124838.75,135259.17
35891,140908.01,131134.89,135590.45,133325.04,137431.09,146588.72,122134.27,148061.4,129940.53,132878.48,149030.32,129407.48,125270.29,146563.82,136113.44,131104.36,132153.78,142661.81,137145.88,139216.56,132073.54,142428.4,142315.69,141623.39
36919,170128.33,157579.52,164474.01,158911.06,149609.96,173434.76,148953.36,152415.62,163116.37,156480.78,156280.23,157424.42,151500.15,184061.9,158585.29,150126.44,163968.22,156773.46,161060.47,150137.8,171835.33,156430.84,168550.27,146804.18
37949,176008.73,173296.42,164765.05,176930.09,153397.79,153303.77,162777.09,171710.82,167089.87,157673.81,155822.68,155880.42,169687.32,165899.74,165941.47,159647.39,156776.61,165312.8,153609.79,160640.48,181902.67,162135.81,158374.04,151039.36
38950,140089.97,128208.72,131013.31,126671.19,129822.46,144656.88,125910.8,123694.89,114365.39,126620.99,121220.57,127148.82,119645.95,130138.3,134919.66,130308.55,127261.3,132588.02,131357.67,131300.36,125205.09,129291.78,127108.61,134348.14
39961,139513.32,139844.56,132761.92,135918.02,146371.08,135095.59,143985.53,141836.14,151394.79,137700.5,123786.83,142229.25,148131.67,141592.54,141315.01,140705.03,146390.46,133609.1,137656.6,133845.59,136808.28,133168.63,139699.14,131037.02
40962,144162.5,142442.54,144494.53,128638.82,128045.57,135084.06,141564.87,140626.29,140886.3,136890.58,135803.86,140184.96,134905.44,139750.68,153189.66,135598.25,131807.13,121577.34,146669.46,126217.33,130916.49,135860.82,132355.66,134261.71
41969,104646.84,97430.25,107845.16,104637.15,106090.67,105159.64,106064.85,100165.47,109614.4,102325.04,114979.51,111793.02,113564.78,109683.03,106416.64,110567.54,111024.17,105720.83,115016.9,110941.08,106125.71,104442.68,104881.73,111949.75
42970,137884.72,115865.63,128022.39,117878.45,128881.66,142553.61,129616.77,125619.05,124188.48,114192.08,122368.04,127032.24,119621.49,133092.63,131685.32,122096.41,130817.12,127279.06,127780.17,116590.92,119379.51,119224.29,118166.64,122548.44
43979,125456.13,109717.36,121979.59,121046.64,126067.95,115311.14,120592.98,118940.52,126714.16,116924.53,121972.68,124614.52,114804.8,121770.41,123031.85,124447.17,119660.82,116183.06,117803.36,118979.32,111611.19,124103.92,127254.57,120368.85
44989,85436.76,91409.02,89836.59,88470.13,85375.34,87903.27,91782.6,92100.46,92834.89,90918.41,88052.3,95164.96,101150.34,81997.83,89014.59,91781.07,89574.07,84972.77,94547.19,80494.63,83652.14,87241.98,88783.16,96645.38
45999,90946.49,95615.39,98030.51,94279.61,89172.98,99367.64,97959.83,97846.51,103247.93,94493.64,92459.42,99748.49,91697.74,95781.68,92373.08,106539.6,88464.99,89032.39,100360.49,89754.67,99339.55,104196.13,95895.5,102589.88
47000,115554.67,125099.59,128212.42,125754.58,124732.84,117499.94,119456.35,123305.68,115151.72,120851.81,131893.07,125923.02,125379.85,125649.97,115776.15,121878.25,123435.45,129507.29,111145.99,118724.37,126308.57,123523.62,118888.01,112868.28
48009,114920.63,103835.76,112976.23,113257.04,122243.15,119180.35,109965.65,113934.75,114250.95,115066.33,99212.38,109166.01,107092.65,107735.46,113981.09,122979.09,105694.18,110275.88,118018.93,114423.82,104899.69,118452.66,112575.56,113873.06
49039,161114.16,168665.95,155155.45,168228.02,144875.46,166037.05,152363.12,157684.6,157876.91,150135.23,172194.19,165702.46,178648.74,167328.72,163248.69,174756.08,151611.05,155929.48,156678.51,168511.27,160515.24,142366.47,151302.48,160276.77
50040,118085.43,123344.15,130228.4,126967.02,139948.74,107054.96,129086.28,128585.71,127804.38,132105.36,124823.57,131066.82,126647.71,114352.78,134045.52,130137.97,123749.51,136292.7,129218.53,119110.82,139814.68,128322.32,124670.7,127701.37
51060,155203.42,139495.51,137737.72,130778.54,147718.43,137218.27,148402.68,131974.99,145260.66,141497.3,133267.43,125363.71,138509.41,139413.16,145672.34,134820.39,130284.73,138002.55,139857.68,139124.58,131030.13,130779.45,145268.95,136531.71
52061,97391.79,112608.49,117827.66,112400.96,109099.14,122909.95,103827.86,120240.77,116989.28,114291.06,112277.01,113345.85,110790.32,112153.59,116410.15,109459.79,112254.98,118362.27,116216.86,118886.43,109904.38,110242.46,113433.18,112777.33
53069,97836.25,91470.69,92910.09,91521.05,99861.03,99049.46,96319.72,100150.46,92636.35,92412.66,93328.55,95281.08,95419.24,89933.61,89190.44,94735.09,93052.31,97160.59,99825.27,90085.16,92037.38,84625.88,96110.44,96485.98
54070,104684.87,104860.76,103878.8,109012.28,100164.7,104887.25,101111.84,105110.93,107904.88,108377.44,105599.43,99801.91,102630.11,106353.56,103889.11,102331.08,105320.7,94178.29,111372.93,99012.63,98511.84,105035.51,106622.42,107624.81
55071,140208.86,139077.76,141781.46,149963.34,143748.34,142278.53,142760.63,140315.5,142587.3,145286.65,157211.75,145907.6,145861.45,137129.0,150701.15,144788.8,133847.92,140093.34,156525.56,145158.72,139985.98,154104.35,152733.32,139488.82
56072,125422.48,119235.89,127076.13,142477.09,134351.33,130585.29,129607.82,124058.21,133572.76,137059.4,120555.9,124961.59,128874.64,120434.3,127384.26,133405.01,128712.63,129998.35,117305.16,135190.57,133862.88,123061.09,128020.46,144249.67
57269,130491.8,136866.75,131410.8,129714.16,132788.83,126897.18,129357.64,126896.18,140544.99,135788.72,133819.55,139808.07,125856.93,134137.7,132205.2,124227.99,123847.22,129063.71,129317.58,136018.39,128906.44,124770.12,130969.58,124325.63
58298,87986.53,102383.66,98315.33,96310.35,104628.81,93824.8,106409.71,98999.81,107548.7,96175.74,103453.56,97527.48,100288.14,98284.93,89597.99,103739.78,90404.38,98308.38,102401.14,101403.22,98183.65,95954.5,90286.75,110239.43
59460,148008.73,143364.24,157124.63,153960.81,158607.78,142415.35,152219.9,156311.93,150956.97,158566.2,151769.77,146185.06,151794.65,155471.54,151819.67,161360.89,156152.28,143543.42,175269.69,146517.91,164996.72,144879.73,167829.75,153839.02
60469,138616.24,143234.28,152376.18,130792.41,153080.43,151079.1,143591.82,143665.48,159543.55,142343.99,141426.73,143144.48,153703.79,144541.59,142682.84,149565.46,147065.18,151695.27,148090.29,148124.87,147484.97,163704.94,144442.8,144946.55
61470,70582.33,69334.71,68907.08,69757.42,70626.29,70285.59,67827.3,64533.47,69863.13,62142.26,74814.81,68192.94,64651.82,68514.56,71003.32,71514.76,69975.65,67859.65,74885.88,76707.6,71417.63,72864.02,74620.04,67892.09
62478,114974.51,106070.0,110193.14,115169.31,106658.85,107828.22,113159.92,111541.96,108452.78,118146.13,112739.36,110118.12,118603.01,103303.34,112788.94,114764.44,113982.86,108524.89,110108.06,110031.15,119473.8,101293.96,103812.5,109946.3
63479,115162.06,108571.24,108465.47,114448.31,109061.17,109302.18,120546.47,106072.78,116042.2,107054.78,109215.99,107267.58,113936.23,107763.97,119922.68,112023.0,101724.16,111171.14,113172.71,106310.89,111188.6,104848.86,110904.31,114039.07
64559,134486.43,147451.61,134997.64,143095.94,142941.15,130363.12,141897.66,140330.69,142131.27,133593.6,133154.91,144632.78,127342.59,145716.39,138204.68,133398.88,144129.26,137343.79,135393.35,137661.53,134405.97,140133.4,129482.94,143192.01
65579,158398.09,156303.1,138028.07,156413.13,146193.27,162961.11,148329.1,138731.86,147697.24,156730.23,161110.23,139211.04,166594.63,153127.42,147158.12,159970.06,148454.76,150953.12,142822.68,158159.17,151423.99,153025.09,147483.41,150685.42
66580,131357.85,134194.95,124026.52,111139.7,135962.11,126706.38,122726.52,128983.88,138522.1,132677.96,128556.07,135102.13,133196.56,138325.57,125179.95,120111.8,134346.37,127536.39,118139.9,122378.93,125797.76,133807.74,135475.03,122589.19
67582,115573.21,108020.85,115920.65,121346.33,100833.1,121751.33,117525.29,111338.29,111088.43,108406.91,115152.49,119961.11,107833.72,117095.93,106227.79,112066.06,112507.61,107453.09,104853.95,106929.56,101627.02,110796.07,104949.82,105873.58
68597,123617.05,110923.26,120874.76,114222.25,113691.8,116690.77,118163.94,115137.22,112062.65,127837.44,118583.94,127323.52,120551.79,125192.08,124543.11,120768.75,118234.21,109949.71,120886.49,112801.92,122282.29,125095.03,117080.32,112424.49
69747,145025.52,135429.91,146654.25,142504.6,152139.56,139218.12,127182.96,144923.21,163100.04,136067.48,145878.83,153453.8,145110.01,145039.34,146763.3,152755.41,143392.77,154016.13,146792.19,149857.27,149746.38,144468.41,141167.72,145892.81
70748,113973.82,121669.74,107369.63,112593.08,112961.42,110627.36,120243.1,123136.01,108238.45,114240.6,111527.43,110470.6,121648.89,117740.85,116327.4,107369.15,128859.36,118513.27,112887.02,126860.02,123785.15,101585.89,114090.31,121001.89
71749,146275.0,148005.91,143461.67,155922.07,154051.43,155388.93,136098.33,141517.9,155009.18,150080.22,153122.59,161958.46,156022.68,143322.25,152242.49,160274.85,166201.3,144343.73,146874.79,150565.06,143727.99,153869.25,147141.29,161679.04
72750,134690.95,124017.9,137367.04,126274.8,128012.93,137135.97,122772.37,129221.79,113521.29,137700.56,131769.91,128965.23,137283.37,131308.64,138537.78,146421.95,142624.3,123372.07,122280.93,129197.16,131507.1,124615.19,136460.38,136966.57
73939,164519.08,177889.1,159395.67,160597.34,155777.61,153908.66,161462.28,146522.51,155647.94,174742.93,157816.09,149292.93,169730.1,155175.49,160528.09,151639.24,156593.19,181998.26,160047.59,161774.49,159437.24,158933.5,154468.48,155551.32
74948,170834.67,146217.91,177228.89,172881.99,171063.67,163455.66,179347.69,172850.19,171671.39,178833.01,174899.97,160559.36,169115.28,172490.53,166711.23,171331.77,161625.87,180689.07,166423.7,162936.71,157824.12,171733.65,162534.51,178762.73
75949,134958.11,135780.77,120980.21,128625.51,119113.71,130536.83,135852.53,124374.54,125530.44,132887.35,122263.85,131783.38,142448.78,113908.83,121604.3,130778.21,129963.11,132737.7,134785.51,130329.39,132241.84,133950.53,127846.5,121455.58
76958,154246.01,141843.66,149748.15,134645.08,158586.72,148956.73,140483.15,156542.37,153331.94,148189.37,147828.63,139401.03,150317.61,133705.73,157943.82,149856.39,139050.12,143872.61,140357.22,145467.16,148176.91,156007.34,142539.41,146469.58
78007,145959.91,152659.64,140501.69,146623.17,154972.24,145577.76,156741.74,153116.53,139107.84,160395.09,148591.17,144870.05,146627.38,156533.35,148893.43,133184.08,140256.93,141117.71,154720.46,148758.37,155040.01,144917.08,146947.83,126862.89
79208,167397.38,184256.24,173354.88,156622.09,159043.3,195279.77,168334.2,181514.41,166905.0,174484.39,171391.51,187638.64,171528.03,173783.56,174012.29,168675.02,177816.37,177172.03,171037.33,162664.22,179901.63,164481.2,166698.19,177705.01
80217,130140.69,104414.72,115408.96,109596.04,104229.14,111980.65,135555.04,115501.56,117762.09,126655.08,132979.45,114646.22,121382.23,126362.91,114112.6,118314.12,115930.04,122043.92,120492.66,119654.74,121417.16,124927.66,120979.87,122268.59
81218,133601.66,128696.66,137533.03,135518.18,127841.84,132353.34,124556.91,131464.9,130625.31,127921.33,123098.98,109031.49,126055.94,131397.0,127661.87,123810.97,129986.16,122902.65,124389.66,131210.95,130363.81,138576.48,123688.31,135224.99
82407,170455.96,198954.69,174740.76,173581.7,196871.91,193832.76,180848.25,180608.75,176549.72,172567.2,174024.55,174083.32,169935.18,179896.02,171621.3,168625.58,167700.46,156897.43,180352.67,184728.28,178163.53,169219.25,180224.3,174628.23
83408,145765.32,151359.27,127798.0,133501.11,138681.01,139280.7,139392.65,142046.35,132398.23,133753.96,135274.91,142979.48,143269.48,138179.87,150395.27,136960.6,138057.03,129103.08,154079.82,148130.68,152060.9,145625.06,145082.05,141742.15
84409,166517.33,175839.08,174201.59,168842.45,165243.07,185621.78,181796.51,174773.88,175928.95,170921.12,170888.63,173497.36,164063.17,172579.12,170553.84,187803.59,160043.22,174123.73,167878.78,163991.25,161754.76,177027.06,176812.93,179633.73
85410,131097.22,126737.15,124462.07,122671.59,128596.64,131107.07,139594.03,132928.67,131615.79,133067.03,125975.77,130627.01,145340.32,127686.09,134402.36,150039.72,135838.99,136159.8,123314.36,130704.32,137529.83,130635.8,130213.48,137295.46
86437,140711.29,146496.85,139968.7,137582.81,140052.68,140688.23,144171.3,138686.26,139209.31,140990.62,135277.57,144310.42,132363.5,139798.46,146277.96,140634.7,149735.93,129787.38,139068.29,128780.78,151496.19,138913.96,138962.92,142486.59
87440,113273.92,114299.95,116700.99,110276.83,103495.68,108137.53,103725.31,105753.05,101566.86,109352.01,114735.49,108283.55,113833.97,101942.01,107898.35,104916.88,114699.04,112718.49,110827.92,114612.77,112611.58,111405.29,103961.36,105374.96
88618,153629.61,158431.55,166813.92,172742.11,175293.02,153183.43,159719.01,167176.48,159899.63,153216.39,150931.61,175669.94,163788.42,142037.25,173713.85,152084.65,173874.58,172651.31,175087.34,153091.76,165232.35,149088.03,154277.77,166121.45
89628,163793.25,152274.23,169336.62,146630.41,152463.2,142392.46,146493.12,147542.46,148328.19,140559.0,157254.61,141281.87,151689.47,166256.89,153598.12,149106.61,150893.13,174074.68,151508.41,155926.07,153132.37,141394.66,158460.98,156073.57
90629,116350.55,117174.3,122449.33,127167.91,123792.87,108846.94,130833.15,112095.38,120566.37,113007.2,122148.55,124144.35,126833.87,125018.25,108909.69,118493.98,119273.93,112799.49,124316.47,123791.52,118245.48,113942.77,118086.89,125469.96
91746,154447.99,154147.09,159041.51,146324.67,148454.48,144274.1,154280.03,150610.81,167306.13,154495.18,152315.92,148674.14,153748.5,160083.85,159854.01,162619.4,148453.32,143306.21,160692.58,153669.53,149815.82,151464.75,141388.7,148341.05
92747,104709.53,89572.54,102197.92,105087.58,102794.49,98209.76,105793.79,103977.31,87191.68,102557.26,107254.32,101591.59,108051.58,98681.75,100649.24,104377.38,95313.54,105523.45,109210.29,105986.81,104740.8,99863.33,103275.32,101754.06
93748,99410.84,97288.99,92291.89,99350.88,99254.29,95285.73,86757.66,91755.76,100284.07,89047.88,100435.29,91616.38,100671.15,103619.6,104667.86,94820.59,88261.77,88290.56,99517.95,96761.76,94589.34,87180.64,87518.37,86585.29
94787,97452.32,103349.43,99386.85,91383.35,101867.76,95785.49,96344.76,94261.72,96971.18,95367.65,94599.99,98830.02,99870.23,93185.27,103639.53,102624.4,105298.2,96332.21,109534.81,95386.21,94564.58,101631.91,94947.78,98959.55
95876,122094.45,108094.59,134820.05,126298.48,126343.93,132714.22,124024.71,124849.4,131501.54,127320.21,123815.96,118696.99,122615.27,126758.37,124826.62,121851.37,121932.45,127570.65,125337.44,125144.64,129402.05,121377.02,128267.07,129170.1
96877,812.65,758.94,851.74,858.31,810.66,900.53,872.27,823.93,776.23,820.16,821.02,840.04,840.13,882.28,932.56,772.02,832.84,920.29,827.52,842.36,867.29,787.35,870.73,859.8
103193,13823.28,12876.53,12573.34,12823.86,11338.25,12309.28,14003.9,13140.02,12058.25,12762.12,12541.59,13714.99,13192.19,14012.69,12433.73,12848.7,13493.94,14289.53,12473.67,13173.14,12231.15,12668.12,12884.13,13281.73
104755,94914.98,106309.55,99465.36,102208.59,98387.91,98040.23,112898.97,106929.02,112280.26,104876.45,117500.51,106050.84,99017.2,106138.58,97830.52,98860.39,102617.74,102806.5,103729.55,116288.76,104208.55,100709.77,107425.0,110679.25
105785,172620.45,182329.9,179386.96,166664.87,175951.79,170406.12,156657.22,176773.58,166368.37,163322.5,177226.24,171937.98,167812.07,170207.45,155466.58,161725.8,166594.44,177409.57,161508.65,162807.99,178613.29,174127.39,162608.08,170920.27
106786,187109.21,183948.35,182231.59,192258.09,188275.05,180884.48,193189.87,194798.67,198344.31,200792.37,171807.92,183636.04,182895.22,213381.27,189470.52,187062.47,226637.34,171398.2,186863.88,188910.28,197781.77,169342.99,183718.12,194568.22
107787,143782.32,139213.56,141248.54,143678.67,131352.81,135778.96,136613.85,136167.37,125421.86,156379.42,142813.3,140167.72,148179.01,139668.06,146802.78,146939.66,136107.73,142737.0,132629.98,142803.83,144228.44,134710.71,134458.75,140812.91
108943,175999.51,191225.13,169915.54,180871.0,163775.81,172732.48,179502.83,182999.95,158850.37,175019.27,165909.83,176838.69,177679.95,176288.53,182536.69,172364.45,174298.85,178273.74,174247.95,181628.96,174866.61,166783.61,172447.99,159376.37
109944,97013.94,112012.27,114506.04,111773.69,109878.17,116107.28,108380.84,114321.96,116982.98,112525.87,118015.03,110235.21,118951.49,109395.69,111152.76,113291.18,122440.04,109720.21,107992.91,110323.31,113015.51,107289.63,109448.58,112339.03
110954,134570.53,139883.35,145196.91,136999.4,146973.02,138757.51,137250.98,132078.57,134446.89,144997.55,131953.13,143851.71,138459.97,142160.52,153050.01,144298.13,148947.27,137055.13,141156.55,143865.19,138120.74,147219.56,142222.66,142362.43
112123,154202.56,164813.98,163970.82,156596.35,176988.56,164652.65,147258.22,149204.55,160485.95,166439.35,166860.53,151206.56,160607.05,172237.84,156856.55,161761.28,158965.01,155977.92,152453.19,152176.5,167759.46,161035.84,165503.78,168506.85
113124,152020.85,144304.97,157801.44,135637.03,154576.74,146041.54,142407.93,149925.57,141628.28,149582.04,146185.18,156080.23,167723.12,136049.39,146807.86,143147.14,155133.15,166439.31,146959.85,160132.12,150964.04,159876.92,156035.97,168037.58
114133,141684.47,151831.58,154208.06,136741.91,138024.12,141259.29,156626.19,142019.5,150341.72,142292.6,140838.69,141550.24,147104.66,156423.8,146361.62,138848.37,135440.7,143444.08,133998.13,147930.68,133372.56,161688.75,144741.09,147256.28
115134,120911.7,115916.92,106577.91,110709.45,111237.45,117358.47,115175.66,109295.05,119529.1,110599.46,107668.18,114362.22,103459.03,111061.95,111696.1,112431.17,99518.42,111618.69,108978.67,109231.9,100750.01,103924.47,121799.88,112780.17
116243,132578.83,122275.09,134517.61,131735.54,126961.06,118512.62,141391.17,118963.7,133829.86,130501.28,125856.62,127584.07,137196.48,137321.63,126841.41,129851.51,136275.16,130265.39,131566.9,118980.31,142890.06,142888.1,137140.76,128548.47
117263,94301.84,97104.03,114399.03,101717.45,99929.34,107936.82,107658.52,105888.45,103065.16,108906.02,97098.17,109004.08,93732.64,101901.38,103400.17,105917.5,86810.49,104079.69,105393.09,108739.56,99585.47,105937.91,99928.1,102443.73
118264,121845.94,117024.15,113065.97,115133.33,117350.74,116414.54,112999.65,122973.22,123962.34,119333.13,123044.72,111912.72,119520.42,116688.96,116477.17,118167.14,118788.82,115383.68,114768.21,124461.43,129457.72,119503.32,107658.28,109398.6
119265,121708.66,133849.17,130530.67,136147.2,136582.52,132421.45,129510.53,138903.55,123967.43,130265.56,138811.61,130925.71,134997.39,139582.16,125772.6,133913.19,133993.5,130577.02,127617.96,129208.46,127108.42,138822.5,139986.1,135261.06
120273,146049.22,147663.88,158987.07,146177.36,161409.31,155128.74,149877.45,150935.84,152317.6,152728.71,156765.61,146033.98,166366.17,152120.17,161387.38,149463.19,162635.38,151061.02,153594.77,160016.6,144963.36,157632.79,159362.01,145780.63
121275,128608.93,117256.22,123912.57,119189.09,130039.6,129277.63,120423.64,117872.59,127778.1,122649.39,122063.48,129953.9,127914.11,124637.55,124509.82,135476.44,131389.51,128304.03,128583.95,114728.76,126295.87,124918.23,117573.06,118779.52
122283,154846.0,144447.4,147075.4,148217.65,141700.38,145516.91,145477.0,135637.71,141659.27,148008.79,139665.43,142601.91,144214.09,135574.29,151908.81,143998.23,162437.0,146417.64,146390.9,133213.51,147993.93,140255.56,150637.86,137152.57
123293,170194.05,156625.24,144643.4,162334.34,164141.71,173592.42,164440.73,165580.37,162310.58,160131.3,163356.36,171031.47,162473.98,170884.72,174556.69,178354.31,169785.72,176067.33,169810.5,153214.51,187612.87,163384.07,177787.36,170206.59
124294,201639.23,212784.81,216973.75,211852.34,201401.91,184965.21,190347.98,199052.73,214124.2,216098.74,210588.41,200864.01,208047.74,173713.52,206119.23,220377.04,211027.16,212917.08,201535.91,189971.28,211669.96,205890.81,205294.19,205128.37
125302,173877.66,177547.12,163154.43,167052.9,181127.86,175642.48,160148.66,189167.77,161352.17,164057.16,179344.82,180567.02,170028.55,169699.37,179108.46,173939.2,183920.44,177822.66,160955.18,169755.87,181730.86,175671.22,164709.29,165481.05
126303,139792.6,129064.04,130531.74,146387.95,128465.68,137630.92,125177.03,138683.76,142092.53,136984.09,145319.78,147758.33,145449.59,140426.25,142178.34,127948.91,133620.64,146260.59,137501.72,149981.39,135222.75,141342.79,140942.78,135285.37
127304,169292.65,171638.9,153054.57,175741.43,166808.08,169809.67,166281.13,185118.14,160368.91,186483.84,157213.13,174412.58,164481.32,163497.78,181124.65,174408.0,157308.17,172253.02,179409.31,173378.44,169583.91,159554.82,177536.08,183676.67
128306,163396.07,174652.69,174044.05,175108.47,153854.63,183568.15,166493.11,174571.92,178879.88,164659.99,184168.22,179145.38,172800.4,175793.58,174865.36,178255.56,166494.72,175907.46,172439.82,171202.71,171782.93,174656.69,165304.67,159173.03
129312,118245.51,124259.09,122559.69,137013.39,124898.05,133388.58,122824.52,130630.45,127925.47,138373.49,118094.44,136781.51,126893.09,127227.69,125727.55,126404.65,133772.46,123035.98,135429.23,134063.72,120633.78,133985.16,128255.86,128186.24
130322,126690.56,120311.84,118521.68,116845.26,114276.96,121567.75,128343.98,113837.3,129529.71,127414.65,118572.03,122832.45,127242.48,120167.28,124594.55,117992.62,121853.79,114266.43,125203.16,125273.68,120067.66,130256.95,118155.36,121539.99
131492,167893.83,188097.95,188616.78,166263.35,168403.25,180650.64,175722.2,176875.3,189497.04,179553.12,184044.61,193022.09,177874.6,192051.79,182622.02,179520.95,197228.01,191636.99,180944.27,187576.13,188810.02,183276.96,192551.22,172436.2
132493,195184.01,204352.5,206266.53,179945.94,197002.0,186878.78,192595.42,188386.92,192282.56,189679.59,178896.14,190594.14,197187.13,201053.87,190722.06,217032.65,211722.14,206265.32,207007.24,202573.95,192676.29,190033.46,202562.69,189775.31
133502,126670.45,121362.02,125253.8,128226.07,108857.87,133938.95,132470.03,127925.94,118186.86,134137.12,121838.31,117320.77,118892.18,128183.75,124166.84,120354.32,120145.48,131895.04,105494.06,127294.68,136042.16,128296.65,120040.01,124605.81
134622,128738.45,125071.26,143758.88,136531.55,142952.75,137901.34,142077.81,149417.16,145326.6,141318.35,144092.79,136717.24,135722.2,135366.57,133372.76,124941.16,136935.06,139321.28,146025.25,130247.27,133598.84,128297.83,125703.07,145626.66
135623,112575.92,119457.6,115158.11,110950.42,119186.54,111686.86,126059.6,111768.59,118699.53,109177.69,114277.97,118337.65,112235.83,109526.16,112531.47,115889.46,118721.37,120352.33,116306.16,110163.97,116926.1,113029.21,108145.83,102561.28
136632,108838.99,107274.58,111648.42,114209.47,110652.23,107377.6,114885.85,119800.42,119567.37,117790.07,105423.77,120538.67,114890.65,115323.46,123814.04,111789.82,113719.99,122843.82,121179.22,104404.88,109356.25,112215.22,116075.04,121890.38
137633,110544.88,108278.59,103144.7,100249.87,95096.3,100519.77,98379.37,114203.46,105053.42,107571.69,103205.31,102491.32,105677.55,109562.53,97895.8,93544.13,93320.26,104885.72,104023.65,106588.3,100121.25,104823.34,111590.1,98921.95
138641,102748.76,101449.13,94550.52,97251.78,94696.27,93938.47,95382.77,95153.9,95945.96,90508.14,99207.6,102661.61,99144.2,101576.52,101321.72,99301.04,90056.3,96105.52,95354.0,99711.53,95498.8,103709.25,93050.26,99592.14
139642,101983.01,99320.28,114924.91,101383.56,104995.6,100108.7,111834.48,98137.71,108365.33,92703.9,104677.05,108537.05,100374.84,105837.31,111523.72,100915.93,102470.93,105295.03,98938.75,99710.57,93092.57,112017.45,111066.76,106359.02
140643,136744.97,137051.9,128095.48,142191.92,143532.97,136923.8,129930.42,125797.38,127701.91,120657.16,138740.31,126279.25,135109.72,144182.23,131259.48,140601.68,135996.26,119810.23,142484.39,139003.32,137181.45,122296.26,142698.08,135874.98
141651,141497.83,146807.77,161891.32,154437.91,150994.87,143449.96,149160.69,154757.12,143429.09,140747.52,153033.85,153362.53,141944.75,152818.69,134754.12,134720.81,142614.57,158052.93,148458.35,152957.9,148408.94,145063.4,142460.47,150769.0
142652,148950.81,153400.88,142158.84,151076.46,150332.89,151953.42,167699.73,159907.71,155614.51,142428.15,150413.11,152230.39,154443.28,151263.97,155717.74,158587.94,154185.29,151440.35,162216.16,153410.01,145218.16,154274.83,161339.79,150191.09
143819,184890.81,163384.52,176551.78,167501.21,166872.33,181910.93,180166.86,179892.83,185247.02,188735.47,174655.02,176610.04,184127.62,207110.15,182722.34,197835.72,161264.15,171743.83,183864.61,182714.07,183479.94,191688.49,179614.42,195063.82
144820,129517.93,124364.56,122168.81,134024.37,128141.37,130240.68,118447.9,129893.19,119438.67,125113.18,126324.37,131205.61,121945.96,122199.11,129704.51,123185.17,123923.41,135204.18,120534.96,124988.55,120784.3,116538.64,135189.82,126024.66
145840,154540.58,168067.27,165717.4,165042.58,168125.63,171288.64,155399.0,164106.65,162980.48,168021.84,163306.25,156129.13,159581.02,170226.84,164125.61,167383.8,168143.18,161645.37,156682.27,177247.58,163557.19,155819.84,157455.4,159796.69
146841,114667.64,115165.79,109518.84,124715.38,127566.68,122753.17,124236.31,126418.07,118806.24,121628.0,112421.48,129715.3,118525.71,132675.14,127454.0,121936.12,114014.92,125565.97,108658.35,119695.45,125295.31,120979.22,128642.18,121425.54
147842,172801.27,165681.77,175670.77,158490.71,162493.61,156741.47,167346.88,144634.64,156438.73,151702.41,167488.37,159094.17,162823.05,150044.81,147038.55,146380.72,156225.61,159794.04,161205.51,170787.16,158093.75,154818.71,141859.84,141726.25
148849,94717.75,94211.43,90378.49,100167.7,91124.54,98655.59,89713.32,89162.29,101940.33,86650.36,91016.97,90023.91,97406.95,98577.53,93852.42,99726.64,94946.06,95131.25,81919.14,93929.29,97793.01,95056.65,93466.15,88389.77
149859,170800.46,164376.46,159158.39,161950.63,157450.51,172085.74,162607.5,159758.51,163796.87,172200.46,177721.92,166260.85,162152.24,167273.37,184429.96,165930.77,162700.53,155667.03,167036.93,162916.71,163793.31,161457.95,160870.7,175553.15
150860,152928.69,161759.35,157497.35,157906.47,189209.69,171390.78,177590.48,171238.74,167615.49,165077.45,151187.67,162232.38,157643.84,165077.51,169815.83,167097.5,164355.38,170857.28,161894.3,148883.58,180729.04,160288.1,152537.5,166619.88
151861,172421.52,183848.06,177666.69,165631.36,179811.06,192645.48,184155.24,180197.69,188728.47,178594.24,177941.75,177085.27,185942.26,187988.61,173804.11,178923.93,176549.37,174098.48,193179.89,185271.46,189575.7,172575.27,179140.84,173511.3
152862,164435.32,151784.36,155253.85,160360.45,159808.19,145312.63,164756.67,152228.53,154004.26,158759.68,157807.91,161528.31,162390.9,159257.05,155920.62,158010.51,166368.79,170130.3,169645.93,170967.94,158076.86,162296.39,155750.96,149808.93
153868,116529.8,101831.93,118083.57,109676.94,117953.84,103460.32,108926.85,112744.93,104744.84,107391.74,118714.91,109485.37,111355.22,111936.27,111506.64,109912.89,112460.5,103941.03,101153.14,118076.21,104720.53,112951.71,102741.5,105165.76
154997,112855.17,121195.81,116734.75,116106.12,119350.71,111769.77,119669.0,124238.78,110899.92,110033.63,112867.68,110214.02,109553.26,119566.62,104794.09,113915.5,119140.37,118649.37,113458.0,105647.83,109919.94,110764.24,107739.89,114424.58
155998,130692.55,121146.07,121398.55,132386.11,129234.79,123617.09,116180.37,124653.12,129464.51,136655.18,119449.5,116671.51,124478.49,126057.29,123453.22,122259.09,124739.37,103606.36,111272.85,120464.9,123925.51,116375.0,122043.79,139584.45
157008,135163.76,145136.88,127033.6,144261.39,147855.72,140575.94,129551.65,136806.1,152330.05,145303.76,139981.2,146267.93,140424.23,142918.86,142219.1,136847.15,150712.25,152106.3,148709.81,138406.25,135328.72,144590.26,146876.29,133823.66
158009,159393.68,166787.13,161933.81,169803.52,161658.89,155308.07,162762.55,159785.9,142714.62,147274.78,171525.46,166386.94,160347.37,157534.59,170992.11,145325.65,158384.16,155177.2,157172.58,154187.75,150468.04,160264.45,146346.78,149813.23
159077,169692.82,170913.6,173180.33,179124.67,161222.02,169721.86,174795.79,178872.4,177410.47,164152.16,150107.0,171789.88,159879.39,168337.15,168833.08,153699.58,159121.12,166551.85,160417.93,158602.16,150866.71,157202.54,159653.62,171531.09
160092,171087.45,154917.61,154453.09,161686.39,162801.23,166329.85,169523.79,154142.73,174257.02,161938.94,147628.27,169324.73,175587.03,163303.3,169813.2,168548.03,156011.54,155587.55,168411.71,156926.59,187524.51,157958.18,169695.77,175846.37
161096,180706.12,158160.33,165451.05,167964.31,156931.66,174152.32,168469.09,168554.84,164826.4,173820.23,167463.65,184008.57,165792.24,171568.47,158709.15,162732.22,178359.47,151739.04,183348.7,177133.49,175576.1,168925.09,173681.09,169030.24
162136,153420.73,152723.59,150477.02,155470.93,151342.94,160991.93,156640.94,147131.31,157264.51,165664.37,154303.4,162418.35,177013.28,147034.89,167540.26,150954.55,152452.91,161677.97,162301.74,166271.21,167883.27,151120.16,142172.93,155262.52
163190,144153.96,149128.06,162522.37,146547.83,147186.01,156808.87,154057.23,154046.48,164591.34,153738.48,162177.2,138989.0,151783.41,152530.61,147567.34,167941.18,147239.41,155328.02,151349.75,136045.14,145345.62,156907.35,157231.88,146515.6
164197,134480.18,122426.86,126681.45,128024.39,128832.89,129380.01,135961.45,113801.85,135994.97,142654.18,136585.81,126155.39,123999.92,130145.63,130884.52,134862.28,114972.3,128023.6,119435.7,135907.75,127157.84,133725.04,136093.47,138737.24
165207,96110.08,104344.34,105082.66,99312.01,99450.41,97138.53,101142.58,103182.89,104822.78,101878.06,94660.08,100978.44,95814.3,109028.28,94420.55,86661.96,94872.6,96263.02,99081.92,100908.54,96179.34,107496.29,92670.37,98608.36
166276,122580.12,133482.2,135621.86,141044.21,128940.02,126407.22,132880.94,133318.4,130933.78,137566.19,128808.6,130337.61,131542.39,127666.11,130120.27,127049.47,128185.29,135087.34,131107.22,136380.29,130372.67,130569.59,125170.52,130410.16
167286,122204.71,121108.91,111628.41,112128.57,104799.85,114715.43,109102.32,118085.47,102699.42,112988.74,105685.92,105151.46,118109.81,122495.76,119887.38,109021.72,111206.7,118363.46,117165.59,119186.31,110204.21,113830.07,113066.4,120949.76
168287,102296.55,105133.21,107420.33,101883.46,99877.28,95359.65,96544.26,103819.61,101323.17,98107.64,113403.07,103546.81,107663.1,107011.52,102441.98,89364.55,104222.48,112869.94,104867.34,100387.82,106093.47,96251.22,105510.82,97545.5
169296,154135.73,158272.53,165289.64,164421.71,149203.03,154256.28,151218.8,166103.32,143228.87,157668.13,148391.79,149878.9,157757.5,164962.18,164077.27,156622.45,167192.96,152154.59,147279.4,157247.11,149067.47,153018.97,144865.59,156726.74
170306,156263.16,158770.47,165883.73,142448.25,165733.95,172963.27,165766.75,157399.45,163606.24,166483.22,159188.01,148889.78,153694.6,154294.64,161520.63,147943.71,152761.75,159614.29,155072.98,188699.12,150283.08,161676.73,158708.21,172526.5
171307,156884.69,170489.82,145583.91,188236.93,168464.63,161171.87,169800.97,156305.91,155684.66,175607.83,163227.11,169174.68,163515.96,164356.78,156767.63,163892.63,173165.24,163973.24,176911.15,165834.58,174778.61,170760.03,157642.9,156691.59
172308,194882.89,172588.84,177471.65,172794.97,189204.1,168976.48,169744.88,169365.6,168748.42,171801.8,177167.02,166672.91,162064.8,190005.9,177884.24,176677.11,165414.33,167082.07,187861.58,177223.68,175497.43,164223.33,178695.48,169345.82
173315,161618.7,171797.51,155149.04,163192.07,172864.7,156785.53,161160.28,163774.83,147033.97,155728.45,165128.0,155900.41,162529.14,149453.11,167022.75,151381.38,157920.92,160966.48,158066.37,182825.3,165721.29,148446.0,150113.19,169420.1
174316,172089.19,170152.03,168727.95,175950.18,169084.27,190310.51,173348.16,170184.58,184206.1,176986.62,171359.63,167345.17,171228.85,173130.24,195033.74,165985.84,185455.58,167116.17,163004.41,164761.21,177370.71,186084.77,177345.98,162174.17
175317,170556.67,170613.93,169499.48,161383.19,166290.18,167299.21,170572.61,166627.32,164664.92,167915.11,149229.72,168458.38,184229.59,153806.56,180965.25,154784.69,175920.94,162102.36,156966.45,169713.79,151207.14,167140.65,166135.56,153485.81
176318,160510.49,157309.79,146261.31,161161.44,152377.0,160262.25,154678.33,168428.41,155484.81,143532.96,146133.12,155792.93,154334.43,149576.16,160501.23,150782.4,156400.46,150206.24,157120.24,144007.01,157940.87,166252.04,160159.71,160355.74
177325,142828.76,142432.32,143010.25,145679.08,141365.46,152137.8,139726.34,155117.67,139719.93,136720.1,136105.96,152018.67,153881.89,148008.77,144638.33,143011.3,138134.91,142890.03,143623.12,158600.88,154387.03,147987.77,150471.74,131317.02
178326,146882.94,142073.64,140449.34,146072.31,145079.85,140342.82,138826.15,135335.51,151329.12,134043.19,135618.06,146195.18,135868.98,145670.67,138799.11,133332.31,137779.37,134536.09,139458.73,123106.13,128180.05,134969.63,133916.58,141236.49
179335,136634.04,136690.84,138294.62,125838.13,135919.61,136737.03,126292.33,133419.05,125984.01,142339.82,125406.53,136924.28,130051.81,138730.43,129566.94,127192.19,134826.46,132355.93,139124.84,128833.03,131087.21,142539.51,138281.52,137748.35
180344,123212.99,123740.35,139049.45,133733.43,121482.98,113231.73,118691.65,118883.74,114127.97,116514.33,121820.91,123272.73,121652.06,138078.62,120732.37,119526.47,118957.21,127196.48,122823.81,125587.36,122351.97,128927.64,134228.4,128544.92
181345,128758.92,126055.98,132908.92,142186.06,127052.12,129265.13,133183.98,116622.58,140332.31,130139.95,125928.76,128340.43,121530.42,122392.34,130328.91,130433.22,118038.95,126517.52,121454.59,130615.57,134372.55,123354.46,129429.34,131694.35
182364,104239.74,110317.22,107025.95,106487.82,103262.64,105574.15,120150.07,105685.58,106019.61,114488.18,110515.32,105508.18,106036.69,108941.86,104869.86,107289.03,99498.31,104713.66,99006.91,114601.19,110171.99,108689.47,104468.79,113837.91
183534,150275.25,133454.89,147836.95,144090.04,146155.63,143752.27,145304.6,149284.4,150567.79,144279.33,141573.68,162083.7,149434.8,153279.57,154075.24,149363.03,150992.79,147219.98,147209.19,146399.43,152874.41,158494.37,131195.35,152951.93
184535,314.5,302.48,310.95,303.37,272.58,291.01,307.69,317.84,309.98,266.35,309.86,305.07,296.62,295.5,301.61,291.1,276.3,300.91,320.53,312.62,275.56,312.84,327.62,309.96
190050,272.83,255.97,271.87,249.15,262.62,254.79,247.83,258.74,257.4,249.71,268.44,266.45,283.67,274.05,274.28,230.73,246.35,249.88,258.43,257.97,242.82,250.56,255.22,272.85
191520,115095.72,127993.4,104742.72,118666.17,117219.53,118681.91,114808.11,110111.74,120621.7,120206.72,127333.41,113189.17,108838.74,114129.56,112196.56,121940.66,115361.27,119225.32,122816.34,124896.0,120132.22,118354.0,114967.01,112820.95
192530,92290.06,92568.51,91258.61,93123.35,95449.85,109551.71,100603.07,96993.88,104565.62,99907.08,95051.7,97365.17,99002.72,95349.83,90517.96,93948.17,101108.46,94973.37,101622.34,97572.9,99173.72,91977.7,89862.93,87483.38
193539,112920.25,107660.27,120110.44,114561.86,119246.27,117449.9,109425.66,107463.24,107511.48,119188.47,108302.8,119784.82,105731.19,115013.41,117289.74,108117.91,111592.01,108574.67,110186.2,118936.58,118437.22,116338.87,119701.79,118177.68
194550,119383.01,111494.96,110858.72,107339.74,124332.97,116954.83,127335.5,127337.48,119245.21,116483.55,110168.57,124096.34,114231.46,112879.77,124887.55,112463.63,106709.06,122107.68,125295.78,125381.25,113195.98,104921.63,120495.59,116054.8
195650,94705.02,117612.88,108485.35,108432.49,95097.67,92571.49,105138.29,100834.47,107907.71,103653.72,102959.24,96565.7,105834.76,102824.16,101988.43,100771.3,101539.09,99824.83,103045.85,105749.33,107044.78,101737.17,103434.85,116307.41
196659,104240.79,115390.28,108546.4,108986.62,97871.87,101260.88,102932.37,101447.58,105355.69,110321.65,107073.15,102982.45,102835.28,98891.08,106113.82,93212.41,111168.77,103381.18,99287.15,106918.15,99206.12,99860.89,108952.48,96924.22
197660,100943.74,104716.41,102519.15,102865.36,107484.43,102337.48,98585.34,104194.62,111629.53,107161.08,101634.71,100665.86,112272.88,95910.14,106873.01,107080.61,104344.45,107851.94,106601.97,96571.2,103413.57,107371.82,102974.21,110062.67
198679,111843.94,113016.82,107880.9,107089.14,99219.88,110168.74,113058.12,116994.93,106268.39,99325.78,107597.64,114000.31,105001.69,106550.12,107892.64,93049.4,110590.67,103170.35,112240.7,110995.97,114258.26,104930.51,111282.71,102409.73
199680,114317.71,125021.9,118747.96,113919.3,123466.15,119935.01,118898.85,123706.92,115037.13,105987.91,136186.14,114956.84,108769.45,124787.25,108030.84,116145.28,122569.27,110525.26,120481.39,126051.73,122747.12,119578.27,121939.81,120819.72
200681,138146.79,134928.53,129038.66,125002.37,135940.22,127769.53,126934.61,119414.12,136569.27,127296.53,132974.49,138217.18,128999.31,131998.15,132088.01,128007.74,142575.53,137825.97,136891.59,140082.09,122902.02,131882.93,122770.03,135293.88
201690,127682.16,124580.18,119773.1,134220.52,138149.47,134587.59,134980.07,119305.06,141356.02,113113.11,127379.23,129706.3,133458.03,132225.84,126551.44,129423.3,132166.74,131496.59,128626.46,129518.7,132562.16,140450.79,136621.15,133523.47
202698,114833.27,114432.54,119449.45,121413.64,113748.76,127697.47,118993.28,112178.14,118373.88,114477.28,125243.6,120999.94,115470.23,124338.1,127468.0,129095.38,123944.78,114499.87,122422.89,128151.73,122987.09,119408.2,120170.49,121086.07
203699,119872.9,110617.06,125905.78,121416.88,135549.36,120966.62,119379.64,124812.98,121481.16,122071.49,130317.95,123498.17,133611.6,128683.52,111660.24,118088.63,122951.14,120822.09,127579.42,118510.55,109094.29,118872.15,122791.9,115622.39
204700,106046.93,109864.18,100865.89,107309.03,104057.61,92324.45,103585.93,96855.33,103126.43,87611.3,110814.33,97470.61,106421.86,107713.7,93101.72,100115.46,105051.81,100860.82,110094.77,100900.85,112264.69,103711.52,103665.97,106019.72
205701,92072.12,88327.37,84401.68,81564.89,83120.87,87007.06,87711.68,96649.53,86052.81,88233.19,91667.09,80730.91,87598.49,85704.49,89927.86,90238.36,87551.98,82303.85,90079.79,87457.21,81902.27,84501.03,81821.59,82802.51
206798,84518.36,101354.29,86649.48,86947.45,104454.32,88565.53,95363.23,91522.92,87785.4,96714.16,92475.35,90551.17,87323.2,89047.64,95939.34,92476.79,89569.15,92792.21,90868.0,94610.74,100360.89,101014.57,93951.61,101066.92
207817,113429.12,114701.48,110289.16,113598.86,110630.34,106567.85,116292.58,108510.4,104306.71,112893.91,118070.47,107871.01,116566.68,117555.5,114317.69,109854.16,106203.67,113445.38,117278.33,116822.7,113001.67,122383.4,123578.02,114194.16
208827,98965.15,116334.71,98145.04,104440.97,122650.96,115571.17,112206.56,112967.71,112577.65,112865.9,105743.36,114694.18,119607.36,114693.76,113241.16,108195.36,118031.5,112481.15,110993.52,107378.29,109084.32,106805.08,107658.44,116559.83
209877,102805.05,111081.85,103590.77,103681.99,111807.12,111735.79,102890.19,100908.73,111211.53,102906.66,103251.01,98234.37,112431.12,105054.23,108562.95,96724.09,105951.55,97054.04,107704.91,114670.9,114523.29,113343.62,99516.42,106104.0
210978,105191.6,94006.04,106469.37,109060.23,95364.07,102906.21,105233.1,93186.42,95895.01,103096.63,101401.33,97266.92,96191.08,97005.48,96087.76,100157.0,93052.83,101446.81,98267.36,95241.55,98845.63,105991.36,97100.63,96170.84
212117,88594.28,86070.49,85200.37,88807.96,91454.64,81613.99,89963.92,90110.08,84194.1,87290.89,94637.83,84319.65,87316.57,87506.21,90317.25,89241.26,82086.81,83848.09,85909.57,83932.08,87066.28,81649.79,90060.62,83364.56
213127,53646.69,48862.19,51394.17,54501.6,51912.58,50378.47,55341.26,57273.38,52340.11,55469.66,54872.08,53113.79,54297.74,49489.18,51484.99,50254.89,49959.2,58630.43,52691.31,51186.42,52806.82,50343.64,56997.56,53430.26
214137,49398.2,50600.31,50838.35,54244.87,51062.75,54015.39,52626.82,51131.44,51658.82,48918.09,55125.22,51390.9,51901.64,47834.25,54225.68,54330.91,49258.91,51333.5,51754.84,53674.18,51518.78,50564.88,49348.0,53104.02
215147,83985.23,82506.82,91468.35,84352.43,82534.03,77082.19,85107.14,86324.68,83851.86,82186.72,89253.81,81911.44,78659.84,82350.36,86763.19,78717.77,85559.99,81673.43,81575.71,81607.4,85525.07,84952.31,88977.72,80674.4
216160,66764.76,64775.95,61469.62,60839.96,65948.15,58597.85,63306.28,61431.05,57984.53,69011.83,62607.06,63914.41,59838.78,68326.0,59120.92,59467.86,65125.98,67791.21,64401.84,61360.95,59229.58,67125.11,67167.45,67137.5
217166,44551.59,47811.48,49422.9,52841.34,49281.12,43156.63,49780.48,47158.64,49149.72,50154.68,47520.3,49089.81,46549.5,47833.12,46804.7,50276.31,43575.15,50667.23,48456.74,46914.94,46603.91,50286.59,49673.91,46336.82
218176,68395.17,68414.22,68630.96,73873.98,69394.67,73495.36,73672.31,70707.29,76465.73,64080.27,71679.06,67270.55,69457.83,62874.7,64712.15,68596.44,73434.44,68957.32,71232.92,68889.98,75310.66,69391.31,60873.45,67292.53
219197,93431.56,94635.99,83305.94,97984.79,86764.24,93021.09,91718.8,92074.27,94996.52,94446.73,90405.57,88450.83,85783.9,88437.5,91230.11,86405.08,89821.25,92574.28,83365.34,95424.13,94682.85,93782.26,84808.06,88982.45
220198,107490.02,107216.23,114093.69,114003.36,111775.25,120478.03,107166.41,107508.46,113482.77,95632.96,102241.0,109651.62,113950.96,97927.96,103546.03,96247.11,118973.12,109214.91,103682.6,109021.72,107310.41,110648.0,117279.59,113479.66
221206,92174.33,90851.11,87519.9,91595.61,101605.05,102552.8,85032.92,101840.1,88911.77,93117.36,88989.23,93118.93,103156.84,93143.05,100811.41,99261.56,103596.62,101297.52,101535.33,106620.95,102537.21,103210.08,94076.35,89183.12
222217,89930.1,85904.15,89995.04,101809.16,88102.5,94721.69,89454.88,89926.99,88131.79,90559.68,92909.86,82302.17,93539.84,90207.76,92396.23,84587.42,80961.12,82482.09,96347.68,94369.37,87079.32,81383.75,93029.73,90825.53
223225,51671.21,53823.09,49744.2,50679.76,53260.87,50316.5,47210.7,54756.65,50339.55,49650.55,48720.33,53865.9,50593.52,54240.38,50683.69,54075.37,50109.02,49553.41,53876.75,55928.71,52646.7,50360.19,56508.38,50825.58
224226,34410.7,33766.87,35953.15,34594.73,32237.98,34692.83,33674.8,34112.64,33025.63,33219.61,36604.9,35227.48,30404.01,34809.6,34651.37,34967.57,33175.45,35707.93,33414.55,39105.16,31240.78,36662.25,32281.46,35989.31
225456,60230.7,65201.71,57359.89,59407.86,56494.19,57183.03,60292.17,58123.09,59767.14,56577.6,58274.11,59377.32,57312.07,60115.51,58719.13,61321.48,57567.39,59513.09,62501.41,62142.82,61957.3,62260.53,55674.32,57969.18
226457,93428.52,100788.48,87001.99,100841.96,101614.69,102768.75,88954.01,99355.66,99103.04,94087.74,98419.05,93043.0,96060.42,93652.29,108090.47,91215.34,96622.72,100078.3,102811.61,103703.53,97475.19,88179.48,92166.13,100920.54
227466,41287.94,39005.24,37398.46,37060.65,37993.55,36422.87,40510.85,36603.66,38069.4,39935.9,39773.1,35708.58,38453.53,38335.51,39944.84,38688.67,38974.43,37796.01,40382.37,35444.9,39293.47,36027.92,34135.62,37415.21
228475,57247.02,53902.84,53334.86,56287.94,55916.84,55374.49,58535.05,54735.38,55712.5,48843.32,51909.61,56398.83,55465.92,54108.11,54764.73,51939.12,54143.23,52738.85,55007.74,57425.18,51519.11,51929.47,52723.9,61980.29
229675,75687.9,81459.12,75622.21,77266.17,71732.91,82861.85,82421.76,73786.06,76531.98,80960.59,75018.1,70304.25,84640.66,77487.42,81775.33,81332.07,72686.62,71841.08,75043.28,72645.65,75702.72,76951.28,77486.79,78517.03
230685,78135.82,80817.12,80973.34,82052.01,88117.05,80839.7,85305.56,84000.44,81312.46,87261.14,83813.79,83809.86,76270.52,87753.15,88253.2,80562.64,91094.42,85332.82,78773.08,81665.0,80527.75,84476.92,83952.36,87465.64
231686,91946.07,97171.88,88163.93,95436.76,89344.81,92103.92,92705.87,87679.0,95469.47,91244.78,88137.92,92998.45,96691.93,87599.94,86746.8,87998.7,93777.54,88453.18,93901.47,86008.16,97273.62,94783.69,91917.73,96300.23
232695,96362.57,99813.21,91046.59,83063.34,91352.19,95055.62,95695.19,89994.09,94675.28,97577.48,97423.26,93524.52,101890.32,87950.5,98856.29,96368.92,90608.77,95460.54,94755.81,90234.77,100769.99,91742.36,88258.85,97088.07
233864,122386.28,138566.49,131382.43,119506.22,131663.6,126077.35,125639.1,123318.05,127127.33,127461.27,128986.92,111251.85,112344.76,136461.03,129170.14,124024.48,117122.44,113034.66,126180.3,125470.74,126147.47,126439.56,128027.85,124964.33
234865,126057.05,148887.53,130352.69,145559.25,138222.94,140801.25,129177.44,136226.4,125095.7,133664.22,135354.39,125169.88,138169.35,131571.98,129779.11,128854.8,140839.23,147109.32,152179.27,130153.59,127857.85,127707.3,138852.06,136987.29
235866,106600.42,95178.39,108029.37,109122.5,103172.07,102171.03,103676.84,111397.84,118991.22,108410.47,105306.6,113676.91,108680.36,119006.77,109060.17,112916.1,112363.82,96045.38,107419.84,112448.39,107295.66,97022.58,114397.72,109790.54
236984,127867.81,132405.36,130605.84,132892.51,125428.43,125974.82,136174.92,132852.45,114368.72,132185.1,130286.32,139678.68,140373.82,133039.53,136308.13,139723.46,133430.0,129974.36,127012.69,136864.91,130533.96,140422.13,131483.82,120967.69
237994,152575.38,148830.07,147660.9,145524.57,139143.36,157128.21,150543.4,147451.63,137173.52,137140.0,140010.63,143502.49,147510.84,157819.06,136433.89,140060.33,164569.85,147172.36,147813.06,135144.09,153358.78,154378.84,146364.88,145367.03
239003,115138.99,112194.7,120670.26,117838.41,114996.0,122649.17,118407.79,116354.68,108890.03,108660.04,116301.73,123187.77,109029.7,110973.67,120853.45,110423.26,113036.45,118204.35,128891.94,118303.87,116093.12,106465.77,120698.31,116785.33
240153,136851.65,135936.46,139670.31,133513.43,132642.44,125324.73,140238.41,143784.95,132806.82,136058.8,132826.28,131487.99,135718.63,134742.49,142499.08,148742.74,131750.67,141515.06,133212.15,132069.35,137151.45,140493.73,137877.55,137845.31
241154,141230.14,123468.86,133590.14,148133.04,125579.58,126798.72,129856.18,148051.62,124953.79,137882.61,126055.47,135377.35,145708.6,138956.64,131675.07,145937.66,144097.57,137790.91,137360.82,129170.39,141326.31,129053.37,138603.63,143000.64
242155,122646.53,113277.34,122914.94,110470.93,123509.3,121361.78,115397.02,120411.29,119115.02,111280.05,108217.5,104629.39,123821.19,119169.17,122000.17,117871.66,126193.11,127313.51,121965.2,136801.49,126227.73,113651.11,131663.15,121123.9
243322,109459.2,118843.8,108498.12,113782.04,120666.68,123270.64,115387.67,117292.44,115935.05,120403.64,114117.5,125915.49,120308.22,110959.54,115803.48,123756.46,112117.03,110059.76,101771.22,116237.92,109927.9,116531.86,114545.73,108870.61
244353,124027.13,134171.02,122135.21,112753.02,133455.55,130008.56,129159.89,116795.87,135566.81,108056.25,126939.72,139799.16,122966.9,116895.54,126490.48,118802.51,127540.71,119995.84,123117.88,126655.88,128247.9,129411.71,119145.38,115646.72
245354,90794.86,98272.35,103314.46,91312.41,93307.92,89181.57,93556.72,96018.37,89826.04,93459.91,96487.28,94116.32,95086.08,83691.58,89375.23,92489.56,89300.31,92875.66,90766.14,77891.04,92328.26,89973.88,86325.67,90889.22
246363,103645.92,98075.57,100444.71,108834.74,106964.65,108643.69,100709.11,102173.77,98256.02,99336.99,100693.01,102273.14,104092.66,104408.51,109077.04,109187.82,105941.86,96110.58,99203.56,91843.9,94639.62,100095.09,101577.92,97409.45
247372,68293.46,73386.92,67918.64,68060.13,68981.05,68179.92,63494.39,76248.39,71475.5,66953.17,70064.23,72427.16,77093.49,71612.49,69489.63,76072.44,69594.07,69002.3,79348.11,72856.73,71320.9,69290.19,70626.87,71182.45
248473,64962.47,65678.34,69064.63,66693.63,68974.91,66166.26,67110.23,62331.22,65848.49,64785.78,64198.07,68418.8,62911.33,65161.89,67007.7,70142.26,68807.7,62519.13,66316.8,61470.58,68380.8,65398.38,64672.9,64119.72
249475,70821.57,69787.2,74709.43,70309.49,70892.19,70265.11,76691.9,74177.85,72974.02,71870.69,75259.79,79427.65,75412.49,68722.09,72190.1,72504.44,75408.56,72363.96,72011.29,69422.1,70080.36,65968.4,66740.68,71854.86
250554,42390.96,41783.5,42150.0,37835.19,43374.67,43136.54,40744.95,41973.66,45010.65,43163.43,43607.08,41230.58,44246.63,40521.22,44654.49,43058.7,41739.67,42600.26,41245.93,42190.21,43927.88,43872.03,41178.47,44065.88
251562,59678.8,52242.46,57567.12,54833.34,47652.76,54255.86,58302.79,49975.25,53293.14,52121.84,52464.68,52049.38,52814.79,52109.82,56187.46,57829.26,56877.54,46078.21,48145.04,53271.56,52482.42,55724.59,52157.91,59182.02
252563,80543.32,71409.22,73552.62,69430.95,72638.77,73998.28,68609.36,70763.0,68881.32,68852.3,63096.36,66338.29,71014.19,75189.97,71685.11,68037.19,67200.87,72259.62,69362.22,73757.28,72989.27,74848.55,63556.38,73921.73
253572,60592.26,64280.32,61816.12,60131.26,61234.89,61634.47,63363.01,59568.05,68361.17,63840.56,63878.08,58643.06,62875.71,72617.8,61123.85,59925.13,63413.05,63379.5,55044.06,65209.59,60990.26,56536.02,65126.91,64290.26
254582,79462.43,78476.95,88867.07,81469.21,86417.78,82458.3,75989.07,75182.86,79803.64,77139.99,89357.04,76928.13,81045.71,78334.11,84702.74,74781.64,72050.88,87197.08,78377.29,81748.2,81402.05,75200.71,80711.25,85294.34
255583,75721.9,76284.65,73400.18,78920.58,79793.18,78944.67,82628.99,80212.95,81907.45,79075.74,74011.54,82939.82,75333.58,79213.95,76612.26,76007.81,78523.16,82490.07,77249.31,75129.08,72033.36,85680.35,74772.28,87103.28
256592,98057.36,82169.53,86675.5,95930.73,90800.22,85953.0,88787.33,87099.9,81155.8,95585.59,83694.65,93689.23,97116.49,90615.67,85145.9,86423.26,87140.26,89920.95,93167.2,98937.05,88151.08,92697.59,88888.54,80816.37
257593,48948.13,51722.0,53729.21,55213.22,50450.04,51710.02,51341.8,52068.07,51084.49,53155.13,50105.35,50291.16,55678.38,55081.17,47068.25,50006.56,54231.15,50570.15,51349.22,53050.66,49899.1,50094.0,50734.01,54269.09
258602,56886.88,58770.26,52810.2,55781.36,51899.69,54095.92,58933.45,59020.64,58295.35,56010.13,53183.02,57044.59,54465.6,51475.48,53840.26,52072.35,60259.24,50872.93,55421.55,57697.27,55306.66,56074.08,57536.53,58794.81
259612,49222.04,50274.28,49923.12,50292.49,53224.49,45481.7,51845.51,50028.35,51603.84,48731.15,54026.29,51617.51,51356.31,49385.59,47853.19,46149.19,49939.29,53840.27,49675.72,48587.09,48410.36,52461.52,48566.6,50774.7
260613,71818.08,62796.94,70509.03,66879.76,66777.94,62738.83,66191.79,67991.44,64361.17,62758.23,60879.52,68640.73,70959.79,65314.6,65463.71,62206.93,72629.8,68165.11,64766.7,67684.99,60230.39,64433.09,65372.09,64773.02
261614,59901.03,64298.57,64464.92,63435.31,59689.3,58278.66,63219.3,62153.51,62709.4,59841.27,62773.28,61824.31,60118.49,60058.94,60817.72,62995.43,60003.7,62529.41,57312.32,61305.67,64306.13,62914.43,58987.2,60710.11
262615,92483.15,97436.5,83124.26,87082.9,90387.05,92276.49,89895.31,87352.22,88286.05,93037.1,90860.58,86980.66,95600.3,95316.4,90192.85,90779.3,82834.1,88068.87,85667.09,83353.99,94579.41,88567.28,95995.54,92379.24
263622,36341.75,38090.61,42948.49,38963.38,42463.19,36951.09,39850.35,41124.52,37924.41,42215.36,38933.57,41251.1,38641.9,37235.57,38843.3,42803.25,37075.6,42988.79,38749.01,36154.38,39817.45,43362.46,37288.64,38412.54
265904,221776.0,254572.2,251496.43,239982.31,229595.89,277579.35,259246.13,257401.45,260830.58,244734.35,237292.32,258247.87,245488.76,267652.42,253990.11,257993.5,225624.65,232949.75,239817.98,246795.53,233497.44,250386.81,248895.33,243207.31
266911,122514.99,129946.46,114288.48,116484.13,126270.51,132004.56,131757.57,133027.16,128645.51,123254.53,143922.03,133462.26,120743.87,121926.3,135849.98,135854.85,125207.45,126894.85,124618.78,136516.13,123213.71,139806.09,124486.26,130696.77
267912,102369.2,103613.27,106738.2,105097.11,104922.26,97063.89,102364.33,99975.78,108966.52,102933.16,105403.78,107823.5,112054.97,100142.49,101601.46,100998.72,94361.75,101341.02,96034.83,96477.47,97194.93,102282.62,99969.79,105562.37
269081,122253.98,123769.57,122277.7,138899.49,135599.88,133735.01,134000.73,124807.77,125832.8,123286.66,131064.81,134104.36,127500.06,127120.86,137228.74,127456.17,130934.51,136779.99,133623.54,132014.9,126101.09,124711.4,126412.75,131446.87
270082,150228.9,140271.66,155204.58,153672.06,141373.73,142489.08,145656.35,151516.2,163849.21,159788.77,150973.76,140966.23,155624.89,146958.49,160045.62,140585.96,158335.2,148941.74,145725.38,137905.05,164474.54,152725.28,153219.15,153708.77
271083,128975.39,143763.26,133220.75,136871.64,133904.62,123450.04,126329.37,134583.84,147010.94,136866.37,136393.31,133475.69,132311.09,129526.55,129243.97,129471.2,119651.62,133830.19,131019.21,127577.97,138151.86,129142.7,118457.35,131165.29
272091,141254.19,129711.5,126400.31,118911.66,133276.95,122135.32,121349.07,142236.34,120373.43,129279.38,140446.16,127104.72,125952.09,133818.85,138205.69,128425.49,136451.62,138039.2,124918.85,136638.46,128659.04,125547.71,123316.81,132630.96
273092,89694.91,87962.21,92471.07,93809.06,94555.85,79185.27,90225.56,89249.83,92094.68,89104.6,94732.94,82102.62,88336.55,95222.78,96035.17,87723.04,86002.91,93334.45,89848.64,83539.24,89851.85,93291.64,90422.29,93857.75
274172,112902.48,114750.33,124048.72,128162.97,133350.78,120231.33,120572.17,124137.18,123550.94,121379.66,128679.57,115413.32,122864.64,112851.24,110285.34,119643.8,119306.68,125732.59,125586.22,121062.78,118078.26,129330.06,113540.45,124848.66
275173,101660.65,103973.69,101406.7,99587.88,105403.79,104504.95,105206.88,105523.05,108095.98,118710.71,104004.11,110832.56,105886.1,114693.51,113737.28,100669.62,103394.45,115139.91,97968.35,102379.07,106530.43,98119.94,115502.27,103656.67
276342,137691.2,142428.79,141836.74,154998.37,150999.75,145773.38,158613.29,149639.05,148295.8,145211.22,146879.73,153200.35,136273.35,139160.63,143425.32,144999.27,154833.13,148979.81,144401.47,151260.31,150600.44,145609.62,141666.24,153664.02
277344,128280.21,116473.9,138869.08,122663.62,123334.16,117985.11,122898.49,123211.09,124298.22,126978.69,125477.84,134616.63,132653.98,132613.66,119701.6,123763.72,137966.49,137616.74,134456.72,130460.65,126631.56,139088.24,134313.33,119628.72
278345,96892.39,100603.43,94736.75,102465.68,97685.09,106205.86,98790.76,97085.22,95392.18,102300.84,95516.2,97324.88,98194.18,89037.63,110406.16,93475.97,100614.8,98174.35,96167.67,102014.1,89486.42,87873.34,93269.88,92984.32
279346,133626.36,138146.05,136836.74,146124.53,138082.4,141137.19,136069.56,146774.76,134949.62,143833.51,136088.62,131261.45,132997.75,125247.41,130747.96,141224.3,128886.72,131685.44,141712.97,137150.6,132194.38,142457.5,138193.55,142884.88
280351,137458.95,128353.07,130434.3,140919.32,142288.63,135089.78,123853.13,133105.48,137023.55,131451.61,136400.16,125885.83,127713.14,131664.08,132377.6,139963.62,121215.94,136302.7,138326.68,154117.67,152906.73,121020.95,130291.78,128986.05
281352,89762.54,94119.08,94246.67,91992.81,97788.58,88418.58,91080.67,101440.12,96237.37,89213.0,90850.6,100806.64,90791.93,88503.08,94212.95,100206.22,92448.01,88486.13,88352.98,97296.24,87333.5,89789.21,87940.72,92734.62
282401,173373.99,164017.21,175306.76,170579.35,171241.01,167231.46,169644.58,185117.98,186750.98,173412.74,171837.35,165704.26,194852.87,178833.06,173007.62,178352.42,172422.06,167018.79,179194.3,164713.28,187756.87,173191.38,174138.81,170428.5
283402,124224.53,122316.36,143689.54,127770.96,123414.33,121183.48,116111.5,125919.31,122542.23,114469.71,122442.3,116154.93,118520.05,124385.35,126023.57,119899.31,118149.67,125100.2,123979.8,121205.47,132808.47,116372.96,120652.64,120810.05
284409,161378.13,172707.81,157978.46,170161.5,160868.61,164253.9,186623.31,153103.85,160023.79,160061.18,170418.18,156019.78,172614.32,161578.25,157934.47,154625.08,165103.5,170856.08,159729.01,156148.56,169941.13,148091.74,158442.44,152529.52
285411,172521.88,152476.15,148540.4,160454.68,153033.27,154929.39,163730.03,159716.65,169626.83,165935.77,152267.33,158065.05,157733.18,175508.02,163145.26,151468.94,163958.44,161843.89,164667.64,148808.2,162737.81,157178.65,157930.18,168874.82
286412,98885.48,105771.43,95635.48,109699.38,102084.33,95963.98,105796.61,105166.31,94549.21,103466.4,99370.22,104653.52,113967.58,101734.81,96584.56,97318.27,98206.17,100878.22,92285.89,99724.95,97626.44,99848.58,99837.45,94724.1
287426,30102.25,28834.57,29409.4,30450.42,26845.66,30164.04,27908.06,30717.19,30104.84,29990.38,30845.92,31699.51,31779.7,30361.45,31149.87,31323.14,31052.08,31447.94,29526.05,30018.11,30633.28,31403.84,31774.85,31272.03
289641,293141.96,274911.05,275662.52,272552.99,308437.43,250492.33,301555.07,300665.82,297267.18,289941.51,300149.98,321187.84,274724.35,301486.17,292242.7,296888.42,317451.91,302425.79,316748.52,268124.03,292248.44,284681.06,276438.61,328859.99
290651,134787.26,138291.22,151954.36,144073.74,142275.51,145551.22,149692.02,143337.64,130910.94,142755.1,151200.82,150351.26,161109.32,145566.47,137350.58,154350.65,141157.98,151914.96,139249.05,147474.77,139205.65,146077.25,141461.81,148195.88
291652,127494.99,123703.57,121031.58,129720.7,130582.57,123506.3,131428.82,115471.78,120307.9,129696.58,130373.03,128924.41,135705.11,126395.43,131138.97,136506.36,135935.95,127326.06,123954.86,128979.29,136099.91,129325.2,138937.79,131763.19
292793,161937.67,171778.5,172069.32,154019.31,161287.97,177691.84,172583.26,152266.29,171220.94,176950.56,167412.45,148999.7,168328.91,164943.82,156398.68,158906.0,169463.4,164771.25,174442.09,156098.98,148998.04,162006.76,167213.15,178685.37
293802,128560.55,131998.14,138618.98,132511.22,120339.5,129964.44,136100.29,132239.65,138610.22,138540.15,134155.6,128887.98,121350.88,135080.97,131656.76,118605.35,124301.21,135480.49,138200.52,130638.01,138020.4,136391.34,147467.59,126873.89
294803,165854.78,143783.08,147672.12,152572.77,150093.01,158695.81,153526.82,164715.21,148525.05,173816.17,157764.61,146624.63,148701.84,149434.89,150817.76,148385.54,156123.09,144075.86,158834.89,153538.22,160770.97,152618.74,144644.67,148460.28
295804,136979.76,126617.28,129837.81,123623.29,136489.04,134418.82,127770.1,118782.86,134382.96,131651.74,117558.71,118041.63,122061.64,131662.72,137605.07,120098.35,135866.14,129482.87,141405.81,140659.08,116286.55,126914.37,129775.81,144017.39
296811,146914.97,143626.75,140355.07,147830.79,143914.4,142023.25,155333.85,150817.9,144221.75,143024.87,148945.37,138891.02,144441.51,143595.64,138870.97,155893.76,133709.7,144718.61,138939.0,143290.42,146567.48,141341.35,147020.88,141359.22
297821,183777.48,178294.23,183656.95,172104.96,163590.32,181535.47,180712.53,176916.85,159269.15,161263.36,178195.52,171922.79,165817.53,175996.68,159212.3,182409.05,184377.23,181918.52,173661.75,166792.04,160788.7,174145.74,171104.44,175588.63
298822,147679.34,160299.64,138880.82,133615.86,148812.26,140925.56,157711.16,152836.69,155375.79,146990.48,146983.4,144160.24,140147.45,141488.09,144980.37,145439.65,157341.23,155151.78,148779.1,146659.9,143548.47,155024.33,143600.48,149145.62
299823,37124.87,41920.24,41324.47,40230.62,38341.59,40963.63,39690.86,41683.13,39859.78,36880.86,42083.55,41041.64,41281.33,39699.17,42922.89,40191.35,39921.46,41346.27,39438.64,41061.31,40220.56,40639.09,38312.67,41640.7
301881,246321.79,265807.84,267777.48,276497.39,255961.9,248015.3,268436.85,251323.2,278021.02,252575.82,248694.26,262892.38,255607.49,264604.62,266056.75,259985.65,254751.84,241172.1,263445.38,271626.66,261905.71,265099.63,266355.45,264807.62
302890,77072.39,83505.44,76128.83,80046.86,85242.78,87223.52,81370.66,85157.89,84843.53,82607.17,78088.55,87334.23,82512.55,86926.78,81582.65,88545.26,75489.94,80271.1,85599.66,82490.0,81099.02,87886.05,79453.86,83909.86
303891,49371.72,48166.72,46262.72,43646.22,52115.45,50422.88,47553.39,46254.01,46488.95,43698.69,44394.61,46650.29,45347.0,44908.9,46945.08,46533.95,48946.26,52361.79,46819.04,47576.68,51522.34,45229.02,49833.5,42918.13
304901,16592.23,18138.64,16769.17,18306.48,17487.74,16069.49,15948.19,16356.57,17315.49,16140.38,16784.21,16791.85,16144.94,15524.28,16369.07,17213.08,17278.08,17698.68,16255.23,15719.87,16675.21,17427.41,16431.01,16052.58
305930,18793.05,19675.72,17882.6,18859.29,17123.46,17332.95,18059.76,17839.95,15382.88,18489.11,18205.65,18949.01,18331.87,18306.9,16851.32,18303.54,19424.44,17865.55,18722.21,16007.36,17956.79,19266.67,16795.94,17524.2
306951,27900.22,29783.18,28103.72,25703.72,24954.47,24998.5,24692.22,23016.56,26266.13,26064.76,25186.89,26001.22,26269.44,25938.16,25738.81,27942.48,27683.97,27933.83,27040.27,26372.97,25385.55,26402.12,24382.45,28348.6
307959,31799.77,29732.88,33873.99,33332.7,33122.11,33469.58,33403.02,32560.35,34375.0,32797.29,35378.45,32856.35,35998.66,31453.1,34902.39,34556.19,33388.36,35005.88,37809.35,34613.42,33365.48,34413.99,35847.91,34369.34
308969,38570.78,36897.88,41277.75,36001.52,36933.19,39752.23,36740.22,39603.72,35217.06,36715.85,37165.24,39214.65,37584.53,40793.01,36805.55,36850.95,35897.66,39709.23,33514.73,36968.51,38656.58,38134.97,36684.52,37392.12
309979,42712.48,43825.04,46779.63,46797.27,46339.95,44240.25,43659.28,48939.5,48702.19,44946.56,48363.57,46822.6,43976.01,41527.31,41360.42,49068.25,46747.35,50768.05,50499.39,50229.71,46968.49,49324.23,43493.63,46307.41
310989,45196.61,44447.14,46638.5,44663.37,49676.2,43142.27,45290.33,49058.77,46324.41,46798.61,47513.78,46501.84,47880.43,47653.69,50428.11,47323.39,46674.76,53293.0,46765.71,41511.73,45598.33,50277.34,45478.53,51669.96
311990,67407.22,75218.8,68766.55,75935.85,68201.74,66260.12,73098.73,72193.73,69145.6,76125.41,69870.78,65963.85,71393.62,73383.65,72950.76,71525.32,69823.85,68199.51,64961.64,74405.0,71457.71,71004.68,65338.05,62767.18
313009,84067.88,78661.6,84760.36,76705.12,66692.03,74539.65,80447.05,74974.02,72358.79,75804.4,70234.9,82354.49,80540.04,74685.09,74980.18,71468.74,72906.87,75700.6,78558.19,78544.78,76025.37,76152.55,73237.58,78560.85
314018,28308.03,28704.21,26486.74,27340.16,29735.89,27051.01,29411.73,27139.93,27372.45,29875.36,28094.58,29569.5,28344.33,30636.07,31380.17,27842.54,28245.9,30024.66,31702.93,29298.18,28721.69,27829.35,27462.07,30145.13
315418,38879.87,42511.55,38055.21,39078.34,41322.6,38309.38,40481.33,37971.31,38783.39,38170.4,40953.28,38885.31,37760.8,39177.38,40369.25,40123.42,37807.23,39308.37,38651.11,40621.75,40085.81,36319.61,39881.29,39528.27
316428,2500.97,2286.77,2618.5,2469.68,2300.51,2463.44,2429.03,2540.92,2568.27,2734.47,2370.44,2437.33,2564.32,2530.48,2433.76,2226.63,2549.93,2507.68,2593.93,2527.99,2651.16,2578.09,2309.88,2491.31
318634,77644.2,74868.51,73710.76,80612.51,75681.65,71840.7,72727.06,69734.58,74191.59,78159.58,76361.02,77149.92,75884.28,79313.06,81937.73,81449.92,70066.5,77028.13,79236.13,81577.15,73912.85,82619.15,71856.49,79111.7
319638,16853.28,17785.62,18440.3,17767.98,17055.98,16046.52,16708.3,16742.99,16782.26,17954.47,17014.4,17345.08,15533.59,18003.85,18225.69,16646.58,17376.3,17577.12,15677.49,16949.86,16334.41,16379.14,17748.32,16621.01
320668,15810.89,15622.24,16718.03,16241.3,15706.97,15467.13,14305.54,13964.51,16650.45,16173.82,14446.6,15457.68,16044.66,14915.39,14568.33,15589.41,15069.68,15660.25,15477.86,16297.77,16290.95,16365.49,14575.33,16088.26
321678,13225.1,13431.71,13327.7,12996.24,12236.75,12942.65,12096.68,12689.22,13705.6,12608.52,13381.81,12597.25,12632.48,12851.4,12880.65,12206.7,12877.4,12437.66,13141.01,12996.84,13002.44,13711.74,12498.91,13387.09
322688,13514.29,14341.1,15889.2,13858.48,15183.42,14955.83,14029.73,13648.64,15540.36,13857.33,14392.99,14633.97,13551.85,14962.35,16556.79,14652.06,14612.08,14050.95,15924.05,13893.17,13668.15,15689.46,14152.36,14116.32
323728,11865.31,13572.89,12086.49,11839.61,13101.43,13596.12,12892.59,13643.85,12771.37,12888.69,14080.07,13220.4,12211.16,13644.23,13048.95,12984.38,12741.31,12437.08,13038.68,13522.88,12647.43,13843.43,12910.7,13008.76
324738,13495.49,12927.89,13094.62,13605.1,12818.8,12744.07,13479.82,13622.96,13768.4,14085.77,14607.49,14535.89,13995.11,13567.81,14560.2,13098.34,13536.23,13720.56,12627.22,13207.12,13042.31,13297.06,13787.65,13176.35
325748,9527.48,9617.04,9019.16,9852.32,9466.59,9588.64,9815.78,9071.71,9226.61,10053.61,10161.18,9269.84,10044.38,9791.43,9744.9,9896.26,9886.88,9128.27,9451.36,9712.86,8938.1,9128.67,8752.21,8375.44
326789,1572.57,1494.18,1576.5,1559.14,1622.24,1442.89,1503.74,1456.04,1377.13,1407.11,1573.65,1541.96,1483.61,1564.29,1629.12,1612.46,1580.18,1546.19,1532.49,1552.12,1566.7,1557.77,1549.54,1548.78
334009,1833.66,1872.24,1810.69,1704.92,1897.9,1691.13,1724.16,1735.29,1772.22,1764.2,1868.96,1861.93,1905.04,1676.21,1826.44,1655.74,1737.22,1738.15,1977.04,1711.13,1765.28,1801.9,1752.89,1833.35
335310,1586.02,1443.87,1473.74,1540.13,1567.33,1516.7,1375.08,1413.24,1620.46,1447.02,1413.85,1503.81,1463.78,1536.71,1531.8,1387.05,1408.74,1431.71,1473.7,1417.67,1462.75,1377.95,1456.22,1490.24
336589,1342.77,1320.62,1288.17,1448.5,1288.04,1342.64,1432.16,1265.23,1326.53,1376.48,1309.68,1363.66,1318.82,1244.37,1297.55,1287.09,1454.18,1380.61,1389.5,1383.94,1430.1,1272.36,1439.45,1378.24
337989,1417.31,1578.47,1421.69,1401.66,1482.16,1372.22,1507.35,1486.06,1512.18,1488.32,1468.55,1389.33,1445.52,1558.02,1495.63,1515.51,1411.38,1499.34,1412.27,1320.3,1607.98,1511.51,1524.84,1502.0
339270,1505.16,1411.47,1463.89,1415.65,1456.62,1561.63,1493.87,1405.28,1375.78,1396.27,1486.52,1528.43,1368.48,1489.99,1437.25,1394.16,1453.07,1434.94,1434.78,1389.55,1409.12,1401.25,1500.01,1428.27
340549,1415.55,1411.45,1479.71,1497.73,1348.43,1311.97,1336.87,1449.53,1481.36,1540.92,1442.72,1493.1,1407.47,1468.37,1554.76,1454.73,1496.52,1394.15,1488.69,1517.02,1402.51,1310.43,1467.96,1428.4
341830,1364.07,1318.02,1209.02,1210.61,1227.99,1294.29,1406.86,1306.74,1213.12,1193.28,1222.42,1302.88,1280.42,1273.89,1341.17,1318.23,1290.49,1262.27,1320.56,1355.01,1338.49,1310.4,1181.2,1280.3
343270,1406.14,1554.05,1704.67,1503.9,1529.96,1438.16,1560.25,1411.88,1641.72,1573.42,1621.52,1565.9,1516.2,1462.71,1531.35,1526.01,1499.52,1519.83,1624.95,1561.14,1532.01,1473.45,1363.52,1497.06
344470,1287.28,1431.75,1258.14,1318.3,1369.8,1348.84,1151.18,1362.48,1196.99,1170.76,1283.28,1210.59,1369.22,1351.55,1306.19,1388.62,1401.12,1444.75,1308.57,1318.26,1343.84,1300.47,1230.82,1373.24
345510,1455.39,1433.44,1453.07,1418.01,1240.64,1583.45,1518.48,1469.11,1421.9,1481.32,1379.2,1512.55,1480.97,1549.88,1448.08,1362.51,1511.6,1363.01,1519.15,1501.85,1476.97,1447.06,1453.93,1469.26
346790,1328.09,1308.93,1358.47,1345.22,1270.69,1298.63,1223.76,1337.37,1332.64,1331.65,1289.56,1222.21,1145.35,1282.77,1279.73,1280.57,1264.92,1202.54,1390.59,1208.45,1262.2,1298.5,1319.67,1341.07
347878,2321.75,2176.77,2164.46,2341.46,2076.66,2166.78,2093.41,2326.75,2136.71,2159.02,2136.42,2405.5,2390.64,2177.93,2423.76,2245.04,2316.76,2319.73,2220.13,2183.5,2174.67,2257.87,2236.43,2116.05
349138,2183.48,2011.56,2033.81,2083.43,2017.93,2035.97,2182.67,2395.68,2043.63,2217.07,2107.39,2201.64,1993.69,2112.45,2130.88,2157.3,2101.65,2012.9,2122.86,2111.28,2014.86,2201.67,2054.12,1922.8
350478,1061.54,1075.98,1030.03,1065.83,1131.49,1037.04,1023.42,1010.65,1121.12,1106.78,956.71,1135.7,1044.86,1008.04,1145.9,1026.56,1130.08,1115.25,1132.56,1074.08,1074.2,1070.5,1077.94,1064.28
351759,979.19,989.39,897.24,993.25,950.04,969.72,1079.43,1034.73,913.38,975.96,995.21,957.31,969.3,927.85,1004.88,1012.07,927.47,939.91,1005.65,924.53,1021.29,930.59,904.26,987.14
353178,2027.61,2075.44,1862.99,1935.93,2130.8,2091.26,1984.55,2103.82,1990.08,2124.99,2048.83,1840.67,1981.31,1977.35,1963.43,1975.54,2055.46,1874.8,2060.73,2227.45,2101.8,2155.19,1954.31,2088.19
354298,2219.03,2211.83,2284.43,2166.63,2340.04,2258.29,2162.87,2166.79,2418.24,2212.05,2262.57,2407.3,2426.09,2280.84,2319.46,2280.75,2304.58,2093.72,2423.76,2418.58,2194.29,2354.34,2247.11,2137.99
355518,8553.15,8482.85,7696.97,7125.22,8287.87,7778.91,8082.64,7802.86,8012.06,7889.98,8198.08,7259.34,8244.95,8202.38,7558.78,7650.52,7577.64,7659.47,7587.86,8588.06,8786.23,7862.67,7431.15,8991.36
356749,8508.69,8743.02,8544.08,8026.25,8842.49,8374.58,8945.6,8768.43,8656.75,7487.25,8619.06,7484.31,8331.1,7676.92,8528.72,7630.71,8652.16,8727.23,8831.63,8849.48,9244.81,8700.46,8815.46,7198.25
357769,9963.28,9808.26,10814.14,11517.41,11048.77,10920.95,11031.44,10694.24,10530.43,10341.23,11424.76,11519.85,11233.31,11543.87,9806.33,11243.89,11695.94,11298.43,11629.56,10723.18,11429.46,10377.64,11511.93,10857.97
358798,11194.49,11469.12,11004.09,11716.55,10477.14,11105.93,11486.9,10080.36,10977.4,11234.52,11681.84,11216.82,11892.73,11634.05,11722.12,10657.68,11062.6,11943.48,11277.27,12715.96,10460.52,11524.57,11683.86,12377.59
359818,11789.1,11315.54,12986.75,12598.75,11181.98,10726.27,11581.51,12065.59,11913.32,11063.8,11444.04,11698.15,12028.11,11694.89,11331.43,11874.45,12311.32,12104.06,11048.88,11276.63,11649.34,12095.07,11908.77,11943.91
360868,14252.29,13306.25,14090.61,15211.52,13256.57,14193.01,14308.58,12945.58,13517.43,14225.59,14694.05,13385.95,14530.43,12656.28,12684.31,13783.39,13323.15,14446.39,14066.61,12912.13,12853.96,15180.88,13024.42,14404.28
361879,417.12,406.21,442.38,459.15,470.76,443.35,411.6,367.47,423.32,436.82,452.35,486.17,433.41,427.63,461.49,412.68,420.06,450.8,436.27,436.86,434.89,429.87,410.0,399.66
374578,301.07,302.49,280.68,324.65,298.62,286.19,296.42,312.91,286.73,281.06,299.19,302.88,288.29,286.8,316.96,298.65,281.0,298.18,300.65,308.34,310.67,301.04,306.89,308.63
376080,1741.91,1813.61,1713.59,1773.74,1633.21,1831.11,1686.92,1606.37,1803.63,1838.45,1806.34,1574.45,1734.1,1738.38,1671.31,1919.26,1792.98,1647.74,1738.62,1725.52,1536.51,1729.58,1662.1,1698.22
377149,2692.41,2569.17,2593.16,2401.04,2623.42,2457.06,2399.03,2337.64,2424.24,2628.85,2732.01,2487.81,2536.09,2443.53,2600.35,2376.66,2412.02,2394.76,2507.11,2436.1,2505.36,2734.45,2491.15,2505.43
378257,4806.21,4934.78,4816.11,4994.76,4589.15,5051.64,5041.79,5154.89,4926.84,5175.16,4932.68,5129.58,5053.77,4823.63,5049.19,5176.18,4911.62,5232.04,4829.37,5240.41,5013.85,5239.35,5015.32,5411.67
379361,2673.12,3053.7,2857.63,2691.77,2826.48,2756.26,2905.3,3021.52,3190.51,2812.33,3210.85,2923.22,2972.67,2839.52,2537.84,2658.09,2753.27,2456.16,2657.85,2901.84,2697.18,2814.27,2708.64,3074.26
380699,4924.98,5000.5,5125.37,4919.27,5515.47,4820.19,4859.92,5013.3,4933.15,5041.88,5089.55,4691.74,5136.0,5371.94,5010.06,5043.96,4815.48,4822.68,4509.55,5163.45,5213.22,4674.63,5292.86,4944.79
381736,2845.29,2531.02,2750.34,2608.43,2792.42,2647.63,2649.81,2751.37,2823.25,2608.41,2630.57,3080.3,2889.52,2780.14,2837.68,2752.87,2811.85,2680.26,2871.46,2777.67,2730.43,2356.94,2761.5,2714.81
382901,4248.95,4544.07,4015.16,4569.46,4463.03,4543.32,4216.94,4392.46,4464.03,4016.37,4630.71,4449.38,4721.91,4731.99,4445.49,4417.54,4832.84,4581.33,4766.5,3955.99,4415.54,4504.59,4729.05,5040.11
383937,2665.32,2836.87,3175.95,3024.11,3055.44,3017.71,2687.98,3100.66,2926.85,2893.18,2718.17,2928.89,2872.23,3220.5,2514.98,2957.86,3088.62,2839.8,3033.4,3110.09,2950.26,2963.33,2977.19,3148.13
385199,4625.17,4365.47,4571.22,4323.91,4350.21,4525.08,4162.86,4371.09,4499.24,4495.53,4538.64,4642.83,4238.98,4519.0,4598.03,4421.67,4551.21,4589.01,4207.22,4726.13,4282.99,4749.89,4586.99,4538.92
386341,3076.63,3022.78,3176.05,3341.71,3134.61,3474.58,3122.6,3153.34,3215.44,2735.75,3238.62,3143.27,3116.64,3100.32,3004.1,3169.37,3201.17,3173.86,3129.69,2825.11,3257.91,3072.78,3104.08,3337.17
387377,4266.06,4351.03,4037.97,4439.61,4348.79,4121.12,4393.69,4142.07,4301.14,4037.03,4709.43,4754.17,4430.06,4432.66,4813.56,3894.49,4789.38,4006.33,4519.88,4418.94,4783.53,4500.95,4255.85,4144.13
388420,4249.64,4234.9,3862.66,4201.27,4396.56,4158.74,4261.18,4345.14,4284.98,3902.04,4298.3,4053.42,4363.94,4255.54,4491.6,3900.86,4188.44,4454.13,3977.95,4355.86,4367.09,3980.8,4471.82,3960.13
389518,2580.63,2619.22,2630.53,2647.54,2654.57,2587.84,2710.66,2550.72,2532.33,2819.69,2460.49,2471.75,2778.54,2415.17,2712.19,2524.57,2814.56,2804.05,2649.48,2632.94,2624.34,2611.06,2776.48,2448.78
390759,3064.59,3272.54,2970.94,3181.43,3122.71,2915.73,3010.03,2956.72,2996.83,3056.19,3169.41,3052.49,3216.25,3177.2,2954.79,3314.05,3328.19,2944.3,3128.01,2931.74,3146.54,3179.39,3243.27,3043.93
391799,2257.18,2545.57,2424.44,2442.39,2584.92,2303.08,2507.38,2369.22,2314.7,2203.17,2407.58,2169.06,2413.91,2377.94,2240.65,2417.36,2449.19,2399.38,2644.12,2387.2,2458.79,2517.02,2582.5,2319.26
393162,4356.57,4539.73,4451.07,4286.01,4545.12,4949.74,4697.28,4417.1,4027.04,4579.5,4577.51,3934.39,4768.65,4741.13,4794.05,4171.89,4229.1,4501.77,4465.49,4203.37,4640.54,4517.42,4435.61,4408.78
394199,4814.26,5067.49,4966.29,5145.01,4558.67,4791.39,4999.08,4806.01,4604.13,4938.44,4800.14,5108.44,4610.85,5107.52,4740.16,5022.4,4955.2,4523.11,4892.03,4703.95,4892.84,4711.25,4436.58,4995.36
395520,5875.43,5699.57,6396.06,6157.06,6070.44,6336.98,6219.72,5955.83,5969.05,6027.78,5704.38,6365.58,5610.98,5977.3,5472.26,5854.02,5863.06,6189.26,5877.0,6469.05,5878.45,6161.81,6340.29,5605.7
396599,3895.28,3904.67,3821.73,3699.08,3879.15,3868.08,4106.47,4087.45,3931.39,3547.5,3564.47,3966.82,4212.87,3688.01,3644.7,3835.58,3912.67,4061.28,3909.87,4090.51,3753.52,4223.78,4169.95,3735.86
397921,4959.83,4507.76,4490.9,4715.29,4902.18,4678.02,4594.43,5092.57,5079.82,4968.2,5083.22,4552.95,4677.84,4718.93,5006.3,4409.21,4539.66,4744.65,4943.42,4543.5,4583.46,4253.63,4839.83,4956.53
399100,4533.15,4777.33,5517.43,4887.76,5064.05,4667.27,4498.18,5063.2,4713.19,4696.87,4712.8,5284.58,4971.12,4624.06,4399.07,4743.02,5261.19,5045.13,4671.92,4687.47,5126.74,4947.25,4640.34,4987.37
400239,1727.75,1785.87,1740.92,1816.64,1930.87,1796.82,2005.41,1875.18,1818.52,1871.99,1802.54,1767.83,1922.1,1803.11,1868.35,1852.97,1729.51,1914.53,1756.43,1823.67,1812.24,1697.47,2015.08,1909.92
402077,2493.87,2339.31,2462.28,2473.86,2447.7,2315.75,2373.0,2468.03,2285.46,2374.35,2504.19,2544.17,2367.3,2415.01,2587.44,2276.47,2295.63,2542.17,2498.19,2229.72,2631.46,2255.58,2400.3,2503.09
403216,3139.77,2767.47,2853.29,2996.57,2915.98,2995.23,2853.87,2962.91,2940.27,3021.01,2808.49,2772.04,3036.83,3022.97,3150.76,3106.52,2952.0,3339.66,3011.4,2980.47,2926.91,2991.27,3084.84,3035.32
404295,2292.77,2149.74,2434.03,2111.4,2518.1,2219.16,2278.77,2518.08,2414.04,2376.9,2465.3,2365.27,2517.3,2364.71,2407.86,2584.93,2212.25,2475.71,2532.32,2357.98,2423.12,2515.15,2408.31,2411.65
405440,4150.7,3687.12,3705.86,3883.71,3683.93,3843.41,3929.53,4004.46,4075.47,3740.22,3603.02,3878.29,3871.81,3904.64,3726.05,4092.18,3958.97,3918.94,3517.7,4057.72,3771.78,3824.92,3682.29,3792.85
406539,4456.55,4467.22,4281.14,4724.08,4155.17,4340.73,4879.37,4956.09,4734.7,4324.49,4793.88,4949.99,4777.81,4409.37,4663.41,4238.07,4321.72,3716.78,4275.1,4703.99,4635.19,4603.26,4271.37,4565.81
407559,5539.1,5400.17,5070.2,5688.9,5309.73,5379.3,5360.22,5446.81,5468.49,5070.75,5322.54,5115.44,4897.67,5018.9,5298.77,5239.86,4975.25,5676.17,5354.2,5273.02,5465.3,5596.03,5132.98,5299.22
408600,3879.95,3938.17,4118.33,4032.92,3997.93,4018.08,4436.51,4068.82,3970.47,4083.41,3940.25,4178.76,4135.71,3961.51,4174.23,4074.28,4008.86,4294.5,4234.16,4012.09,4395.64,4052.16,3994.95,4071.89
409616,2883.75,2974.61,2975.17,2952.66,2955.21,3095.23,2879.01,2821.53,2743.45,3186.86,2905.46,2719.05,2913.77,3053.98,2792.03,2884.79,2967.58,2966.67,2815.28,2992.01,3072.01,3378.07,2924.26,3122.85
410876,2316.4,2493.59,2488.23,2613.47,2273.32,2548.83,2572.53,2420.47,2227.5,2401.56,2437.77,2544.01,2560.31,2362.6,2242.77,2426.69,2398.34,2585.9,2629.96,2281.4,2472.68,2528.55,2618.67,2486.86
412178,2911.49,2953.56,2643.24,2938.44,3145.07,2868.47,3040.28,2839.01,2645.63,3035.88,2825.73,3017.26,3109.87,3108.09,2960.16,3221.37,3113.61,3139.5,2997.65,3139.79,2992.91,3007.08,3012.74,3007.2
413415,2371.6,2403.15,2294.87,2410.94,2419.22,2165.5,2388.06,2195.35,2382.94,2226.28,2460.92,2397.0,2490.9,2298.4,2375.24,2380.63,2236.02,2452.62,2286.45,2315.51,2463.19,2301.34,2195.15,2414.89
414599,1484.76,1551.33,1562.65,1599.35,1481.27,1602.39,1605.21,1607.69,1552.91,1510.59,1574.1,1447.42,1563.72,1565.53,1755.51,1553.6,1573.38,1646.95,1493.68,1581.56,1503.68,1557.44,1678.22,1696.46
415778,1700.8,1781.27,1586.65,1624.55,1778.85,1879.52,1801.62,1709.35,1709.61,1926.8,1686.84,1744.21,1702.5,1719.1,1740.86,1787.77,1706.71,1685.47,1731.91,1651.26,1766.45,1780.91,1761.5,1778.85
416834,360.34,393.84,403.02,378.17,380.99,363.04,364.08,392.84,359.96,399.34,382.75,390.5,384.94,387.94,359.28,371.84,365.91,366.81,362.8,401.19,380.87,376.19,357.83,365.74
417956,177.65,175.09,163.84,178.79,156.13,162.86,173.65,174.81,164.69,171.92,155.16,165.67,149.11,155.87,169.82,170.1,162.18,169.58,176.0,183.04,157.51,167.71,170.51,175.76
428457,247.61,259.87,254.78,271.67,258.03,259.63,262.67,273.14,269.51,257.42,255.43,249.61,267.03,238.86,245.19,248.22,264.47,256.97,268.82,261.98,244.09,277.26,256.41,246.72
430163,5511.7,5678.03,5787.63,5880.79,5534.28,6113.39,5919.89,5942.7,6036.27,6143.39,6069.8,5761.83,6134.19,5726.93,6233.09,5952.27,5719.33,6356.92,5619.16,5684.5,5786.58,5920.31,6066.24,5891.43
431340,9597.08,9409.14,9449.86,8372.4,9660.79,9902.76,9872.37,9968.08,9175.36,9373.46,10083.89,9716.54,9303.07,10079.44,9844.84,9892.59,9543.9,9656.62,9533.4,9413.22,9919.28,9834.37,9185.1,9270.54
432374,6936.58,7753.9,7873.58,7881.46,8021.59,7985.52,7648.27,8070.87,7850.35,7626.36,7567.38,8043.6,7788.32,7837.54,7348.89,7665.37,7387.62,7867.89,7038.34,7428.88,7675.41,7901.94,7590.34,8240.45
433455,7966.72,8566.74,7497.96,7641.16,8253.79,8221.13,7770.3,8124.27,7225.81,6719.13,8119.16,8139.45,8540.04,7503.6,7560.81,7699.02,8000.59,7944.91,7109.44,7368.51,8034.48,7014.55,7597.93,7878.14
434475,6934.37,6345.86,7025.64,5801.81,7019.58,6575.59,6483.12,7418.88,6984.7,6514.38,6733.66,6569.57,6817.66,6805.24,6612.42,6262.14,7350.27,6551.07,7169.22,7621.66,6648.58,6480.52,6910.04,6976.8
435495,6846.56,6708.75,6502.87,6553.71,5813.65,6377.46,6571.89,6259.52,6019.97,5628.19,6477.46,6745.71,5891.8,5997.1,6656.01,6726.81,6506.79,6162.64,6408.21,6468.32,6165.28,6319.56,6443.05,6454.78
436556,6221.48,6443.09,6171.83,6796.42,7036.26,6728.15,6568.17,6261.94,6190.9,6668.57,6417.94,6445.81,7052.61,6639.94,6924.12,6517.91,6909.86,6409.81,7134.97,7056.86,6819.69,6348.0,6975.24,6816.11
437594,6250.56,6845.93,6757.54,6779.41,6532.82,6565.87,6817.72,6760.47,6665.57,6276.68,6732.41,6699.3,6672.36,6262.64,6569.52,6869.97,6468.0,7330.45,7294.73,6518.91,6778.31,6934.82,6175.08,6306.02
438637,6733.64,7248.11,6830.62,6526.16,6814.02,6618.61,6487.02,6826.67,6328.0,6514.61,6918.42,6450.66,6283.31,6667.84,6614.31,6514.02,7322.23,6230.48,6830.36,7127.94,6679.76,7301.66,6568.09,6243.98
439694,6348.83,6515.04,6000.14,6209.98,6320.81,6076.39,6881.67,6093.53,5534.58,6105.81,6665.65,6251.12,5809.9,5917.63,6947.71,6449.65,6566.32,6193.65,6422.1,5748.17,6233.82,6871.05,6776.32,5909.01
440714,6332.03,6241.95,6083.96,6614.57,6030.94,6230.58,6631.25,6510.8,6114.32,7034.95,6225.43,6466.42,6750.74,6626.15,6964.21,6056.29,6796.66,7103.05,6894.79,6518.55,6706.53,6667.51,6670.83,7513.52
441775,6716.9,6699.34,7159.47,6134.86,6851.29,6374.92,6888.13,6848.33,7199.17,6734.65,7397.86,6796.79,6853.32,6480.71,7195.05,6474.78,6746.85,6569.6,6877.73,6262.24,6652.99,6054.33,6643.97,7393.53
442813,6101.11,6977.26,6989.19,6729.18,6266.3,6684.18,6678.46,7028.17,6766.5,7009.85,6971.47,6539.82,6327.42,6765.11,6905.28,6557.69,6243.01,6761.43,6604.53,6852.13,6694.78,6376.36,7028.07,6146.58
443875,7388.75,6311.73,7364.29,6789.24,7445.13,6877.81,6461.81,6996.61,7270.52,6622.82,6995.83,6941.12,6985.5,6545.3,6346.06,6352.0,7149.56,6753.27,7041.96,7047.37,7752.43,6733.22,6743.5,7460.1
444876,1327.05,1268.11,1373.75,1310.0,1289.38,1237.95,1343.85,1215.23,1298.26,1329.03,1310.15,1296.8,1325.39,1377.87,1286.88,1297.86,1331.71,1304.48,1425.24,1359.2,1467.5,1350.31,1271.23,1231.79
448987,25056.93,30097.93,27191.31,27694.43,29909.52,27776.44,27403.38,29165.18,30077.67,26988.45,25971.55,27378.31,28248.45,27369.3,30834.1,29765.11,27900.88,26579.52,25360.72,29202.87,29045.88,30185.3,29607.29,25635.92
450036,5369.21,5072.57,5842.91,4879.08,4841.81,5231.04,5098.68,4952.73,4974.35,5338.19,5471.39,5253.82,5261.96,5162.52,4950.26,5416.51,5198.5,5479.03,4773.25,5360.34,5572.65,5183.43,5096.08,5644.12
451194,6445.48,7067.45,6300.31,7054.33,6276.78,6249.99,6599.08,6161.3,6207.33,6167.55,7145.53,6543.14,6460.98,6102.96,5909.88,5342.62,6547.18,6035.62,6594.47,6554.41,6526.95,6439.35,6340.7,6411.36
452206,4230.2,4103.74,4301.73,4480.22,4323.75,4287.2,4085.04,4619.07,4167.58,4430.35,4461.92,4291.74,4431.32,3942.52,4570.51,3910.63,4116.18,4331.36,4056.01,4437.6,3880.72,4394.61,4099.3,3878.61
453253,6823.22,6569.87,6130.61,6805.83,6487.82,6942.68,6581.28,6477.68,6775.62,6942.08,6718.23,6969.14,7255.88,6601.96,7092.48,6804.84,7128.73,7104.13,6772.72,7237.38,6977.22,6817.53,6803.21,6506.82
454274,4755.24,4933.92,4711.54,5020.02,4929.02,4814.68,4922.13,4565.7,5164.1,4692.26,4957.44,4831.5,4776.72,4916.81,5196.58,4774.73,4829.3,4579.74,5146.93,4854.64,5077.1,5232.65,4701.98,4924.09
455316,4571.55,4620.79,4631.3,4451.11,4135.48,4547.68,4623.45,4503.81,4911.22,4769.89,4602.57,4490.68,4431.49,4549.48,4386.8,4598.66,4860.55,4904.57,4453.7,4489.52,4527.29,4395.27,4467.64,4874.17
456433,249.96,270.32,246.4,250.24,272.33,259.13,263.34,235.88,263.28,275.87,253.01,290.12,259.84,253.44,244.12,255.43,267.63,262.81,250.1,275.44,260.17,238.1,262.23,249.66
477354,28859.24,32809.13,30525.76,30265.7,28875.15,31486.14,30987.97,29682.91,27108.8,28324.6,29919.5,31675.52,29992.08,31629.79,29736.63,30066.19,30115.18,32165.31,29101.33,32619.33,31365.97,30655.05,31572.49,31838.81
478471,2389.54,2438.96,2373.02,2417.07,2173.85,2133.68,2408.74,2350.15,2239.92,2558.63,2397.53,2445.5,2569.75,2332.78,2184.44,2420.58,2135.12,2374.02,2200.15,2350.19,2673.75,2313.11,2312.16,2336.11
479633,403.37,383.74,425.25,393.64,372.79,391.64,398.64,370.21,364.21,408.15,411.52,372.82,355.13,371.63,411.58,366.81,368.48,390.18,389.04,396.17,400.76,395.46,392.29,395.88
496493,5906.59,5710.85,5787.57,5745.83,6015.16,5217.59,5784.55,5626.49,5597.43,5326.77,5308.04,5508.76,5299.04,5531.64,5979.62,5628.54,5242.79,5544.27,5529.85,5101.97,5460.13,5863.29,5403.84,5622.53
497511,4314.86,4424.22,4353.81,4286.23,4619.48,4091.44,4262.22,4673.0,4384.73,4295.97,4222.94,4099.66,4326.28,4199.43,4470.94,4113.67,4187.54,4575.96,4350.52,4490.93,4081.64,4552.43,4260.33,4111.88
498593,5863.33,5474.46,5707.18,5710.16,5730.49,5974.38,5470.86,5996.63,5464.97,5693.48,6146.35,5661.97,5268.06,6049.71,5475.94,6089.57,5492.38,6194.73,5749.55,6232.29,5707.6,5978.04,5841.71,5319.16
499648,4631.29,4229.41,4568.49,4742.32,4706.45,4862.63,5083.78,4529.41,4843.74,4286.33,4883.97,4459.26,4679.47,4459.76,4388.65,4368.6,4283.57,4698.96,4461.77,4764.22,4735.92,4582.23,4722.57,4646.26
500650,3370.86,3324.7,3250.42,3124.03,3536.21,3127.18,3453.05,3289.08,3614.43,3532.6,3607.65,3546.74,3520.05,3404.39,3405.03,3590.78,3447.15,3559.62,3543.51,3560.92,3500.94,3492.47,3329.33,3451.84
501849,2917.22,2684.39,2850.23,2625.26,2721.14,2739.3,2841.79,2832.3,2932.84,3035.51,3034.4,2994.68,2890.32,3010.93,3021.94,2621.43,2995.12,2844.39,3033.24,2712.54,2870.05,2661.03,3070.56,2979.22
502991,2013.46,2362.84,2063.32,1980.51,2230.43,2185.78,2072.26,2304.66,2114.46,2065.0,2200.86,1998.38,2190.52,2106.73,2119.43,2272.33,2000.11,2074.02,2049.53,2282.33,2152.1,2055.53,2345.39,2100.53
504070,2468.89,2270.98,2603.91,2323.22,2331.52,2398.01,2385.76,2415.52,2451.43,2521.58,2266.26,2410.29,2666.08,2686.32,2606.41,2346.69,2791.27,2426.76,2563.23,2365.7,2642.31,2268.75,2640.74,2339.42
505192,313.36,348.26,344.41,346.69,345.12,328.65,344.64,354.37,344.32,336.7,333.56,344.19,332.36,342.09,341.47,317.3,327.05,339.71,328.11,350.33,348.43,348.51,344.62,357.84
509292,2147.95,2035.3,2009.54,2219.15,2290.59,2045.0,2071.42,2227.74,2308.99,2168.81,2197.49,2074.37,2065.63,2187.41,2107.65,2035.14,2162.0,2138.02,2211.45,2346.75,2322.85,2080.7,2125.62,2151.92
511900,8321.66,8300.62,6807.61,7494.25,8311.2,8430.59,7935.99,7333.81,7457.05,7640.85,7516.67,7036.41,8002.8,7445.27,8033.79,7447.32,7484.91,7616.66,7886.11,8370.08,7472.03,6636.79,7592.03,7443.75
513056,6245.72,6040.92,6255.8,6181.38,6264.97,6702.37,5755.89,6069.36,6616.52,6137.36,6482.96,6423.15,6449.86,6222.45,5849.92,6718.23,6255.19,5985.05,6844.6,6543.14,6942.79,7000.77,6368.24,6251.6
514094,6139.74,5908.98,6354.39,5993.67,5944.11,6278.78,6363.85,6137.59,5631.32,6179.17,5544.13,6750.93,6407.84,6607.44,6156.55,6199.37,5653.5,5966.31,6532.49,6301.99,5740.12,6187.47,6541.75,6331.44
515154,6801.41,5884.17,6245.28,6049.32,6898.72,6488.79,6091.25,6372.18,6384.13,6634.93,6462.24,6809.65,6183.15,6816.81,6603.42,6362.88,5867.95,6578.73,5853.26,6117.58,6681.66,6178.42,5989.48,6616.96
516174,6525.04,6637.82,6343.61,6796.32,6474.6,6629.91,6550.31,6814.29,6822.3,6269.58,7001.26,7316.85,6768.42,7067.25,6531.03,6367.94,6770.71,6224.32,6614.13,6955.97,6746.59,6309.01,7131.38,6106.51
517212,6584.83,6049.46,6348.59,5879.01,6260.42,6105.39,6115.19,6046.11,6254.39,6167.93,5902.13,6009.55,5915.72,6283.06,5913.63,6344.55,5669.4,6583.3,5874.05,5933.28,5811.37,6286.14,5774.12,6026.57
518275,6244.11,6489.69,6574.83,7429.24,6621.56,6798.97,6680.57,6902.89,6755.46,6677.35,6714.04,6482.49,7069.38,6706.24,6589.18,6842.64,6956.81,6935.76,6930.36,6516.5,6692.99,6529.18,7012.13,6241.19
519313,5878.87,6417.64,6033.02,6840.52,5978.05,6521.77,5914.13,6671.66,6245.7,6552.75,6389.15,6610.05,6505.53,6219.04,6284.57,6582.16,6651.17,6946.68,6672.89,6405.44,6677.8,6822.1,6815.62,6340.07
520333,6763.11,6809.63,6132.21,7158.97,6563.85,6562.26,5957.18,6331.71,7247.72,6135.7,6541.3,6765.11,6565.28,6187.01,6586.78,6771.84,6494.43,6965.01,6689.53,6529.9,6583.52,6525.13,6917.9,6046.61
521334,4920.49,5596.4,5365.52,4890.41,4738.04,5780.16,5151.96,5407.67,5152.22,4981.1,5429.0,4731.64,5094.89,5062.24,5077.61,4986.31,5080.29,5031.29,5336.55,4852.99,5426.2,4913.29,5273.44,5367.62
