0,2374.57,2200.45,2417.48,2520.85,2386.17,2484.65,2494.59,2389.75,2184.04,2398.19,2368.97,2563.81,2480.18,2326.54,2299.59,2389.47,2347.65,2582.92,2365.73,2358.14,2324.84,2402.9,2464.04,2390.96
1126,130.48,119.97,126.78,129.94,134.3,119.32,126.09,129.42,125.84,125.8,125.95,132.68,119.49,133.27,121.67,129.58,116.07,123.78,136.61,141.17,141.0,139.1,132.29,134.97
11252,2654.28,2668.13,2454.64,2256.91,2552.64,2441.23,2465.93,2612.16,2504.33,2506.67,2574.37,2535.71,2554.27,2664.54,2778.81,2461.3,2665.16,2674.13,2425.88,2203.75,2314.77,2352.81,2522.69,2490.72
15038,746.18,794.78,768.18,705.9,746.0,750.17,733.33,701.55,711.44,707.4,655.26,761.16,673.62,730.08,707.8,755.35,691.26,712.31,709.94,755.34,709.57,766.17,719.46,697.36
16317,79.19,85.46,85.48,80.32,86.85,83.52,82.95,89.73,88.78,93.14,89.62,81.63,85.28,91.92,83.44,92.31,85.58,81.27,85.03,81.45,77.86,91.29,88.84,78.77
21015,722.28,631.62,691.72,779.31,684.64,694.21,703.93,757.85,595.58,625.46,672.03,630.2,617.48,653.71,655.76,715.77,702.71,646.98,653.04,691.34,682.34,642.15,667.48,671.72
22333,611.44,599.77,597.08,616.55,580.08,611.66,699.38,627.7,632.2,679.92,628.31,667.16,667.3,632.48,665.7,624.8,631.13,714.01,661.97,624.91,626.5,646.86,624.19,641.21
23778,1398.41,1357.36,1332.19,1377.0,1401.48,1329.17,1411.31,1385.18,1418.75,1418.27,1444.82,1367.72,1278.78,1284.04,1320.62,1252.4,1426.23,1330.31,1332.12,1448.23,1331.89,1376.87,1317.7,1273.49
24795,844.09,993.45,883.05,849.94,845.09,847.55,874.94,940.34,952.51,952.5,924.81,860.28,819.51,922.26,1024.93,908.3,921.12,906.28,897.48,922.18,923.8,866.48,926.0,948.84
28358,40.52,38.47,43.3,45.24,42.42,41.01,39.92,40.33,42.18,40.72,39.51,42.95,40.05,44.78,41.43,46.9,40.83,45.25,41.71,47.04,40.7,41.21,42.92,38.94
35276,79.42,79.75,92.34,85.18,84.4,83.02,91.04,81.04,85.01,84.92,90.76,85.42,86.2,92.74,80.73,90.95,96.91,90.27,88.88,83.57,81.48,85.7,83.58,84.21
40577,717.34,818.55,790.44,767.25,736.01,864.44,734.0,809.94,808.73,758.81,757.77,779.71,790.01,775.87,765.76,766.0,723.68,799.74,729.44,803.87,775.2,736.5,772.0,768.93
42375,2551.38,2481.02,2591.84,2252.4,2497.53,2712.43,2465.77,2444.8,2579.2,2764.5,2682.38,2335.84,2490.53,2727.84,2511.93,2635.07,2815.51,2457.42,2693.49,2444.78,2532.33,2466.38,2669.16,2482.44
43816,3058.73,2963.74,2905.41,3316.57,3054.2,2990.74,3176.55,3129.46,3071.22,3166.48,2851.64,2954.72,2982.18,2988.64,3044.75,3145.07,3225.03,2945.91,3058.08,2993.34,3373.99,3177.85,2820.88,3040.34
45016,696.24,738.12,762.17,712.51,750.81,727.97,715.2,704.85,736.64,751.78,726.52,739.85,711.48,717.63,686.26,685.85,741.58,649.33,739.55,696.08,699.29,689.14,681.96,732.98
46254,3092.4,3030.37,3157.23,3180.9,2980.46,2893.59,2967.09,3193.6,3119.16,2800.54,3142.94,3024.97,3096.32,3297.4,2940.22,3085.8,3354.16,3056.66,2961.73,3033.24,3227.3,2799.04,3173.72,2994.03
47614,2876.98,2688.34,2944.49,2771.63,2949.34,2910.32,2938.96,2769.74,2849.27,2969.76,2689.38,2926.76,2924.69,3093.84,2877.44,2918.99,3041.43,2782.19,2923.71,3135.05,2765.89,2709.55,2784.07,2990.01
48754,2710.88,2871.27,2748.83,2826.55,2843.35,2799.38,2915.84,2800.12,2758.63,2685.03,2706.81,2845.97,2824.75,2942.51,2749.15,2885.88,2628.06,2706.3,2504.32,2773.47,3008.58,2788.29,2810.2,2839.38
49755,2134.16,2167.03,2324.55,2285.68,2334.25,2322.03,2225.65,2203.37,2169.31,2294.82,2217.72,2263.97,2322.31,2052.84,2380.58,2069.44,2312.12,2194.3,2310.16,2205.72,2436.26,2185.01,2231.05,2012.71
50777,2717.08,2975.37,3111.58,3031.44,3017.23,3049.68,2796.36,2630.72,2801.13,2706.9,2937.63,2700.45,3049.29,2934.33,2858.3,2670.76,3105.24,2940.37,2892.25,2835.03,2926.98,2907.87,2962.01,2906.21
51893,2644.15,2618.77,2399.5,2536.74,2415.06,2376.61,2490.73,2718.61,2565.06,2610.1,2661.91,2827.36,2434.06,2269.42,2426.05,2542.93,2373.57,2530.07,2619.99,2783.68,2529.59,2641.23,2500.94,2468.08
52977,5014.0,4337.18,4525.9,4354.85,4884.45,4643.67,4425.67,4495.76,5099.06,4623.04,4739.7,4356.62,4381.31,5026.31,4439.34,4941.88,4832.01,4591.53,4911.98,4794.44,4678.44,4509.78,4559.55,4703.57
54075,2914.03,2986.54,2762.46,2609.13,2652.19,2895.45,2824.41,2622.8,2879.78,2913.35,3184.04,2657.95,2617.8,2757.46,2835.71,2847.43,3176.58,2863.6,2646.32,3249.5,3086.12,2786.51,2775.53,2923.45
55216,2135.88,2194.39,2119.76,2449.61,2281.65,2307.94,2254.58,2283.55,2135.54,2305.0,2132.84,2312.33,2316.45,2216.27,2426.83,2159.8,2298.63,2159.85,2179.57,2179.4,2102.68,2020.71,2390.31,2082.14
56255,3786.12,4229.9,4306.27,4021.36,3996.62,4084.82,3975.14,3935.61,4021.7,3965.13,4082.5,3753.73,4261.48,4185.09,3997.59,4263.35,4345.67,4071.95,4153.77,3999.02,3906.33,4114.08,4019.85,3485.48
57335,3014.29,3226.0,3408.42,3407.78,3318.03,3590.91,3354.19,3151.8,3362.99,3341.51,3254.06,3331.24,3342.94,3334.81,3075.53,3271.85,2944.71,2890.13,3096.26,3091.5,3405.67,3390.83,3428.74,3189.1
58336,3233.6,3067.81,2810.55,2873.59,2991.35,3011.57,2761.12,3024.33,3076.54,2852.13,3210.24,2881.16,2801.08,2876.92,3106.59,2914.72,3031.13,2733.77,3025.11,2635.52,3147.81,2888.08,2855.65,2723.47
59434,1435.67,1372.99,1436.42,1377.25,1345.92,1427.46,1454.62,1468.23,1410.64,1284.13,1398.32,1442.56,1346.5,1356.05,1483.71,1482.27,1416.73,1576.54,1527.12,1563.75,1517.28,1468.77,1382.63,1404.02
60712,2334.97,2259.28,1964.63,2341.57,2245.87,2287.53,2123.94,2254.24,2157.55,2273.82,2310.99,2266.87,2552.32,2204.63,2131.94,2193.05,2358.97,2230.31,2446.44,2313.54,2173.17,2121.82,2231.16,2168.99
61732,2533.98,2518.42,2566.25,2563.74,2600.26,2616.41,2596.22,2604.95,2614.79,2801.17,2409.41,2615.17,2591.23,2732.22,2567.54,2807.71,2611.72,2804.22,2710.04,2637.4,2851.37,2735.96,2686.07,2814.97
62955,2842.98,2905.09,2944.5,2873.73,2819.14,2650.1,2982.92,3137.9,3029.46,3126.21,2834.92,2673.2,2933.0,2979.31,3029.67,2738.81,3050.37,2732.95,2907.57,2872.45,2798.11,2921.59,3078.96,2718.21
64576,3998.59,4266.53,4322.55,4600.0,4249.41,4179.62,4400.98,4749.07,4107.59,4394.13,4554.54,4295.1,4051.12,4684.63,4372.47,4529.43,4250.75,4419.65,4336.8,4576.43,4112.08,4439.13,4555.34,4503.04
65752,2289.68,2110.81,2406.36,2200.46,2205.15,2262.36,2094.75,2245.53,2442.13,2373.44,2090.24,2003.21,2277.35,2213.92,2288.97,2155.93,2240.51,2057.32,2177.47,2256.83,2388.19,2092.4,2306.17,2242.75
66795,2489.34,2713.53,2750.09,2596.6,2444.4,2620.83,2590.11,2423.86,2461.22,2513.16,2297.8,2621.0,2485.63,2567.62,2439.01,2612.04,2642.03,2518.25,2563.71,2544.04,2286.69,2287.28,2565.6,2333.96
67912,2791.53,2610.65,2511.26,2790.71,2693.33,2790.95,2744.85,2568.65,2791.83,2694.54,2599.17,2762.99,2565.77,2871.14,2595.3,2744.45,2479.21,2627.03,2542.01,2752.39,2668.53,2537.14,2453.63,2813.49
68957,2429.86,2209.18,2386.44,2167.9,2210.5,2238.1,2461.41,2341.0,2277.3,2425.73,2453.73,2446.95,2371.96,2459.95,2379.82,2465.8,2355.39,2403.77,2347.63,2407.15,2476.02,2421.53,2509.04,2336.82
70154,2190.89,2123.44,2547.5,2104.83,2234.51,2315.41,2094.5,2187.18,2227.9,2189.15,2191.61,2343.83,2241.61,2189.92,2171.14,2283.07,2278.55,2304.96,2357.69,2349.25,2135.73,2204.36,2104.09,2297.87
71415,2118.75,2331.64,2043.62,2197.5,1938.31,2349.26,2076.72,2242.99,1935.67,2076.92,2156.26,2257.06,2254.74,1997.53,2164.54,2227.26,2174.88,2163.94,2134.92,2228.97,2001.46,1860.35,1908.65,2061.06
72753,888.31,902.2,820.11,899.19,955.13,888.79,769.79,955.49,866.83,909.02,818.29,873.12,951.37,907.52,889.95,933.21,800.88,902.67,892.81,988.78,921.61,850.35,974.28,911.44
73756,318.63,342.2,351.32,348.89,341.94,335.3,337.87,339.85,367.3,334.85,348.59,345.36,360.67,335.53,346.01,325.98,355.13,330.87,340.43,336.57,341.29,329.51,337.85,375.32
82479,15830.89,15980.1,16488.84,16621.18,15345.3,15391.43,16408.37,16772.18,16476.68,15175.55,15513.87,16700.12,16907.58,16676.08,17303.7,16027.29,16322.74,17175.06,15950.83,16248.21,16092.57,17128.09,17248.48,16643.25
83595,5745.13,5470.06,5356.36,5860.68,5301.72,5690.12,6129.19,5466.95,5675.45,5587.63,5449.43,6455.4,6004.09,5650.04,5136.17,5632.06,5835.18,6007.33,6054.02,5812.32,6113.97,5752.8,6130.6,5716.59
84696,5658.8,5137.63,4889.58,5355.46,5510.07,5331.62,5040.79,5426.76,5258.12,4835.15,5544.25,5034.98,4765.52,5541.46,4916.11,5301.53,5164.69,5518.54,5441.45,5288.23,5408.76,5451.04,5218.96,5069.52
85773,3055.69,2926.15,2830.89,2758.62,3103.83,2860.77,2843.53,2805.67,2956.46,2874.82,3066.27,3114.58,3104.88,2969.13,3049.93,2741.94,2768.17,2895.62,3026.23,3338.72,2968.7,2888.37,2862.36,2719.28
86853,3108.38,3035.42,2998.54,3169.09,3028.74,3047.59,3175.43,3022.53,3109.0,3089.93,3092.14,2842.51,2951.91,2998.27,3234.27,3128.9,3208.38,3074.78,2759.71,3003.78,3044.02,3164.78,3066.4,2991.99
87933,2992.52,3105.61,2987.45,3136.12,3304.67,3018.83,3182.25,3109.77,3156.5,3244.41,2962.3,3246.43,3100.56,2880.58,2824.34,3181.0,3254.72,3019.85,3403.44,2912.58,3133.76,2713.19,3017.36,3097.22
88996,3667.02,3680.28,3711.98,3704.64,3769.5,4245.6,3897.77,3632.77,3922.65,3972.51,3948.2,3798.94,3959.24,3882.34,4144.91,3950.49,3692.97,4013.71,4231.68,3862.98,3865.43,4013.61,3847.92,3873.87
90076,4664.15,4454.72,4662.12,4048.17,4246.98,4195.03,4094.05,4474.4,4425.63,4028.57,4268.67,4273.26,4315.53,4525.76,4027.31,4445.28,4616.88,4023.62,4339.34,4257.25,3991.13,4315.1,4330.33,4277.5
91154,4049.72,4289.06,3939.33,4003.38,3925.29,4211.45,3843.89,3912.64,4111.79,3774.56,4097.52,4293.4,3867.45,3617.73,3978.01,3957.12,3844.56,3804.47,3939.44,3900.22,3681.84,3777.86,4236.81,3980.63
92212,3587.08,3765.34,3175.65,3398.59,3319.48,3506.45,3524.81,3513.75,3529.14,3639.13,3767.16,3510.96,3305.72,3546.07,3325.95,3536.21,3488.2,3700.93,3336.17,3444.93,3436.58,3484.98,3561.1,3715.63
93273,3902.45,4107.95,4256.38,3501.74,3833.91,4047.44,4046.18,4225.23,3925.41,4015.26,3908.09,3810.19,3909.34,4030.26,3760.04,4048.07,3868.91,3988.67,4275.39,3960.5,4206.25,3745.39,3897.2,3965.15
94354,2674.92,2551.19,2553.74,2691.53,2569.66,2454.16,2827.67,2897.48,2689.81,2747.19,2722.28,2716.24,2899.55,3007.19,2650.3,2808.91,2804.46,2664.81,2636.27,2885.75,2805.29,2544.39,2675.49,3031.39
95373,4310.48,4640.88,3970.35,4444.57,4116.8,4319.9,4508.49,4465.06,4584.02,4651.82,4619.42,3901.52,4614.62,4178.21,4077.34,4804.81,4559.46,4560.02,4412.52,4602.19,4422.71,3853.11,4364.96,4455.94
96532,4886.92,4341.13,4531.07,5011.23,5017.81,4245.03,4390.67,4388.11,4320.95,4737.01,4622.76,4900.8,4541.7,4488.27,4451.53,4608.74,4924.84,4869.09,4357.72,4296.58,4563.23,4464.53,4293.38,4336.93
97552,3385.58,3429.44,3590.77,3745.96,3719.28,3612.22,3667.5,3692.21,3773.78,3760.39,3668.39,3540.48,3663.7,3752.16,3556.66,3619.05,3744.83,3664.26,3400.19,3630.98,3596.35,3692.2,3799.09,3244.44
99033,5314.86,5113.68,5376.36,5636.39,5444.74,5264.17,5810.76,5286.57,5216.1,5226.87,4593.87,5387.63,4935.36,5247.32,5433.75,5833.39,5162.35,5595.43,5391.07,5056.3,5490.39,5130.55,5429.35,5325.96
100094,3537.86,4077.23,3475.9,3713.82,3548.47,3508.49,3551.08,3616.22,3527.6,3711.73,3815.07,3919.61,3852.96,3903.23,4085.75,3670.45,3822.93,4071.11,4130.51,3821.56,3811.68,3846.48,3942.32,3865.98
101211,3858.92,3981.4,3752.61,3754.83,3749.28,3877.89,3915.87,3840.02,4112.56,3954.31,3893.93,3546.56,3963.55,4286.45,4092.82,3492.36,4139.73,3797.72,3997.12,4120.49,3823.05,3944.06,3868.65,4058.7
102633,5714.9,5078.49,5140.78,4863.48,5019.97,5269.88,5231.52,5249.91,5266.38,4800.5,5311.68,5381.07,4968.2,5165.14,4716.34,4854.91,4780.82,4708.76,5439.0,5133.47,4924.74,5064.16,5160.63,5230.73
103713,4699.98,5426.5,4933.66,4977.78,4875.26,5125.45,5130.27,5112.09,5187.39,4827.46,4869.78,5193.33,5132.31,5020.31,5029.31,5034.15,5052.52,4708.54,5180.69,4811.24,5599.43,5021.3,4669.77,5089.02
104733,4600.22,4391.38,4477.38,4111.67,4682.92,4391.87,4274.42,4450.97,4442.98,4376.04,4828.72,4603.58,4611.44,4494.64,4535.4,4605.79,4384.22,4585.82,4544.54,4680.25,4366.08,4668.13,4749.22,4236.63
105872,4803.97,5816.02,5576.58,5551.21,5650.51,5059.14,5536.16,5155.91,5379.36,5409.92,5518.86,5346.64,5297.35,6147.79,5481.48,5709.56,5408.29,5736.14,5454.87,5509.89,5392.76,5323.07,5478.01,5261.37
107074,2122.0,2051.65,1884.54,2009.2,2136.01,1926.83,1831.32,1895.36,2045.47,1816.33,2076.15,2027.61,1963.33,1983.28,1959.02,2080.74,1997.98,2229.79,1940.66,1904.01,1865.48,1882.3,2055.66,1786.04
108333,4693.96,4141.55,4435.03,4676.19,4797.96,5112.35,4445.64,4442.1,4759.6,4473.54,4740.09,4386.81,4994.36,4822.52,4914.87,4579.54,5080.25,4454.85,4216.24,4812.29,4592.89,4608.98,4747.62,4645.33
109334,4455.96,4432.19,4394.71,4773.29,4275.1,4305.8,4031.9,4728.95,4563.34,4468.16,4439.53,4521.07,4526.62,4554.44,4458.45,4546.39,4804.07,4351.29,4622.24,4711.94,4773.74,4748.04,5059.58,4628.11
110451,604.43,624.52,596.47,604.4,642.06,587.29,646.14,566.81,574.52,588.61,646.2,664.56,610.12,553.32,603.65,559.8,594.39,642.46,576.73,609.1,598.74,572.25,594.59,592.02
113526,9628.61,9755.49,9673.13,9607.94,9939.85,10146.66,9566.8,9139.22,9645.31,10198.9,10238.89,10647.25,10041.73,9332.92,9740.85,10465.99,9541.95,9759.43,10322.44,9234.1,9302.73,10155.08,9991.84,10067.61
114963,4111.71,3986.68,4244.47,4350.53,4295.08,4325.97,4059.53,4167.58,4309.96,4705.08,4084.39,4370.87,4295.29,4266.58,4227.97,4523.55,4065.53,4137.61,4046.82,4518.46,4201.62,4148.68,4423.58,3501.69
116062,4227.65,4937.49,4848.02,4648.13,4345.82,4293.56,4394.35,4601.32,4601.69,4783.21,4582.41,4522.49,4653.53,4213.38,4459.16,4442.78,4833.56,4403.25,4252.59,4249.76,4425.71,4613.93,4263.79,4584.93
117183,4475.18,4578.37,4102.0,3927.87,4573.66,4590.49,4374.47,4361.41,4221.32,4561.84,4437.81,4740.29,4610.73,4589.15,4498.87,4033.79,4667.01,4742.95,4027.04,4167.43,4894.47,4616.3,4687.76,4488.62
118222,5244.24,4983.96,4607.69,5471.58,4600.07,4683.24,4767.82,5109.0,5485.37,4831.77,4998.8,4927.02,4981.61,5043.51,5149.12,5297.38,4892.82,4736.08,4986.73,4884.8,4626.02,4594.43,4772.26,4885.06
119444,3234.0,2933.21,3143.15,3302.88,3332.16,3161.37,3331.33,3186.75,3256.02,3549.92,3229.38,2960.51,3364.87,3060.08,3265.54,3442.97,3328.49,3333.19,3530.47,3242.96,3312.0,3111.89,3531.06,3176.53
120562,4601.54,4314.25,4990.94,4659.45,4378.08,5076.41,4838.32,4572.16,4814.28,4869.19,5064.81,4777.99,5182.45,5026.26,5003.25,4845.04,4474.42,4859.79,4360.61,4800.12,4412.65,5054.79,4874.41,4861.77
121623,4474.63,4419.44,4110.78,4574.08,4481.17,4508.24,4883.09,4434.59,4383.55,3931.52,4906.57,4665.69,4728.42,4524.32,4754.71,4597.47,4602.52,4241.46,4662.49,4388.44,4438.06,4603.12,4740.33,4846.5
122663,4175.73,4394.52,4691.14,4497.0,4490.72,4706.93,4434.77,4665.85,4510.92,4316.8,4435.28,4642.09,4580.52,4258.23,4216.32,4518.7,4691.12,4647.23,4549.84,4319.47,4116.46,4488.07,4370.91,4387.41
123700,3167.71,3352.59,3298.03,3645.17,3424.56,3394.79,3557.51,3378.28,3529.72,3491.16,3378.34,3287.89,3198.53,3345.13,3473.6,3427.75,3546.26,3335.42,3156.21,3476.4,3523.1,3483.95,3729.72,3470.12
124743,5069.83,6255.5,5264.88,6210.79,5982.87,5482.09,5801.65,5802.53,5800.18,5729.11,5509.12,5188.56,5841.55,5724.45,5887.98,5639.5,5894.75,5944.51,5803.17,5385.17,5625.57,6655.11,6026.84,5511.49
125801,3940.3,4101.06,3647.16,4197.87,3595.88,4209.77,4029.01,4036.5,4127.67,4024.21,4040.1,4109.52,4529.1,4112.27,4340.15,3964.81,4142.84,4109.38,4009.88,3985.78,4071.63,4022.34,4133.3,4223.31
126844,5881.41,5732.85,5782.15,5991.27,6043.1,5805.48,5733.62,5763.62,5343.59,5479.33,5709.26,5853.81,5794.26,5870.39,5480.12,5988.92,5464.77,5217.7,4884.65,5665.24,5618.9,5702.06,6060.97,5698.37
128081,4063.84,4126.82,3946.92,4139.82,4208.53,4105.23,4018.51,3988.12,4168.23,3701.44,3862.19,4287.05,4338.25,4141.66,4474.82,4350.3,4193.79,4522.14,3913.83,4392.39,3784.9,3930.94,4091.19,3935.47
129201,2574.83,2925.66,2805.98,2546.53,2772.64,2715.36,2892.18,2689.86,2955.05,2974.36,2933.53,2834.45,2748.06,2752.18,3009.13,2955.06,2845.56,2736.52,2652.48,2689.64,2861.57,3025.35,2789.64,2537.8
130220,5245.82,5561.27,5561.7,5548.74,4681.31,5491.37,5519.15,5058.33,4995.3,5257.91,4876.89,4779.68,5548.46,5880.09,5029.47,5601.75,5161.17,5065.86,5276.15,5300.56,5015.69,5442.95,5350.09,5294.64
131283,4274.93,4528.31,4416.35,4276.63,4511.99,4413.85,4233.19,4419.53,4577.63,4206.93,4179.89,4428.5,4347.92,4536.09,4421.89,4817.7,4025.19,3958.1,4195.91,4591.69,4077.57,4313.69,4478.43,4147.18
132363,2561.35,2794.98,2721.48,2831.1,2786.48,2862.34,2657.52,2964.46,2558.63,2569.93,2974.12,2852.32,3023.23,2964.12,2951.09,2592.57,3040.1,2988.85,2962.22,2941.0,2764.69,2800.19,2933.73,2987.83
133743,4296.0,4280.87,4321.9,4790.16,4454.58,4499.54,4445.27,4681.72,4519.49,3983.33,4646.99,4410.68,4689.2,4284.06,4454.42,4222.48,4308.26,4346.58,4295.2,4172.95,4762.74,4442.78,4720.38,4319.43
134800,4285.68,3631.65,3771.42,3985.35,4073.73,4134.05,4246.93,3700.92,4074.88,4042.38,3997.39,4298.74,4053.18,3962.08,3741.64,3732.53,4014.99,3706.75,3571.65,4109.84,3430.07,4035.07,4037.06,4138.81
135861,4172.35,3829.13,3976.41,3666.71,3928.9,3914.27,3821.19,3917.07,3898.56,3755.95,3930.35,3723.38,3466.71,3848.43,4070.97,3878.28,3743.1,3962.82,3905.93,3780.5,4070.96,3575.1,3786.86,3706.72
136942,4373.25,3874.13,4018.29,3934.28,4159.75,4256.34,4103.28,4002.66,4149.27,4239.8,4092.02,3809.74,4435.81,4157.56,4173.68,4013.02,4089.76,4300.31,4031.26,4210.29,4294.92,4195.56,4045.85,4204.76
138081,2744.4,2691.99,2787.0,2731.27,2507.11,2481.73,2651.93,2759.82,2639.51,2391.45,2799.08,2677.1,2550.93,2593.1,2871.05,2595.93,2774.87,2815.34,2742.39,2653.55,2354.22,2877.41,2533.36,2609.04
139121,3757.95,4222.05,4163.46,4058.67,4108.92,4264.82,3887.49,3694.83,4340.09,4185.75,4419.63,4226.5,3985.44,3754.54,4242.49,4215.89,4016.35,4330.46,4039.62,4138.26,4050.84,4096.16,3813.88,4032.98
140260,5293.47,4991.47,5059.02,5133.41,5225.57,5037.6,4987.38,5212.93,4709.43,5212.89,5124.32,4797.21,4683.19,4746.14,5294.2,5225.95,5200.04,4570.15,4863.0,5531.13,4691.7,5313.79,4804.05,5028.35
141280,4485.39,4275.99,4694.15,4204.54,4099.13,4292.0,4202.55,4714.86,4232.1,4425.53,4518.03,4571.12,4367.12,4258.84,4041.75,4498.52,4319.62,4579.31,4298.17,4055.51,4206.98,3977.52,4323.28,4424.56
142360,2527.0,2757.72,2736.07,2937.51,2680.87,2726.28,2908.63,2741.85,2838.0,2764.48,2655.83,2878.1,2624.58,2672.25,2372.23,2834.34,2723.96,2655.9,2895.38,2594.38,2583.19,2546.2,2738.28,2933.22
143554,4885.67,5251.4,4844.39,4816.79,4559.38,4762.61,4534.7,5180.94,5012.25,4983.89,5310.65,4599.45,5139.01,5124.7,4752.13,4921.02,4634.35,4563.51,4856.59,4701.52,5158.82,4845.69,4664.67,4814.71
144603,4887.48,4612.32,4923.51,4695.04,4409.4,4857.36,4600.37,4536.09,5021.12,4503.5,4952.96,4747.12,4546.7,4602.34,4724.55,4887.63,4738.85,4937.35,4797.47,4703.11,4534.07,4448.05,4839.3,4513.07
145783,445.45,422.64,453.63,436.18,402.57,461.37,448.6,447.54,429.29,426.71,451.18,431.65,406.17,431.69,382.09,409.54,422.05,440.67,421.67,443.31,462.35,463.53,422.69,421.29
147843,10000.26,9875.03,9192.4,9076.53,9503.28,9198.1,9029.29,9174.02,9018.2,9121.56,9372.3,9183.9,9531.33,8771.28,9562.45,9165.74,9260.12,9830.48,9390.9,9486.35,9855.76,9289.11,8983.48,9305.3
148983,2952.1,3085.63,3001.14,2862.97,2840.53,2693.97,3055.94,2690.35,2904.22,2905.83,2866.0,2823.96,2606.83,3246.19,2881.61,2754.57,2995.02,2720.57,2837.94,2811.61,2981.94,2764.96,2552.63,2730.18
150122,3541.28,4252.78,3895.89,3881.21,4311.2,4052.76,4258.03,3823.7,4058.03,4047.8,4069.49,3811.14,3569.94,3903.67,4099.73,4202.73,4587.91,4116.94,4251.27,4359.87,4152.98,4086.78,4426.69,4058.87
151147,4514.42,5119.36,4549.53,4817.84,4772.78,4547.71,4406.99,4652.24,4832.66,4917.84,4633.45,4765.99,4824.1,4398.56,4394.66,4681.6,4819.52,4913.27,4812.12,4532.74,4761.7,4555.83,4777.85,4789.76
152260,1622.71,1779.91,1775.49,1794.71,1818.7,1554.15,1527.82,1728.0,1644.16,1564.71,1632.1,1725.45,1786.82,1670.57,1693.89,1599.73,1449.55,1759.53,1494.77,1697.99,1638.49,1767.33,1678.19,1644.72
156881,626.33,614.9,603.35,624.82,582.29,639.08,607.56,594.81,606.43,598.03,564.14,577.6,662.59,527.82,619.55,610.07,589.32,585.23,604.14,594.97,555.25,586.25,578.85,628.73
174483,824.97,1013.55,1084.14,1009.03,994.72,1000.85,903.23,990.47,983.04,969.09,1025.64,935.04,975.99,994.69,920.54,972.11,949.0,954.06,932.48,877.04,944.83,976.92,1037.39,1047.65
175862,1366.33,1319.94,1460.62,1357.6,1489.09,1342.81,1332.52,1424.63,1315.15,1468.41,1452.11,1315.89,1366.41,1490.64,1497.65,1328.98,1515.4,1457.03,1463.34,1352.34,1433.87,1496.36,1357.86,1534.72
177182,2834.46,2999.68,2804.79,3242.88,2988.83,3016.57,2877.74,2892.18,3018.22,2926.65,2822.19,3024.08,2772.79,3108.4,2924.47,3064.07,3099.87,2647.94,3023.18,3028.16,2626.25,2918.5,2744.95,2952.23
178282,2667.17,2595.08,2869.1,2741.13,2783.63,2812.11,2773.09,2640.59,2849.47,2928.23,2950.46,2694.49,2685.48,2753.53,3093.5,2647.19,2870.81,2700.51,2838.56,2876.88,3020.82,2516.48,2811.44,2512.71
179283,3687.92,3624.97,3423.69,3486.97,3269.99,3422.57,3663.59,3539.75,3039.92,3350.68,3319.52,3363.82,3530.08,3569.15,3637.47,3803.82,3346.52,3620.83,3381.71,3810.42,3501.13,3709.8,3275.19,3486.99
180339,3215.62,3803.14,3545.23,3471.91,3421.42,3658.08,3506.8,3389.85,3807.6,3365.09,3439.75,3121.6,3738.39,3374.84,3664.57,3370.08,3731.8,3156.08,3487.42,3410.01,3810.47,3689.31,3357.06,3789.27
181401,1034.88,1041.13,1014.0,1059.08,1091.59,989.64,1136.94,994.97,990.15,960.6,1072.86,1049.83,1126.4,1022.11,1096.64,1100.85,1106.34,1015.81,1103.91,1067.16,1102.72,1058.8,1158.93,1056.67
183459,1322.77,1380.12,1443.72,1328.48,1376.11,1268.35,1380.35,1442.07,1218.63,1144.46,1312.16,1430.06,1310.12,1322.25,1243.6,1268.06,1343.73,1328.18,1295.67,1198.52,1349.88,1326.85,1227.32,1182.18
184840,3409.78,3413.62,3486.34,3271.28,3154.09,3338.52,3509.73,3348.68,3286.7,3478.77,3405.31,3426.63,3225.95,3120.16,3192.82,3336.48,3008.22,3512.47,3272.55,3313.12,3193.05,3419.64,3294.94,3435.3
186100,2236.81,2269.53,2181.38,2126.2,2148.17,2020.87,2249.34,2158.06,2325.62,2386.83,2422.78,2008.37,2222.83,2138.45,2338.4,1991.42,2081.03,2164.78,2177.8,2161.17,2145.77,2233.87,2329.85,2103.46
187179,2189.36,2207.08,2355.18,2182.93,2249.08,2351.04,2155.24,2141.78,2131.05,2100.45,2189.49,2117.31,2261.03,2322.32,2220.6,2212.05,2191.61,2242.86,2164.49,2144.82,2257.75,2198.68,2234.52,2429.4
188420,2214.67,2065.69,2165.37,2158.07,2408.69,2083.14,2075.07,2243.13,2062.74,2172.54,2154.11,2400.54,2063.13,2160.17,2240.89,2189.93,2175.38,2318.46,2151.51,2268.91,2066.57,2208.66,2211.16,2004.45
189481,2193.43,2015.14,2107.13,2174.81,2075.12,2480.77,2322.95,2304.99,2127.83,2217.75,2118.14,2247.44,2223.72,2219.91,2126.52,2347.43,2166.84,1916.66,2139.37,2097.64,2289.18,2093.67,2382.26,2165.16
190538,2226.63,2291.91,2068.81,2282.67,2186.34,2247.17,2252.94,2028.83,2051.55,2280.62,2093.78,2168.64,2292.6,2107.85,2092.09,2254.25,1979.36,2250.82,2226.13,2198.86,2219.66,2052.67,2190.53,2310.58
191581,932.18,1018.42,1004.45,1010.58,1061.22,939.75,945.97,1014.62,888.87,890.78,977.39,1010.16,1030.01,952.09,1002.39,1031.87,1039.9,950.76,933.76,1019.12,1038.7,989.03,1035.83,954.32
193280,3580.52,3466.63,3479.43,3427.07,3768.2,3665.58,3540.99,3218.37,3593.77,3598.04,3737.47,3599.62,3703.2,3648.65,3775.41,3492.71,3643.11,3565.87,3356.28,3450.79,3405.51,3762.77,3258.68,3380.96
194452,2976.73,3229.18,3045.8,2810.0,3140.59,3028.65,2974.15,3029.4,2724.42,2793.16,2865.6,2999.82,2998.57,3041.04,2902.68,2794.46,2879.13,3259.9,2884.51,3089.77,3189.63,3155.77,2932.95,2710.59
195694,1789.94,1745.27,1727.69,1827.14,1646.73,1748.19,1778.5,1750.72,1968.95,1850.79,1883.59,1725.67,1718.75,1758.4,1747.01,1776.86,1766.25,1877.19,1752.76,1890.28,1703.07,1806.6,1579.46,1832.46
196972,681.12,646.57,665.77,657.21,680.94,717.85,660.56,673.59,706.78,674.94,651.6,651.71,679.81,704.83,716.95,726.78,716.55,638.67,605.21,732.52,665.8,640.0,665.56,668.47
198933,1540.78,1678.0,1756.54,1788.71,1675.08,1765.69,1718.79,1722.51,1609.72,1777.68,1747.69,1545.66,1730.78,1720.67,1726.78,1661.42,1602.02,1686.92,1727.7,1576.47,1622.14,1764.33,1807.18,1801.68
200012,2085.67,1831.43,1792.06,2042.62,2053.12,1863.75,2059.32,1739.46,2025.18,1815.3,2000.23,1905.65,1786.08,2015.78,1988.83,1931.18,1983.95,2091.31,1949.0,2045.47,1961.19,1998.9,1947.85,1857.13
