0,79009.85,81789.97,74534.76,83489.79,81144.02,82859.95,78758.45,73035.5,82279.09,85048.09,77175.5,80725.59,85119.79,81556.33,76278.58,74820.5,81132.4,82985.76,79454.75,85645.63,82732.51,79410.43,85503.64,82721.18
1001,112074.59,104728.02,124913.9,110452.6,103592.73,100116.13,123892.34,124091.13,113282.87,120622.36,115159.01,107065.42,114349.26,107369.11,109393.67,120892.64,114209.24,121261.65,121841.37,108421.05,118236.73,112671.4,122174.63,115395.8
2002,33401.85,34543.32,34175.89,33756.6,32764.47,33728.9,32467.42,34656.66,33531.54,33443.72,34491.18,32581.87,35588.74,34641.32,31120.34,34296.24,31903.62,33436.68,34139.93,33132.4,32454.29,35937.68,34940.07,30968.13
3040,63764.03,62900.8,62810.16,66580.7,65661.75,62184.25,66760.08,66727.3,63737.32,65739.81,67629.46,62398.99,71065.71,65088.83,65684.89,62966.23,66956.76,65062.6,65585.78,65651.06,65041.16,64423.65,67581.63,59700.53
4051,42257.35,41281.22,45243.59,45949.28,44216.32,43338.38,44971.69,42375.49,42590.46,42420.17,38250.96,45129.66,41889.02,42553.09,41916.35,46602.71,45424.95,45510.68,41920.63,45827.78,44915.54,41855.3,38832.06,39783.98
5052,52022.88,49089.23,46058.21,47726.32,51283.45,53199.0,53691.92,49683.62,47866.02,49985.4,45626.63,45625.18,46948.38,47361.72,44762.76,47258.54,48823.75,48270.39,52450.39,51260.71,51310.48,45469.71,47943.34,50034.98
6251,60759.65,64647.65,61614.65,60908.02,65946.2,69271.33,66444.0,64857.72,65159.2,65291.66,61495.27,62827.9,61020.45,64595.96,61872.69,61561.02,63724.03,64342.19,65394.57,62837.27,66474.27,63424.01,61696.64,63446.39
7252,67746.82,61428.46,59633.02,61731.9,60364.17,62457.33,65324.38,60757.65,66309.59,64611.44,65045.39,63490.8,62819.54,64056.82,61678.72,56945.81,61317.15,64088.58,64474.0,71835.56,63231.01,59916.55,65636.65,64847.96
8260,64258.53,65687.27,58783.23,61997.69,58029.1,53113.06,60591.88,56345.67,58471.38,56864.6,56078.61,56470.5,56854.37,61729.43,60540.77,57785.2,58907.06,55598.15,58284.57,61602.89,58361.12,58818.3,56256.32,59201.51
9261,62468.13,69232.02,68797.78,60600.43,67407.38,68817.16,70453.55,72157.34,64420.67,61087.88,65824.57,58750.56,65227.18,62579.05,62218.1,61579.39,73477.24,65287.11,66257.15,64343.3,68375.49,68244.73,64262.52,63875.73
10320,70927.59,85767.33,81371.23,83661.41,89283.09,87776.87,86621.63,85545.17,81434.76,84758.42,74551.66,85890.12,81646.4,73518.2,88149.41,80610.26,79435.29,89057.53,80279.18,83211.71,77690.41,80799.55,80194.72,71523.44
11321,86915.68,90712.45,74242.6,95757.18,83223.83,83522.28,81529.09,81663.48,92446.4,88035.44,88480.4,88722.93,87677.15,90051.02,91566.99,90752.09,85362.41,82948.08,86994.27,86664.51,88619.28,85519.27,86075.43,90690.77
12322,65710.33,59146.84,63672.6,63725.45,72420.54,66429.54,67775.15,67831.31,67896.34,66402.22,68045.81,65188.1,60978.22,72162.6,65454.56,62885.49,59149.31,65496.24,67733.59,63390.33,62510.62,64221.4,66035.28,67745.11
13410,75759.26,86502.77,82323.62,81689.79,86097.8,83240.97,82343.53,81594.39,85653.75,78412.78,80237.65,77425.39,79280.39,89333.83,83626.98,85740.58,72896.65,79122.23,83203.38,82386.01,82956.82,76437.52,84408.09,81514.06
14422,81702.29,81009.55,86913.11,88398.04,89006.3,78953.37,89002.11,83334.24,97354.02,85416.22,83962.78,87437.54,82048.6,84453.17,89240.54,90322.6,92741.99,92061.78,90287.78,79465.21,88244.66,93575.29,89072.49,98320.22
15432,68233.61,64880.44,65104.55,69524.8,73032.35,66477.91,68523.89,72767.64,76014.47,64039.0,70731.3,69191.12,74190.46,69672.52,65280.71,62940.68,67538.57,69958.47,62204.76,67579.85,66053.28,66707.43,64066.02,66354.01
16522,99226.49,101453.46,99630.02,111894.05,108491.24,102231.53,102821.35,111034.72,107774.52,111363.35,101572.94,99165.56,106637.64,106651.86,111855.18,104439.5,111629.19,100407.02,107597.46,104010.89,112009.69,109221.74,100608.9,105754.4
17531,58199.11,60023.0,58967.24,61310.81,51873.86,58195.85,58667.46,61286.77,60219.05,51860.17,51202.92,56295.69,61021.96,62684.89,60242.13,59504.8,65176.35,58293.63,56647.18,61478.8,52355.72,62039.45,51985.46,60350.06
18532,89820.61,88029.25,87065.35,84537.21,83280.09,82041.83,90432.48,82204.29,88753.05,88943.98,96067.43,82516.74,84557.49,84571.53,79344.15,83565.01,83216.11,77891.35,90567.92,85403.5,89363.71,89662.68,84827.53,84942.82
19541,83289.14,83701.6,76913.78,77667.78,89121.44,77376.11,81199.02,73819.53,72542.18,80732.38,79115.96,78310.37,79029.5,83884.19,83505.09,84807.27,79904.44,80033.37,78516.54,83628.28,76438.76,77884.82,88604.06,83254.99
20542,79368.54,82637.58,84120.17,91060.76,77500.39,85539.34,90414.82,89796.28,79770.29,91275.64,84179.53,85024.53,86597.23,88704.03,92176.87,80400.98,90451.28,86271.82,82295.38,85204.99,82479.29,78021.3,81749.75,81189.48
21560,81370.56,85172.93,75107.74,83093.49,76245.66,80870.17,79877.0,82452.61,77775.97,72447.84,83047.84,83802.13,80150.4,76784.9,83478.9,81821.86,76283.42,81198.54,77067.58,82234.54,82473.56,77156.32,78161.59,77638.19
22561,85505.95,83216.75,82930.26,81318.71,81313.12,73616.73,78562.37,78379.09,83224.92,75087.3,72869.82,80937.37,75637.83,82814.37,77167.61,75833.02,83868.06,83690.44,73770.38,76563.12,80850.06,82808.35,80263.0,78276.59
23572,86862.21,80652.02,91645.47,85456.03,82626.05,77581.8,86105.84,86263.29,85374.18,80306.83,88346.09,85779.81,81180.38,81569.2,80305.34,78799.51,79357.99,92013.18,83063.89,82512.45,84676.28,83958.26,86294.09,83301.42
24581,80689.74,78377.45,81596.28,79969.41,79972.38,82221.78,78267.97,80880.62,80289.12,81875.59,84809.61,81012.61,76606.98,77440.85,82820.14,84193.19,87489.08,80170.67,81573.65,83687.1,80119.55,85166.54,76241.1,85836.38
25602,85754.55,86250.11,89401.42,82874.68,83685.45,90823.7,100233.5,90689.84,90521.71,80319.6,88770.86,84160.74,87536.3,86270.79,85805.06,83150.83,86832.19,84004.91,87316.92,83635.17,94195.99,97854.06,96061.99,89617.42
26603,88375.17,91803.12,82839.42,84391.46,87474.52,82118.76,81994.79,92620.73,84848.56,92914.7,84674.13,80060.85,84293.96,90809.39,80626.7,89790.52,83663.78,93970.46,84679.15,87036.32,86676.07,84245.05,81354.0,88801.72
27604,86107.01,89907.43,86753.99,80792.78,85115.76,81047.92,82910.27,83483.77,81462.29,87828.08,80924.14,84090.33,82061.06,93233.13,92042.73,90270.98,79100.49,84458.58,94228.96,83979.23,81627.46,84094.14,81309.51,78853.28
28611,85039.72,86285.79,89100.18,99414.93,95413.1,94279.44,85501.51,94286.38,95286.62,89317.06,94048.82,87687.75,98434.17,92897.77,88611.3,89128.76,93036.23,88723.51,83482.68,96603.15,86971.38,90581.2,89420.21,92157.03
29651,81078.58,79747.24,74352.22,80163.01,80211.56,76996.8,78449.57,81019.9,83137.49,77142.38,81167.13,75896.78,80978.39,77568.86,87602.4,87487.29,76234.04,79860.01,86496.97,81097.68,83760.25,79948.71,81790.54,87040.27
30802,81259.02,90823.04,84519.46,88846.1,90068.72,79952.93,83607.21,80022.61,86994.88,80379.2,81035.16,86697.76,79430.48,85154.31,83951.87,85766.71,86823.64,84881.67,86130.14,84659.54,81031.55,89868.88,89523.68,94442.81
31881,87003.75,92796.02,95505.33,85429.93,86812.19,90574.8,81570.78,90378.96,87005.09,92636.97,92587.32,92306.15,82443.81,95181.39,93018.19,91280.32,90619.16,87425.06,85506.69,92394.56,88575.63,86450.41,78318.18,90754.25
32982,83245.39,81300.41,82260.33,76996.17,84476.25,89608.06,85283.47,80500.82,85514.62,78384.14,90735.94,85346.07,88490.39,87820.87,81258.29,82707.52,82851.55,85557.14,88201.43,87635.34,75903.13,83287.83,84274.56,84263.68
33983,92813.45,102000.55,101198.19,94626.92,95552.75,86229.31,96371.93,94887.32,91698.01,87916.93,94185.15,91909.19,93378.46,93644.24,87242.05,90796.86,92334.36,97632.07,93619.31,83595.89,99087.29,97811.23,98449.74,101671.13
34991,92819.68,76022.55,84293.23,89431.6,95728.53,92039.63,90022.86,91792.45,94541.69,84003.42,83829.23,85361.65,87123.12,82777.15,85588.17,88278.01,86317.18,82290.91,80899.53,77910.95,87221.75,86704.63,89725.34,83133.13
35992,82522.58,85440.95,81021.82,86753.4,79963.43,87055.99,86652.39,82518.22,85981.68,87359.17,85607.25,83794.59,89861.4,85592.78,78052.7,87217.87,84080.4,82715.73,88890.62,87775.99,86427.51,76580.59,93551.58,84345.14
37001,84533.21,84862.36,86976.48,80857.05,80305.05,83515.1,81365.81,84687.27,89965.39,78176.73,83818.05,83470.54,82397.06,87022.26,86741.81,81013.92,84160.72,84368.42,86568.76,83212.52,79620.94,86140.48,91157.1,70983.9
38002,97193.66,95957.6,110668.14,109625.99,94799.91,99007.24,111031.3,85661.13,100097.34,105248.46,101808.52,99442.02,96445.8,103463.84,99931.84,100205.98,105284.53,91786.73,92145.2,109666.26,102900.6,100578.72,96348.53,105486.08
39012,75904.83,72833.23,78841.82,78502.61,80161.5,83345.71,81193.38,77031.82,84893.87,75714.27,74305.51,81393.36,89169.43,82831.02,79163.98,83959.45,81765.09,77961.54,77494.45,80498.36,86119.21,86687.1,73768.67,83277.41
40013,75607.1,72587.31,83317.71,79451.23,75966.48,84723.94,80307.49,82595.61,75962.11,81169.81,82112.74,70658.34,80201.78,77504.46,82653.27,76715.79,76150.58,78492.08,80453.47,79461.8,72799.48,81790.03,76389.26,81595.47
41022,73207.3,73597.43,80555.63,85346.39,77991.21,83948.06,77482.22,85033.38,76729.12,75872.98,79355.89,75255.79,79623.51,79037.12,77875.38,80742.57,71256.81,78836.77,77255.61,77350.81,84146.73,73539.84,75335.43,78892.69
42161,95562.75,92765.56,92412.14,102754.82,98399.4,93859.37,96421.14,95648.32,90605.15,97283.55,95948.66,106494.84,91789.09,101747.16,104719.45,102876.62,91326.02,98487.24,87847.97,98287.56,101879.55,103526.53,90148.23,92247.29
43171,85022.97,77426.0,78431.3,82305.7,76263.17,72489.04,78401.2,79432.71,78106.58,78282.94,83250.45,84961.03,88938.25,79461.87,79136.79,69937.37,85124.32,80200.72,81296.2,84324.28,82975.33,78071.87,77166.66,84517.17
44181,81406.02,84987.53,83200.72,84664.29,80694.1,86567.27,81785.81,82541.84,84752.9,80932.39,79553.76,84162.28,88614.37,89200.33,86378.97,91150.92,86892.91,82711.69,80826.31,81359.82,80796.74,79031.49,81704.93,81815.42
45182,10578.01,11540.5,10234.35,11711.15,10338.06,11125.25,10814.79,11734.3,11344.8,11186.35,10367.84,10228.11,10874.26,11037.55,10921.27,11366.21,11041.1,11603.79,10666.24,10194.03,10841.64,10822.68,11133.97,10482.95
48831,40549.08,40665.49,37026.62,36056.18,39115.62,39255.72,39162.22,36651.13,40230.92,41671.22,40299.58,41348.52,41379.06,39497.06,40288.6,38400.75,39587.66,37650.65,38898.07,42681.86,41676.57,40208.7,38507.97,37747.67
49833,116095.5,101005.98,110704.55,112581.37,114998.69,107774.4,110518.55,109201.04,106574.41,95040.43,112038.99,103012.98,99827.02,111265.85,107942.77,112757.9,105984.85,117645.57,111161.28,97555.8,117283.88,110921.32,111843.8,116089.95
50841,89980.47,93856.66,91529.14,88082.87,90839.09,81735.96,93904.32,92116.53,88642.39,93952.14,89959.81,89764.69,90574.15,92667.12,89286.58,92963.26,93135.92,94610.36,94798.33,93716.19,90802.39,93142.76,95763.08,84444.61
51891,130896.44,135437.82,139675.46,142253.66,138550.14,142091.44,133033.52,127588.49,144558.69,130342.71,126009.28,128176.53,128659.87,145359.12,128961.5,136238.55,144228.33,140858.17,139093.3,144558.86,127167.94,131468.05,132890.16,138085.07
52892,107358.51,117892.77,100198.54,117476.76,108288.28,116645.29,105278.07,105113.94,104243.42,115832.96,113295.29,112554.49,119383.95,112355.92,108063.82,105523.64,92611.96,110055.78,111934.14,106972.4,109949.2,112267.66,115348.63,109220.79
53894,107023.64,123083.23,129150.54,118731.43,127893.22,115034.36,113262.71,121330.94,135476.12,130979.35,137352.17,120592.73,123632.83,130029.46,122385.46,124139.37,120357.92,127635.86,130684.23,126009.38,137486.42,130290.98,130369.76,138394.0
54901,111844.86,109910.34,108572.15,127526.92,115234.3,125609.56,130346.14,116980.35,116715.76,119499.93,116892.57,113195.27,112193.96,116479.43,118148.5,111253.06,114462.58,114465.94,122081.27,118595.37,116023.87,118055.81,110115.74,115583.49
55941,144441.72,146510.8,153941.43,138407.3,150335.03,143511.82,152400.59,142398.41,153761.12,142995.39,138439.21,152674.07,137816.49,161339.04,142257.16,140508.62,146774.81,140480.19,148659.17,128701.75,148575.69,133360.35,142873.55,147897.66
56942,114779.48,108904.33,102297.0,108249.69,100889.99,104491.79,106176.66,105111.21,108197.28,105905.13,98667.86,105236.98,104166.94,103450.21,99181.51,104987.96,105543.36,115633.92,99166.64,93324.26,117937.56,105698.21,110075.02,110518.61
57952,123217.66,119520.9,122716.99,109996.48,114162.67,123008.82,120928.63,117508.94,119076.64,122782.31,112119.05,117268.74,114600.89,123828.18,121119.53,116781.93,114613.31,118032.41,113162.47,124530.11,111631.49,120537.95,113820.58,116101.36
58954,97024.75,96070.64,101837.82,102949.11,102017.39,109452.03,101675.1,95508.36,100447.35,99564.16,103174.14,103251.44,96886.41,102093.57,105964.18,99639.03,92274.92,103908.29,104065.39,102490.75,107053.11,101771.01,99517.22,100567.22
60081,108215.21,104974.61,107524.9,119275.65,114399.68,111385.71,118128.52,112860.18,105393.4,96702.04,104567.13,108507.49,113446.58,105482.39,101782.07,111396.22,114810.23,115629.59,99874.65,103879.01,106219.21,109781.47,111449.14,104303.53
61161,127170.08,115074.2,114202.56,118834.86,116457.1,121438.26,120934.13,114471.04,122250.52,124599.16,123755.17,123972.49,127352.05,120711.95,125343.03,124566.91,128679.43,130857.66,122131.3,123139.47,113367.76,127563.1,110746.65,127290.53
62201,128310.51,124169.4,133032.56,129258.51,128018.72,130753.73,127301.78,137259.99,130749.27,122823.65,135612.87,129989.05,140121.16,142734.44,124604.67,136260.05,131250.13,132301.58,141328.08,141067.18,140648.33,126459.61,135354.77,127261.66
63202,148696.13,138194.6,141514.8,144599.63,149824.3,138637.68,163264.51,158261.4,139008.12,147847.7,140396.1,152530.29,151351.99,136226.23,150746.57,154889.36,145754.99,148107.16,157344.42,137058.85,144254.55,144442.66,135329.67,144741.3
64251,132696.54,150163.96,151321.28,143202.48,141889.82,142282.35,137770.41,138099.72,146042.44,138294.67,142186.91,138247.95,133866.68,133384.43,142623.96,143358.78,128642.1,149580.05,130186.24,147395.87,146850.25,132657.74,134961.69,133744.77
65252,132418.61,143306.06,148481.33,132496.36,138793.99,126909.67,141115.55,136722.54,139578.19,137671.69,126398.67,142868.09,145489.35,129351.55,131355.74,134302.41,119347.52,122775.9,133102.3,131849.01,121010.38,128671.1,136614.82,127234.49
66253,140813.11,143393.73,129402.51,147957.18,136912.64,139913.34,136200.72,123653.71,139023.11,140831.94,143895.97,134285.47,136202.56,134744.64,125867.34,119762.47,137437.96,141824.95,142501.61,133433.79,136248.03,130276.0,141142.49,133632.34
67262,101143.16,99012.72,90596.35,103817.43,99484.84,100868.59,100906.86,114889.83,102236.86,95609.46,89668.76,101169.67,98265.87,91233.21,97779.65,92574.01,107264.86,101932.18,98780.64,98296.21,104735.64,102175.51,92014.44,100994.64
68272,93053.69,93415.78,83325.78,85324.74,90264.45,84077.14,99081.04,91924.78,90209.71,94799.18,95231.21,97829.19,91277.63,93880.6,88674.81,88477.9,85973.18,87750.88,86150.27,88213.73,95696.66,87734.91,98604.02,91588.63
69273,80090.48,91650.46,97260.49,84540.33,89842.6,89060.87,89376.98,89030.59,85442.78,85523.29,83221.86,90762.89,88905.76,82026.49,90373.78,89049.33,92694.83,89711.75,84166.06,84054.06,93077.92,93398.12,82683.69,85274.38
70292,79055.05,76919.18,80689.13,72785.06,79155.43,73429.87,79556.45,72319.74,76279.86,80850.95,72103.31,81925.72,73842.38,78346.12,72369.64,78486.94,77522.25,76930.17,77892.64,83331.35,75236.0,73364.34,74672.09,82358.13
71502,99559.58,110067.56,99535.96,109160.0,93052.33,105271.1,111160.48,112597.75,94795.16,105902.94,102221.28,94421.19,95181.7,97784.63,103940.02,100197.74,96130.19,93704.55,103902.51,100483.64,96437.74,95558.26,104175.15,96166.82
72503,77568.54,74280.15,82001.81,76895.46,81874.47,76089.53,79404.92,83862.42,80713.41,79930.99,75490.32,75073.99,78030.73,71173.78,86319.0,71019.64,79580.93,82546.71,84057.21,84602.85,80099.01,78100.9,80282.19,79154.11
73511,95483.11,90430.39,87519.64,88004.76,88985.58,89478.48,94297.39,84560.71,81569.38,93285.44,87290.54,91571.64,83431.94,92578.23,87232.89,90980.9,93703.08,92457.81,91339.46,96058.03,84580.64,93041.03,89488.57,84884.21
74512,68015.33,71010.94,71188.99,69006.54,69887.49,67691.72,62570.3,65868.88,65802.13,67060.81,68858.47,66916.46,68959.92,71557.53,70614.1,68360.9,66459.63,63797.64,71735.09,66567.54,72737.24,69493.88,79248.14,67147.84
75522,62663.61,64122.19,60559.58,63596.04,66083.2,71118.1,60424.0,61711.3,58670.02,61510.85,61230.49,60194.12,64133.65,55955.99,63728.97,61473.79,61247.25,60544.54,62048.02,55336.3,63751.78,58787.7,61516.74,68684.31
76532,56560.73,59272.0,54527.31,61843.72,62642.41,53498.27,54504.61,57146.54,60510.13,59486.45,54655.05,56842.63,50781.28,57492.29,57745.41,63658.94,60865.27,56765.47,53488.2,57757.89,52820.03,60379.57,58792.58,60079.71
77541,49361.68,45751.2,44846.91,49228.44,47847.69,52014.61,44750.05,51297.57,47222.41,46880.5,46545.9,51178.1,52876.77,47232.17,51690.01,46229.04,49602.47,51483.51,54261.64,51248.55,46098.83,47318.74,53137.42,48289.85
78552,47676.75,45014.59,50980.91,50983.71,46342.07,46866.49,48351.34,47329.17,45739.11,47978.77,46454.06,53573.47,48855.32,47817.57,48711.32,47048.63,48990.3,48445.49,51217.94,49065.37,49482.33,49317.81,48512.35,46275.13
79553,55398.9,54166.19,51265.18,53222.89,51676.99,52639.42,46734.83,59073.52,55185.25,55717.62,50688.42,51973.93,52781.08,51204.55,53676.58,51886.05,54844.65,55238.38,55221.56,55755.68,51862.57,55336.54,59342.44,51026.9
80562,64283.37,70145.46,71947.06,64432.23,66590.91,63796.71,70198.13,68491.67,75187.57,67921.18,69246.7,68617.64,59627.41,64278.94,73215.15,71346.8,68074.79,60406.8,68154.13,69732.46,65113.16,64462.12,70749.09,71210.85
81722,108685.47,117884.54,111236.19,111593.09,116155.41,111217.41,113013.2,112163.82,117327.34,110286.6,110139.1,110822.25,110695.25,112404.13,110896.69,107627.0,116064.84,120953.75,117193.77,110275.21,103279.8,134165.1,119820.99,114497.02
82912,113192.9,112154.96,105960.18,106282.5,105777.32,115305.28,111275.21,115479.54,89851.51,99616.37,108005.82,111025.61,104513.88,113685.44,106727.05,113555.98,113231.92,105319.51,103291.71,100672.61,107328.78,102042.73,114783.5,103306.45
83942,124883.37,133577.02,131424.6,116003.87,113957.26,123645.72,124404.77,121454.46,118366.3,120013.72,131648.05,128697.1,131929.67,123155.51,123630.87,116713.2,117898.24,131901.18,116074.97,118808.79,118499.49,122249.03,127592.67,123006.53
84952,136197.36,128116.95,144177.53,139967.71,148122.02,133017.79,144706.08,123614.24,135327.08,128470.39,147324.97,126092.84,135924.7,125408.79,121203.5,135155.05,147894.35,137065.32,147565.23,145336.2,130074.6,131054.83,126672.29,123062.76
85962,105031.0,104649.65,104409.33,109515.91,111268.77,114844.81,110272.35,110301.26,114580.27,110688.07,103850.38,105661.33,110415.27,112761.6,103190.86,105769.84,104989.03,100805.23,102739.58,105029.8,113299.29,116192.6,112531.49,108713.24
86963,49740.18,54866.21,55547.29,51777.71,54683.7,54848.24,50114.51,54202.81,56529.42,50808.4,56844.57,54855.78,51749.92,52892.72,51036.11,61065.79,55888.25,55928.03,52359.39,58643.31,52615.08,49564.07,50979.35,54769.7
87971,90553.36,88024.21,96255.74,87958.43,88703.62,85877.8,80016.78,89672.57,86056.67,93299.93,90627.61,81640.04,77677.77,85592.21,83311.26,87906.24,87495.97,91138.47,95472.72,88199.88,83875.01,92883.01,93116.57,86298.01
88972,105729.93,92477.74,101014.6,103985.91,101505.91,85431.1,94195.46,90865.14,94884.67,85858.07,104092.46,92346.21,94165.46,103155.05,98077.76,88434.99,97102.61,92366.19,100523.22,88028.23,99502.65,96146.96,94610.24,88919.97
90032,96012.12,91688.28,95209.89,96950.11,90551.64,88951.9,90611.32,92647.74,101751.44,90171.33,86738.82,94376.95,90655.25,90104.24,95889.89,100269.3,93051.75,87373.31,91989.29,91523.43,85979.74,92253.36,98148.58,92974.64
91172,99494.21,97578.34,93913.04,91211.55,97544.78,99347.56,92358.03,83795.8,100408.75,102422.15,95503.64,86969.44,94480.35,97253.86,89998.96,96959.81,91257.3,96492.36,96546.94,93896.8,93166.19,93918.54,84688.03,86359.58
92282,107239.8,105053.36,110537.9,95292.32,103201.75,108367.61,108057.13,98110.13,98943.87,100909.43,101356.37,97384.26,107300.19,101648.31,106998.11,99763.64,99556.54,96027.44,110464.96,101582.25,102376.07,107004.01,105872.57,107744.84
93392,100439.05,113293.9,102777.6,103349.53,110693.14,101163.76,103305.5,111988.18,104048.1,101568.34,107857.92,103460.47,105907.66,106835.29,101685.37,102051.68,93936.66,99948.23,109477.95,105152.98,102643.11,98122.61,110281.44,101195.0
94402,102866.36,106034.16,113897.9,104593.78,112474.71,100417.86,95583.16,100238.37,96565.45,93765.45,97844.88,97952.16,106149.79,111082.52,104985.0,101817.68,103409.39,91019.85,95079.33,96440.57,103131.88,108152.01,104545.81,102317.52
95403,126826.71,129285.43,117184.54,133792.73,121118.27,121795.8,124716.0,129454.12,129366.99,124300.24,128631.2,132011.69,123028.99,123441.95,119874.85,117134.93,132113.64,136001.46,125441.08,125581.31,115810.53,118721.74,126578.64,120504.98
96412,133805.73,114627.95,119360.98,125276.24,126998.47,119380.31,114910.88,118796.72,128083.53,107085.52,120337.87,121091.88,121299.08,123483.3,126574.38,124576.8,118329.6,121105.92,121588.53,128102.03,119390.35,124002.07,111600.23,128436.08
97422,104356.21,103386.0,99681.07,97876.13,96691.56,108019.41,108273.71,103330.68,101380.01,104904.63,104888.47,105164.17,100133.89,101313.72,97582.92,106105.45,106722.35,102496.69,95041.17,105764.21,104914.99,112683.2,101832.24,104418.02
98423,140821.92,136513.74,127553.14,140437.23,145345.11,138320.88,136476.81,136697.35,131424.97,141251.76,129268.05,127325.93,132611.34,124652.61,141107.58,139383.39,123585.45,136892.1,137077.61,128129.67,126737.47,142822.0,131274.88,147776.15
99424,97712.01,99866.16,107108.81,100934.46,106734.76,101053.16,94854.35,96255.33,97957.29,101560.12,93608.81,100945.59,93275.23,101521.66,103217.4,97725.32,96737.87,100700.98,92065.93,95443.22,100766.79,94812.28,95427.82,99130.42
100425,90380.81,82028.61,90683.06,94614.09,95617.87,87297.62,83827.97,97243.03,94973.98,92665.12,97364.75,87418.1,85886.54,98053.8,91926.5,86690.97,87232.27,90094.65,91112.63,92413.19,94795.02,89580.08,91870.77,92777.23
101572,113703.1,111252.64,96592.73,112500.1,107421.99,112112.13,111469.98,108786.88,117036.78,104948.19,104151.74,105391.85,105360.2,98000.08,103095.19,108503.89,115583.89,100827.82,99786.78,96166.8,114204.52,104574.62,106927.28,108159.17
102582,60337.19,63507.75,62787.03,64728.58,60486.83,58076.64,58753.51,57308.25,64521.6,57534.25,56410.28,53383.35,55129.29,63873.9,60068.1,57840.06,61201.7,53817.28,60680.4,57791.51,58057.76,61350.96,62436.58,64601.04
103772,100602.46,98743.75,95371.26,100299.83,105159.97,99427.61,90981.66,101847.39,97097.59,106476.86,98412.87,94165.76,101127.28,98187.85,97518.62,100925.36,102615.35,95742.13,99028.54,104502.81,103421.06,101545.69,101361.91,93126.18
104784,58086.45,60471.85,61766.12,61610.1,60979.07,63044.99,62466.14,65954.59,58343.5,59524.85,62267.69,62814.54,64354.07,66814.08,58359.89,62608.45,59584.42,63251.11,64245.45,60219.88,57767.61,64688.24,56787.65,57766.58
105792,32472.44,31469.28,30658.27,31540.62,27997.1,29886.31,31531.38,29029.06,29724.88,32138.79,32414.71,32007.21,29754.57,31120.79,29370.12,31910.55,31378.3,30536.3,33058.52,29831.53,33270.67,29577.41,30313.87,30085.25
106802,25613.15,28866.13,28772.96,31461.5,29558.2,25416.83,30748.14,27927.31,31794.79,31664.2,28465.81,28489.72,28536.63,29552.71,30587.99,29771.21,30659.47,28446.16,28417.9,29611.6,29354.14,29844.68,29807.48,26927.02
107822,49920.96,44676.75,46577.27,45633.74,46905.45,40784.65,45639.04,46681.8,43015.14,42261.76,43362.45,42072.42,42160.52,45435.84,47067.27,47762.28,48040.78,43656.66,44204.02,44833.2,50372.38,46205.64,43334.64,46707.5
108832,59580.39,60423.89,60436.45,50382.12,53104.01,54006.5,52406.47,55344.1,56144.27,55960.27,56232.11,57523.28,56025.18,56801.95,54386.7,57118.88,57240.08,52159.47,53216.78,53952.35,50909.08,54603.77,53990.47,55305.63
109852,39662.94,42255.58,39950.91,41241.06,37608.05,36602.99,32298.47,38474.54,39076.79,38392.69,38184.09,37826.78,38013.94,34881.65,37578.17,37880.67,40384.78,42695.76,40993.39,40442.53,37522.67,40023.62,37954.33,40255.3
111032,43609.6,42442.3,40887.32,44617.07,40377.72,37984.25,38442.71,41814.69,45382.29,42198.92,39953.5,44531.91,41178.73,45120.51,45453.86,44748.76,39772.17,43775.86,43560.55,45748.3,42925.34,42708.51,44718.99,43316.06
112042,49205.46,51216.7,53391.16,50307.39,52107.91,54946.04,56169.56,47901.03,49558.63,57800.11,54102.62,54383.38,54049.18,53776.1,55420.59,56151.46,48092.66,53007.88,53802.81,48179.24,54344.27,52912.5,48027.15,52720.09
113212,52706.68,56792.1,55959.87,48140.77,50015.06,51590.7,52895.64,52608.18,52253.38,53205.35,51982.21,54728.48,52144.42,53807.69,56100.77,54645.3,52219.15,51730.02,53311.46,51204.49,48615.78,48750.06,52769.83,53687.85
114302,65065.47,59060.71,61755.7,58750.78,61134.65,59671.05,61784.2,61093.58,64638.53,63578.21,56489.28,60886.31,56988.36,59039.55,60264.1,58517.61,61526.24,58117.4,59271.15,62713.32,63737.48,59714.21,59451.1,59655.86
115312,49879.82,44757.66,49852.42,49484.17,50969.05,46828.96,48454.94,49381.08,48837.07,51770.85,48826.97,46570.98,51920.64,47867.43,43130.75,48840.05,47019.74,50313.31,47042.1,47673.17,46449.27,51780.51,48559.34,47808.39
116323,47850.53,50891.76,53395.94,54058.61,52434.67,53754.08,58550.77,48664.36,57186.53,58886.84,52924.67,56511.1,50180.92,55803.74,51383.34,55153.24,55793.21,53325.99,53111.94,50947.65,50455.71,57760.65,49746.55,50979.32
117402,59007.82,59928.87,64869.44,58373.87,68020.32,65378.01,63604.4,59534.83,65456.99,64566.43,62887.64,59434.67,66086.47,63472.61,64706.03,63965.87,59105.21,69087.48,62224.41,63040.15,61454.62,64802.91,64285.21,59983.18
118422,56018.71,53275.91,53146.24,52870.03,50676.96,52557.22,54618.47,51992.37,50904.53,51140.55,53107.49,54005.01,52756.65,53035.29,51764.65,50808.01,52188.77,56684.03,50067.68,56865.67,52577.37,50295.69,50718.42,52886.71
119442,65021.1,72706.7,67228.0,66713.03,66073.98,71875.48,63581.7,65795.29,71316.95,68195.41,69270.18,64566.15,64536.37,64412.63,68680.69,63804.0,64679.77,66661.84,66306.21,61270.88,70020.29,62455.89,67304.84,74155.99
120454,43167.84,42689.36,40510.76,37891.07,41741.61,43059.23,43458.45,38274.12,39318.77,44910.92,43501.1,40385.42,41001.86,40474.57,42943.16,43391.46,45948.64,42047.74,43056.5,38849.93,38286.06,42096.48,39671.05,41194.78
121672,39485.33,39984.82,41393.57,41369.36,39232.69,43370.69,39640.24,39796.39,42654.35,38823.89,42902.2,42323.67,39444.7,40533.65,43606.85,43278.68,44414.67,41415.66,41589.57,42306.45,43801.41,38331.2,39737.99,36689.19
122673,41330.44,41519.19,41213.75,37159.3,40328.42,43750.93,40442.37,41481.49,36996.19,39886.99,41330.76,41811.75,43356.32,37318.34,37632.23,41350.23,38723.02,44348.44,42111.65,36420.45,42005.39,38938.39,37555.49,43390.25
123692,22118.52,22239.36,22921.86,22341.48,22775.3,22377.24,21772.37,23025.68,23312.7,22504.67,24744.53,24297.9,22859.11,22857.26,24975.3,25466.13,24769.4,23006.49,23857.79,25289.27,23018.96,23081.44,24358.09,24821.72
124842,101933.73,97071.71,97780.86,101635.71,101237.55,91328.25,88452.6,96848.84,103138.7,105755.79,93796.25,90647.69,98970.84,95050.62,104423.86,88155.8,103892.87,92941.66,99690.84,103482.24,97900.3,100934.7,94297.31,98500.94
125893,112071.97,117108.06,112771.16,109680.91,114854.27,103919.94,103768.6,113916.93,108058.47,101108.25,104467.25,111600.38,101299.16,112135.2,102199.73,105500.74,104861.9,117021.59,105832.66,95446.9,115460.78,111696.81,109424.69,116905.67
126903,103502.22,105429.25,93757.12,94528.99,101086.73,96404.12,100684.72,92564.83,103464.04,105149.4,90888.39,95384.79,91889.99,92607.13,101697.76,97023.01,100184.56,96767.6,93361.47,98438.27,97907.56,89109.98,102231.52,102472.42
128083,98969.86,97447.81,94979.97,95071.49,94259.9,98689.33,97760.83,96934.75,101709.99,103707.29,95474.27,104988.91,86301.86,93064.84,98857.87,97603.02,94163.86,99591.27,92514.07,95543.76,91416.11,96486.09,93683.25,92261.44
129132,73313.11,77209.58,77834.7,70894.13,73305.29,71165.82,78518.37,72464.27,75629.01,78721.88,68778.32,72284.13,76857.15,70086.85,74151.21,69811.27,65105.73,62732.25,71678.69,73920.86,67987.26,74998.87,75973.92,68503.45
130142,33785.1,31037.56,28923.34,31087.17,30084.59,34303.08,31230.08,33328.69,28392.21,31059.02,28145.44,30690.98,32285.04,31744.37,29011.34,33480.47,32073.05,31747.11,33643.07,31471.06,33447.28,28703.45,31446.43,31671.73
131433,78230.27,74452.1,68787.86,69933.13,68778.36,72755.56,67642.55,84968.14,74092.33,80833.5,77465.37,73517.11,70135.09,83481.15,70831.43,71847.7,71455.82,69673.21,78389.89,74370.4,78827.23,75634.3,69672.63,70818.66
132440,38917.32,39434.81,40507.91,38359.07,40378.61,41686.26,36713.39,42227.43,38270.39,40583.39,37176.63,41178.67,41194.3,37142.93,38396.84,37495.87,36560.21,41523.79,39178.7,37518.79,44482.33,42686.07,39890.29,38700.04
133463,41419.03,42864.92,43519.64,44008.46,46060.1,45061.78,47750.07,45368.35,45750.66,45830.99,46059.06,48554.75,47564.85,43776.52,47675.18,44874.16,44173.06,44203.6,45064.74,45752.93,45555.76,42553.83,48248.27,45988.13
134472,41967.24,42832.17,41832.27,43542.01,40514.22,41353.49,43715.2,40883.89,41651.51,43481.95,43176.04,40985.57,39424.41,43918.4,44597.24,42690.39,44169.02,40503.66,44810.7,43968.24,41510.62,41063.38,43470.92,41872.58
135473,50239.21,57352.88,58962.23,59290.43,54553.96,60228.75,56729.84,60365.09,60941.58,54869.35,54349.06,57266.05,54251.34,58691.97,51817.49,55603.6,58117.91,61131.56,57861.52,58076.03,56977.12,53952.87,61281.39,57053.87
136474,52797.73,51158.66,49274.65,54163.2,53658.37,51789.76,50036.46,51467.99,52814.15,55061.27,54521.36,48206.31,50355.8,55902.81,52739.21,57430.1,51236.77,51225.92,51652.32,52150.13,45492.69,50124.03,55468.35,52245.78
137482,81529.14,88948.9,84783.59,85685.45,84153.06,83829.54,81702.97,93596.11,75922.37,76067.54,83247.93,80921.05,86992.19,85365.22,91916.69,81115.02,80946.48,86929.93,82434.95,87016.88,81533.78,82556.51,94865.15,83020.58
138484,50887.16,50512.36,47722.13,50470.66,47273.36,51187.42,53254.24,50299.29,48431.4,48664.21,51180.0,57537.09,48640.67,49390.17,48212.28,49887.72,53687.57,51776.23,50554.02,49902.0,51806.0,49338.42,49079.1,50804.24
139492,29739.4,30324.07,30044.92,30714.38,28677.75,28678.5,28899.38,31436.98,30927.4,30140.59,28939.8,29435.12,31283.34,28482.41,31654.7,31574.34,28956.92,32129.5,30234.8,28892.49,27821.82,32448.36,32056.92,29509.65
140522,20444.07,19289.29,20982.09,19611.86,19280.19,21630.23,20395.9,22079.09,20893.67,21424.51,20728.26,20006.28,20688.14,21909.52,18042.95,18092.12,22116.71,19206.36,19771.71,21581.91,20803.8,21656.99,21442.6,21334.29
141552,46034.1,53644.2,53027.48,49185.46,47453.9,47683.06,53366.38,48482.77,52022.31,49581.21,52045.42,44335.15,48445.84,46956.25,53158.39,46744.48,48499.05,44951.74,50532.95,50228.91,50515.38,44828.1,47904.98,48931.17
142559,78530.93,77929.7,75937.95,77458.66,73014.4,71651.35,77950.18,66919.88,76137.72,75407.08,70958.3,82123.74,74970.98,72899.52,72921.66,76151.0,73818.79,82819.67,79730.45,75152.8,72363.11,75658.73,74819.16,74632.96
143563,103939.12,108680.6,95974.23,99649.69,106614.66,101637.03,96804.5,98943.14,95749.22,88080.08,100176.7,86106.03,100564.09,107858.59,97147.01,99059.63,97086.4,95573.28,105584.43,100447.71,98786.24,97603.19,92924.39,92340.55
144643,76903.35,80923.53,74663.87,81480.88,71207.81,75966.33,70309.83,88096.28,75506.01,72217.64,73295.57,72488.04,73071.52,77909.01,80951.2,77555.37,83486.59,71308.54,75543.39,75077.52,76444.98,74741.45,80904.45,79471.66
145843,46256.27,52727.76,49244.66,46776.06,50186.93,47925.95,49095.03,51869.41,50482.98,50269.79,53599.21,50306.22,51925.18,52170.81,49444.74,50018.54,48936.37,47607.75,47370.65,47102.44,49699.34,47434.71,50807.86,42793.75
146844,80112.55,77994.15,73428.95,77393.68,76750.1,75274.25,74251.33,79405.02,82329.46,76616.29,77048.32,81400.28,75819.69,77058.41,77484.28,78878.17,78721.74,81686.51,75165.3,86324.0,79200.17,74839.13,77559.31,76999.93
147853,71878.29,74366.86,81110.05,78855.19,76169.05,77004.8,79436.4,77427.99,75872.31,76039.94,66368.83,73582.76,77875.17,83621.39,72315.7,75349.28,77329.63,72314.04,74115.65,71150.58,74252.11,71281.78,80397.04,77103.39
148873,78921.18,85115.65,87621.26,80382.19,83668.37,74572.21,80638.67,75572.53,83380.98,80722.29,95218.43,79728.09,76202.25,84913.21,81191.09,80409.62,80832.19,92976.2,85464.7,82496.47,82754.9,80246.47,80399.24,80089.95
149893,57536.92,63833.57,57843.0,58495.38,58436.8,58411.47,55480.29,54803.63,61030.56,56744.09,52146.42,54364.59,55049.17,59382.59,54740.59,51825.21,56340.86,53346.77,55938.91,53593.69,55720.39,59622.68,59166.25,56475.23
150902,58747.27,57837.81,57607.06,58447.59,57356.49,58596.69,59893.95,57622.3,60798.77,58927.8,59982.92,53227.75,57439.64,54482.85,57161.46,58865.4,58304.62,52648.21,59158.24,53345.71,56362.63,58029.33,55248.75,61914.37
151903,49329.35,52208.99,48860.53,52299.58,50976.82,48984.09,49829.11,50070.46,49039.73,48195.85,51273.68,52682.61,49547.68,45875.55,51770.0,52394.82,50961.54,53087.53,50585.11,58082.19,48775.97,45493.78,47858.04,48924.96
152913,52620.4,52350.02,46084.34,54318.71,51646.64,48893.51,49681.09,50734.23,53106.15,51716.44,49853.28,50842.67,52355.13,49516.02,54367.62,55002.59,54110.43,52890.7,53070.97,51925.47,54102.06,57646.94,53489.86,54670.55
153923,74313.85,72712.39,71980.84,73978.99,66644.59,64597.45,71245.11,64563.66,67452.86,67644.64,70061.73,67718.06,62595.05,63239.0,62638.9,64985.52,71108.67,66319.09,72389.26,66892.99,63677.54,71315.87,65376.83,65535.53
154933,66653.55,70854.21,66974.33,69439.24,78889.2,79040.96,71607.6,66368.1,67736.27,73701.99,71688.82,76931.31,76079.19,70744.62,70411.45,75715.66,70151.18,76970.15,70847.87,69630.55,77652.52,71787.2,75317.85,78602.44
155942,59411.16,52483.43,57035.54,58332.46,48827.58,53480.33,55070.49,55907.25,57830.6,55714.74,61336.21,55286.03,55385.58,51996.71,61436.58,55101.2,53837.72,61763.38,54764.12,58730.71,55352.66,55473.24,59952.61,61824.76
156943,60574.48,56980.0,52055.7,60442.01,59179.13,61793.08,65203.74,60924.06,63433.17,58458.59,59227.14,58833.7,67771.55,60565.1,55848.62,59019.63,55364.75,54230.6,60211.94,64565.67,54039.98,63987.79,58829.39,56254.34
157954,54132.04,55269.26,55688.5,56679.15,58634.06,53453.58,54605.36,59212.87,56305.9,57487.87,55571.53,53436.98,55765.42,59774.63,55045.41,54328.14,54309.19,53316.4,50286.62,53038.27,57439.2,55041.19,54112.39,55913.06
158973,48656.12,49462.8,51147.76,44750.89,44806.56,46514.67,44599.21,45859.69,42676.16,50558.83,44627.28,47519.79,49548.43,44165.72,48561.04,45713.42,47246.46,50532.95,42519.48,42965.92,45337.35,47151.22,47338.04,49301.42
159983,39349.84,41269.78,42216.25,38769.8,40368.16,39328.08,41598.99,42908.64,38935.29,37158.24,38063.85,40781.45,38106.34,39750.0,40589.81,40033.16,35900.45,39389.83,41233.82,38216.56,40627.95,40465.43,39304.68,39392.14
160993,35495.66,36377.15,35647.28,33196.53,36503.0,33190.62,37296.49,34110.71,35357.73,34456.83,36342.42,32906.65,33734.69,36888.61,36360.85,34650.58,33128.55,36105.01,34463.21,34804.43,37412.97,35030.77,36841.72,36071.63
162003,60999.24,59707.14,62219.11,59953.56,68832.08,60593.79,63675.64,55141.9,63005.32,64600.56,60203.34,63805.58,59483.01,60960.29,66757.8,58920.2,62648.15,64089.4,62902.15,61724.55,65394.68,61432.35,64597.17,58068.06
163023,77496.19,75162.27,78348.11,77912.97,81407.02,84032.24,82339.01,78380.16,70572.42,78609.17,76655.7,80094.57,74073.6,72707.67,78086.28,84006.34,83477.37,75543.2,77067.77,78909.21,68710.18,79387.27,71753.0,66670.62
164025,89183.78,93074.38,96354.31,95432.41,93230.6,91963.52,100445.0,84375.41,95025.9,93915.93,96350.68,96366.96,99214.02,90487.42,95200.97,102415.24,90474.19,94959.69,89005.2,104275.47,97584.58,86834.62,93781.67,85188.81
165033,81613.6,80669.79,83449.89,72466.04,81460.89,77331.26,90121.84,72013.84,77033.84,83019.31,85462.46,81351.24,81181.48,82615.34,88114.72,83725.21,84913.29,82311.46,89778.73,80949.03,78274.37,81062.36,86501.55,83549.84
166043,79835.24,75666.92,74576.14,77960.85,77700.47,71450.62,78124.99,79496.48,77916.6,76296.68,80785.81,80288.68,86389.69,83512.81,81055.74,81057.51,76106.28,80336.05,82546.34,87148.06,83648.23,74899.05,82280.43,75851.43
167063,86282.25,81252.5,84475.24,82917.66,85185.28,87270.38,81779.09,86886.71,73117.36,81791.19,82712.5,84841.01,78515.88,91036.65,78960.88,80085.34,79533.76,83706.51,89125.3,76414.63,79662.12,80721.54,81341.94,81852.62
168064,100284.14,104365.95,100899.85,103414.92,100718.15,101837.18,105844.6,105291.27,99372.02,97771.68,99069.79,97277.62,101245.94,94643.66,104215.54,100877.93,99859.52,102531.8,98882.25,109771.22,107506.81,92042.3,101783.88,105913.14
169073,116527.34,115857.23,114015.87,99791.61,111774.5,105218.06,110116.08,106812.85,111171.61,107204.52,99050.61,106612.55,103495.45,116119.81,114882.53,112859.8,99343.6,105785.61,105180.02,104916.19,104770.02,101262.13,121584.29,106375.41
170075,132992.63,139832.34,133416.56,139510.9,128532.21,129875.09,129969.97,154207.54,134902.75,140173.26,133587.75,140914.36,127448.19,127931.74,126472.35,122874.87,126399.98,132632.41,123367.9,135395.27,130074.07,133400.59,130040.67,136745.54
171076,108535.56,113687.07,112855.53,109020.43,106823.87,106294.74,103234.98,111537.45,103687.45,110167.57,107752.07,108483.21,99061.34,94312.67,110456.69,107045.21,105823.88,102301.51,109824.74,112221.14,103371.01,109328.02,109773.81,116056.97
172083,61869.14,66667.98,57021.39,68765.31,61265.11,63405.62,59680.99,65796.75,66300.3,65417.28,60940.63,59606.1,56693.61,60179.6,60723.86,65222.55,64859.9,67356.78,66088.14,60914.85,63831.65,63475.5,61713.21,65967.69
173085,75533.17,78377.4,70975.83,69890.73,74995.08,75226.24,74567.85,76810.75,77600.75,81622.83,77539.46,75625.89,67881.94,74112.69,76104.06,80267.61,74525.04,76207.87,78380.85,81560.39,70631.69,79214.7,77362.02,71106.59
174093,55017.21,53334.12,53486.35,58218.91,57927.66,56606.61,52918.44,56387.45,55912.58,55969.68,60266.52,55437.49,60329.29,55825.28,55514.06,56483.0,57725.67,56666.93,56841.47,52394.44,56648.91,57322.63,57127.33,54337.28
175103,92564.03,80338.36,83594.29,86397.17,85440.42,84656.19,79574.65,78194.53,92046.14,81258.45,93270.25,91448.61,88614.35,86700.25,87699.28,84696.1,86520.06,85747.1,87336.89,87776.99,87322.1,92559.97,81876.3,83088.25
176124,83761.79,73717.22,66712.71,74112.89,80228.6,81297.38,81637.35,72966.18,80674.95,74239.93,79044.6,75854.28,82605.18,77388.22,74503.34,84025.51,80792.23,81208.94,80654.71,76788.28,80201.44,76759.33,77708.85,71899.2
177133,89247.7,93775.05,93628.3,90350.9,96668.59,86450.8,88977.88,93125.44,96588.43,86199.9,92894.24,90662.66,91409.46,91689.0,82462.59,86033.14,96954.15,88018.38,95246.88,83302.08,88261.84,88757.16,91336.54,90221.07
178143,81805.86,71129.25,78088.21,76375.23,76408.01,79412.42,80738.05,78556.7,82712.67,77957.33,78023.36,77122.3,84418.4,81124.94,77894.75,79846.33,83291.45,79764.6,78675.81,79525.82,78832.25,81354.16,76815.69,79243.37
179153,99282.45,97432.1,100278.75,100592.81,101996.3,94897.96,95504.6,93139.56,102214.86,95706.14,103616.93,92233.82,104010.85,99022.89,102923.81,103590.05,109460.36,103495.57,101087.72,100102.97,95702.14,98090.6,106008.65,95826.21
180154,89037.26,84131.83,101203.51,93618.9,90539.73,97885.59,88479.74,93169.95,89527.08,91891.17,96133.22,91332.77,94857.47,87537.82,88570.85,90794.59,91323.97,86728.5,94996.12,93576.31,85603.18,92275.57,79954.61,87519.06
181156,98251.79,92441.22,91649.72,90499.44,89645.02,91366.14,90973.71,83224.81,83665.44,93086.13,90553.31,86819.98,98833.23,87072.47,88833.37,88137.53,93340.21,97171.32,93604.5,89824.7,101276.43,89191.33,92491.93,94732.37
182163,92671.14,86510.71,95656.34,93794.86,91210.55,81939.95,94413.15,95134.06,98827.24,88336.3,99370.98,95021.03,88758.11,97018.07,98271.66,88269.29,102972.09,88276.53,97482.21,90361.58,89479.15,84421.32,93378.96,91893.06
183164,90627.48,97646.18,101471.5,97598.56,96709.07,96302.89,100827.21,94387.71,96521.45,98986.48,100265.53,94473.89,100445.14,93375.72,96525.07,103098.15,100857.92,101170.43,106312.36,87608.51,90645.06,99594.31,96947.97,97420.73
184174,96057.96,100873.63,95154.33,95908.78,99044.98,85926.33,88040.58,89064.36,90226.06,97729.48,97146.94,80799.53,92895.37,97463.27,95899.92,94186.34,94249.05,97391.73,92556.73,100228.46,97981.0,95699.45,99683.61,95026.09
185176,80424.15,81823.29,79404.75,86672.39,80021.05,80415.37,80519.27,77831.42,76044.79,88027.42,84890.05,82379.42,81600.49,81536.74,82350.69,77042.83,79449.25,76947.73,84665.11,80125.12,72403.1,78063.45,81654.88,79702.86
186183,88275.1,86564.09,98401.77,88663.72,93561.17,92276.98,93116.0,96557.35,100106.04,99908.44,86698.71,95939.0,97013.4,88544.0,100801.66,86576.91,97425.88,86940.64,92572.37,95192.89,96148.29,90376.12,85565.38,101566.79
187184,77761.79,79515.0,89278.03,79017.2,92106.78,83288.24,89802.33,84641.23,80473.12,85599.43,86024.71,85769.08,86399.73,87804.07,83921.01,81216.53,82420.86,87401.74,89298.69,79057.19,85647.26,85308.13,87323.35,88609.83
188185,106410.52,98084.32,94246.79,104137.6,87526.58,103694.36,103043.83,92152.07,98309.39,96829.49,88396.54,91077.19,102347.37,101795.18,90119.37,103655.31,100521.84,99940.78,99017.38,97313.99,98372.54,93939.36,87380.33,102017.62
189194,82444.26,96100.58,91817.47,100857.77,97602.85,96438.98,95930.72,95255.63,91314.35,92069.74,100780.1,95149.99,103892.78,91406.33,92683.48,94151.1,101404.89,92682.77,97304.28,94937.16,99049.83,96334.51,106416.97,97906.01
190283,106326.99,108581.78,122805.2,114734.17,102145.82,107564.71,109028.13,109637.88,100107.55,114452.24,113596.63,101777.9,108014.76,113763.92,111269.79,114484.53,105044.36,111502.12,106355.26,108273.47,120786.11,108836.24,107774.08,117429.84
191294,88763.45,94179.86,92943.83,93067.91,92315.17,92989.49,93896.87,96190.62,98303.21,91371.89,99914.49,98699.65,88753.14,93293.14,91299.15,94827.22,101165.89,90092.23,92598.65,93125.99,87721.0,88841.97,100352.69,100131.96
192303,98957.51,94983.52,93859.82,97498.81,93941.19,95176.33,86030.52,91718.01,85944.33,93686.02,87407.46,101841.53,95648.99,87054.7,88178.7,80393.24,84464.93,89033.22,93414.62,94565.08,88121.4,96048.81,90061.28,97284.61
193503,129267.97,129570.5,133629.86,126922.84,124147.87,118985.9,126510.32,133600.29,114832.32,137022.7,131627.8,125844.06,131083.58,123438.76,139269.37,131780.97,127860.8,133030.33,134610.21,134729.0,129142.52,122029.82,131896.93,128840.36
194514,34454.13,32223.51,33447.39,35620.75,35665.42,33521.68,38681.05,35362.5,37795.35,33861.82,34977.22,36254.02,37764.92,34766.73,35866.72,32981.74,34215.29,38439.77,38017.19,32116.87,35056.23,37303.71,36844.21,38183.84
196994,255290.48,252080.49,234828.23,256042.06,233812.13,245469.05,237645.06,234880.76,250440.9,257091.33,208174.94,256391.03,236739.87,249687.85,234633.29,211834.44,219358.82,220685.25,258959.28,266973.07,249989.66,251399.04,232272.26,283716.67
198003,77206.11,75542.02,84384.24,74846.59,79201.28,87976.63,87030.54,95890.95,79491.65,89201.31,81995.74,84539.58,83958.5,85162.02,74307.28,82897.1,80111.4,83656.9,83642.07,87865.82,80252.93,82350.18,87422.25,91568.82
199004,85367.73,77391.26,72271.05,83375.23,74706.76,79035.43,80739.44,78274.43,80797.73,78707.48,80344.88,85245.39,78411.63,71421.05,77282.61,75062.76,86269.4,74864.63,80243.89,76456.26,82271.19,74110.61,81337.4,82116.13
200103,95835.08,98459.21,93252.4,90509.04,96550.08,92381.24,96814.46,100381.89,100013.29,88231.83,101170.67,95302.32,97499.48,99654.68,101940.19,92661.84,92653.59,100554.01,96275.92,90075.12,100886.88,89210.23,85726.48,88769.34
201104,68575.31,77979.79,64486.94,67238.25,69932.49,65327.51,68880.82,67111.28,66413.18,71866.52,73709.39,68433.7,65235.1,66785.8,65391.56,70109.14,71061.26,58966.24,70877.32,68112.88,70234.32,69381.96,67963.7,63382.9
202105,74807.66,74378.65,81406.67,67629.73,72369.25,66069.8,78372.24,79252.7,76659.71,73568.31,77311.14,74159.99,75953.66,81768.97,75388.65,65379.76,75330.67,73101.96,80275.17,70629.99,71231.19,75572.35,69586.56,76925.27
203113,75148.96,70306.06,65935.85,72336.26,67746.77,73714.98,65117.43,74348.63,73215.77,71786.21,72790.15,70162.08,70740.86,74310.72,70611.38,68784.23,68233.37,73395.39,76333.86,73538.94,69590.19,77610.79,68632.66,68068.59
204124,76632.7,85011.72,83089.59,83439.6,83885.26,88283.62,84502.35,83533.62,83713.46,83733.8,75862.41,83834.93,81789.35,82469.51,82668.33,87774.52,81951.2,80011.7,75404.54,85204.23,81642.88,81649.17,78393.05,80170.91
205134,100011.22,105011.62,96447.09,88910.49,98424.81,93960.76,98402.16,102976.87,100289.15,101172.73,90381.32,96034.25,91502.18,98216.03,85711.03,97664.78,103126.51,95986.23,96983.68,92844.98,102628.01,91825.82,91548.64,95642.9
206144,46915.02,46190.66,45832.01,47932.4,46488.72,49534.34,49520.74,47915.44,50231.12,43762.7,46795.41,43894.47,48791.29,50108.9,46937.14,43921.75,46843.14,49227.11,47363.14,45135.63,46541.27,50561.7,46812.83,49859.29
207154,23164.64,24434.14,24873.44,25097.64,23811.09,24545.4,25912.94,24399.9,26898.8,24193.71,27139.62,24852.62,25856.56,24278.09,24305.04,26526.77,26266.75,27588.9,25643.52,24782.31,24062.88,24720.32,26235.33,23977.18
208203,7195.91,6704.41,6832.92,7110.11,7003.98,7229.76,7143.77,6727.0,6894.33,6739.04,6579.49,6994.79,6971.67,7472.28,7257.09,6715.25,7087.89,6782.02,7326.2,7045.65,7186.18,6763.25,6765.1,6477.21
209214,76058.63,71549.77,74801.49,70308.36,70245.27,79268.63,71069.09,73261.88,68977.13,72799.0,70067.9,74729.23,72111.3,64877.51,72873.88,68295.41,70666.35,68270.28,74660.84,75237.73,63188.65,70842.39,68323.65,63915.63
210216,58950.3,59061.43,61793.74,71356.26,66667.08,65302.76,62629.59,64083.22,65217.59,58839.14,59269.48,64700.58,63917.19,63317.8,68258.93,64643.67,63846.38,66904.54,59364.91,61596.58,63952.28,65275.16,61111.56,63174.01
211224,80347.38,84293.76,80300.04,78059.18,80204.48,85869.83,79708.89,85436.08,79672.84,77405.75,77017.88,80279.26,82394.51,79481.54,86385.87,87706.53,81257.72,84190.83,81184.38,86189.81,83626.9,88686.93,80254.9,77519.94
212239,94654.26,92287.39,94066.69,92833.6,93188.78,98539.05,96087.08,89783.95,97401.83,89547.93,92523.23,92260.51,103844.56,99818.63,85966.83,95541.15,94681.68,85157.17,95491.43,96298.0,94969.41,100190.09,91944.03,97011.01
213364,100893.26,102438.73,101512.3,94998.19,109702.06,97334.21,108841.33,99852.92,100844.72,96992.75,105478.35,94803.92,94284.75,106694.25,96342.58,99774.27,100710.13,107706.44,103654.76,103659.08,102987.85,112976.66,106311.07,99733.31
214365,90020.14,84574.59,84385.91,87757.92,89244.05,82915.59,89359.29,89041.44,86868.07,86235.73,92095.36,89327.32,92850.88,95568.12,97279.4,91289.75,93880.85,88538.09,86459.76,87878.81,88524.27,97805.07,80455.2,87379.84
215374,91209.96,84204.56,84107.83,77354.83,83646.53,82400.98,79898.61,77588.28,84183.71,87253.2,84510.96,89043.78,94621.68,88014.87,87950.08,84557.07,88272.68,82268.36,88392.5,88107.9,85744.3,81502.99,90266.38,86476.4
216375,80591.74,79596.55,80843.38,73097.6,77003.2,74376.97,89672.0,83215.97,80558.86,78129.41,77892.37,79578.23,79285.72,70606.34,81011.71,80570.86,82351.71,81306.39,75513.71,79995.35,77388.81,78475.5,86500.73,75085.97
217376,102582.03,95789.29,100178.36,97931.97,99885.79,100346.95,95322.74,94965.05,107714.61,96444.42,91147.33,95289.51,102755.75,97153.07,101391.99,95060.1,102761.36,102479.92,98058.18,94426.57,88924.01,88964.44,99233.73,98888.93
218384,92094.65,82417.2,93250.7,91407.88,79658.47,84412.59,83420.42,89476.26,86079.92,90506.73,90870.43,83455.91,81349.3,95640.48,77313.5,83975.49,78488.07,87539.64,87122.98,82148.64,86095.21,90125.25,92844.4,85235.81
219396,93803.4,90698.87,88109.28,86208.92,87832.44,97167.87,96930.08,84449.2,91010.85,92356.75,100376.95,86933.6,97133.64,92423.36,89658.5,93269.88,95796.07,100237.58,96729.16,96781.92,95139.17,93749.82,94998.32,103616.11
220398,94707.7,98792.58,100682.39,94007.4,94448.67,107434.18,98884.2,99325.66,98599.34,98142.72,92952.83,93072.28,97461.17,95822.95,95773.64,90246.15,105968.29,95674.49,97842.87,101541.59,101624.5,91963.31,100410.85,89488.35
221404,115711.44,120137.12,114822.06,113141.2,122344.95,108819.84,112542.33,116653.02,119876.6,119656.74,117963.92,109670.96,106590.73,116411.04,115939.82,104697.0,106405.17,119939.65,110392.35,108500.83,118742.52,114939.15,117843.09,111912.67
222584,108697.46,105004.94,102818.69,100344.9,111408.37,113721.48,105441.23,108385.47,106995.77,100387.37,108488.58,99851.22,101934.65,107584.82,107551.39,111448.87,108702.65,100909.73,114402.99,99738.73,110595.63,107019.42,112093.39,107134.96
223585,97609.74,109637.69,111109.85,99579.76,110392.06,110009.03,109074.28,102853.4,104507.92,94443.97,108664.99,101468.61,108939.09,111061.74,102662.42,101332.27,113794.48,107226.49,108331.44,110251.9,107082.6,109061.84,99096.44,98673.3
224594,112096.87,98852.54,113183.96,115978.38,117237.32,118106.28,104480.93,113444.04,115934.62,118567.11,106140.49,118410.13,105169.99,118712.81,115038.38,119165.15,114728.93,109071.47,113808.45,102289.53,125610.61,116432.4,118183.11,116464.75
225604,84997.0,86488.9,79923.78,84089.39,81854.35,84545.16,86031.68,87811.77,78647.97,90926.24,92910.86,83615.79,89332.2,82309.51,83093.37,88254.97,89055.05,86687.16,87276.68,89171.1,89888.63,86328.99,81823.96,91821.85
226614,76780.98,72175.99,78475.74,78527.92,82958.31,76870.96,80696.68,85268.09,78362.79,79519.19,82032.31,75560.87,76849.48,80075.27,80616.42,75460.5,74420.31,84925.35,80142.94,82306.93,83341.23,74357.82,77881.11,81466.36
227624,44840.27,46588.15,45306.19,46292.22,46420.65,45994.19,45051.27,45599.44,44596.24,44794.24,48015.05,43740.13,42666.29,41429.48,46251.35,43430.56,45567.31,46860.41,46139.76,47727.73,42571.08,46766.36,45912.1,48629.82
228635,61723.71,60560.16,62544.42,60394.07,60025.48,56556.34,58566.08,60849.7,61757.9,64002.66,65490.4,59929.62,62174.4,59581.48,64131.95,60149.29,65598.0,64285.3,60207.29,57624.12,58403.21,60279.34,55196.53,54009.68
229636,43174.32,38069.81,41002.51,37757.96,39558.45,43306.43,38571.23,45215.67,42868.25,41608.69,42149.49,37532.19,46465.5,41177.27,40953.43,44438.46,41668.37,39506.9,44264.82,41845.99,38698.11,41849.71,40500.73,41985.23
230643,60798.06,64545.6,60295.58,57623.26,57371.42,60064.41,58443.71,63506.69,60105.47,62802.73,67302.76,60037.76,59416.29,62837.51,57354.12,56968.34,59919.98,65469.58,60351.69,60480.08,63836.11,59677.7,61754.29,55027.7
231654,101221.74,98023.82,99769.97,97152.67,96663.43,103298.36,95999.86,93755.51,98982.4,97530.25,90922.41,95792.49,98126.19,98781.02,94748.79,101311.7,88658.86,99340.37,99263.73,101937.59,98676.21,90573.95,89967.61,96335.07
232655,100872.34,103025.7,112129.44,110195.49,104353.88,109325.05,102489.44,108296.8,100423.86,112562.95,99428.75,105902.75,111021.43,109692.09,107688.96,104449.95,104886.98,104677.16,103922.2,101068.2,110766.81,102130.04,109064.51,106904.14
233783,91761.09,95861.84,86141.41,89967.43,96149.1,97565.46,99903.54,87384.59,89395.05,89879.3,92175.99,92817.66,97072.39,95004.22,93956.6,100370.97,92549.55,89448.07,93783.68,89219.23,85388.54,98863.37,86793.21,91823.05
234794,48829.41,44981.58,42669.79,43481.09,44621.48,42871.79,44666.43,43192.8,43513.83,45149.08,46063.51,40714.78,49170.65,44223.17,40158.01,45962.82,42591.25,45796.74,41035.03,44584.74,45235.84,44451.52,46144.77,41959.26
235803,36666.25,36273.67,37082.93,34287.34,33407.98,37765.7,39219.37,34262.68,36005.32,34340.28,35354.06,35258.91,34191.2,32728.15,33706.26,35709.46,32972.77,31696.7,33102.34,34131.52,35391.06,33345.69,31770.69,33839.41
236823,16893.89,17040.53,15942.25,16815.41,15628.86,15359.03,14900.17,16789.64,17273.83,17385.34,16368.22,16905.92,15102.26,16600.79,16195.98,16847.7,15931.37,15478.67,15484.27,16266.17,16755.01,18850.12,17715.52,17085.59
237853,65236.76,74043.51,66558.43,71481.05,69055.06,73465.68,65428.79,74298.92,72801.55,66093.61,64817.13,70219.47,75904.43,71076.57,71626.39,64823.87,71246.25,67037.56,70671.31,70071.16,64587.94,69236.12,76132.69,74669.95
238854,91675.58,92414.02,83420.37,87317.65,80507.88,85718.82,90146.78,84228.59,80936.13,86383.94,92085.74,94957.3,95245.42,88358.04,94905.21,88495.61,90981.21,91027.33,82747.77,80683.93,92448.47,85041.3,94557.48,80086.96
239863,101331.33,96121.38,94060.78,93639.46,94089.87,105875.21,96082.03,96469.97,103198.51,94789.48,95088.83,97038.79,100352.35,95525.98,101675.84,99192.55,95749.75,93566.03,102674.17,101061.5,94535.71,98361.08,105596.79,101420.14
240874,99736.08,104911.03,105206.86,106689.21,111013.11,109119.09,96666.91,102558.06,104045.14,95956.06,107479.89,107488.33,98383.29,115588.46,112977.07,95767.44,105254.21,108664.58,106170.84,112660.22,112280.9,100517.67,113706.63,100715.69
241875,115338.2,115342.14,122840.18,110939.62,105072.48,114264.26,110501.16,104586.12,112968.65,116694.1,111504.04,119189.85,114118.38,115317.54,111261.49,96660.4,111126.15,108185.62,100650.73,109366.96,114961.89,102938.54,105548.93,122332.79
242883,77472.83,74777.17,76745.01,76567.75,77863.85,83344.35,77775.04,73718.22,73878.94,74879.33,73514.59,72609.58,80871.24,76279.45,79781.58,83073.1,75456.92,73810.93,68883.19,76551.64,66058.95,72708.35,67561.61,72283.53
243884,59972.92,54541.54,58606.88,58084.91,61861.33,60577.57,56168.03,60005.38,61284.79,61421.81,59064.07,61807.01,55863.35,61870.82,58960.92,59583.42,54367.42,57538.44,54251.61,54675.13,56330.8,56913.1,57709.01,56100.0
244894,105842.1,116908.55,109767.37,118780.01,112307.07,119417.85,121979.09,111003.06,120617.11,111919.33,113437.21,110976.7,118891.84,116950.3,116970.29,120712.41,115233.58,113627.34,117690.89,120167.31,105524.24,105472.36,122864.86,108491.24
246035,135906.64,127679.99,141073.99,135734.21,124966.72,127282.85,133417.73,130856.09,140553.24,146031.53,140775.25,141582.34,127961.34,134374.11,134704.39,137968.72,132401.18,128748.47,136092.35,151753.55,124753.08,135685.95,139856.38,130554.15
247036,48175.2,49815.06,50217.32,50821.79,53070.73,46345.74,43856.99,49830.25,55521.87,46488.55,45889.42,50382.9,50677.47,46660.25,51207.04,51494.99,51931.43,46468.26,50873.12,48953.01,44441.92,47830.13,49520.44,53113.94
248053,59436.35,60682.04,64293.67,55742.13,57903.89,53378.23,54017.73,56570.14,56004.69,62962.66,52752.24,60396.48,57311.4,58263.43,59563.4,54367.46,61357.0,52297.15,58228.48,61236.7,57504.64,51051.25,61039.08,60540.34
249056,59269.12,59838.22,59867.22,58059.4,56845.73,55840.49,57334.59,58654.9,58737.78,60672.66,59185.73,58562.23,60922.05,58261.93,56414.56,61722.52,59977.97,54763.73,56302.92,63635.39,61836.75,57919.88,58268.61,58850.49
250283,19478.85,22704.58,19301.55,21419.7,20429.33,18842.25,20881.1,19159.55,20546.53,19387.43,21868.21,21427.5,19972.71,20530.17,19850.57,19258.85,21166.63,19652.6,20083.98,19148.49,19320.71,20587.09,19572.76,17851.34
251394,110996.08,116944.45,124668.21,113530.13,112284.55,121296.15,110712.37,130299.99,121345.5,115014.48,117372.13,117868.25,122294.14,120764.55,123506.66,118427.48,127626.96,117453.08,116693.89,117604.03,124669.53,117624.64,120197.51,116428.79
252435,200538.68,180670.69,168009.94,185861.65,181135.83,190322.87,175544.08,174246.15,188256.06,187032.12,172310.8,180435.74,182834.68,175362.51,178001.56,176309.04,165573.2,179699.47,170697.83,188959.78,174260.41,184042.33,175302.72,173499.3
253436,149368.67,134306.61,141771.68,146636.95,143818.51,156959.21,159448.65,147211.42,149720.42,141004.05,146034.68,144618.94,165154.82,140959.05,139636.6,141199.5,148365.73,151494.42,141800.26,136243.33,137389.96,143016.76,150250.3,134581.04
254439,140652.75,140926.84,138746.32,140840.26,146102.46,134641.98,134685.04,122949.05,142130.66,138513.94,134911.17,131870.79,138739.9,134857.26,130480.09,130055.03,132855.8,138426.22,139395.76,135449.2,144928.85,142916.6,154128.07,125771.81
255444,141842.44,140118.24,133673.48,136468.1,139050.45,143321.54,130217.92,151214.73,139297.65,147953.2,136276.82,145118.53,138418.01,139210.36,146044.71,148926.72,137625.66,134677.12,146176.27,138136.47,156221.38,146058.86,140143.42,141586.01
256445,154294.52,146041.55,146711.16,160143.19,135767.49,142800.16,151791.46,143080.68,139646.54,140321.51,142025.13,155632.17,144749.19,161567.08,166661.41,144010.18,145818.94,143826.53,145585.15,149203.43,144339.79,131391.74,149392.64,159336.36
257446,122065.79,126797.44,119825.63,119389.85,113884.19,120470.81,107676.26,121297.09,116698.8,112403.07,118858.14,118054.68,122912.54,118734.54,111249.4,121915.36,113058.83,114754.63,108043.41,112736.2,114966.44,115407.69,136009.78,111451.01
258474,141361.92,141892.86,115850.32,141148.89,129661.66,138573.11,139588.28,140190.99,135080.12,140924.04,136351.33,140773.92,137272.91,136354.3,141705.4,126194.92,128095.85,144526.11,147024.42,135559.88,140311.88,139048.31,144247.55,135061.92
259513,139413.13,136252.78,140895.6,138680.48,141850.51,143272.96,130873.84,141449.74,119778.73,127076.33,139467.34,147486.11,145440.74,142219.33,135528.68,136692.33,127980.17,131385.64,134927.94,139637.53,138319.81,129878.68,128387.58,119723.64
260514,149923.53,184824.92,164360.52,157254.36,164272.67,170744.38,178117.18,162073.9,164090.99,160010.19,163393.07,165567.13,182335.9,168154.47,169380.08,163196.58,172053.33,152216.6,164886.66,166005.79,165800.84,166741.65,176547.05,170459.66
261515,116354.64,110459.08,126877.96,124092.45,116261.8,112316.32,110593.79,116272.68,117741.05,115278.69,120510.3,118851.65,120245.37,116997.25,119438.24,105981.94,123145.14,112727.23,128172.53,115898.35,114885.53,117324.09,122774.97,122436.37
262614,132657.87,129712.29,124562.97,130119.3,111366.11,124943.0,127729.93,142485.0,130887.59,128337.67,139225.14,133032.1,135865.78,124999.79,141887.94,144892.89,126902.33,126623.31,131004.78,137705.51,132979.69,119947.64,133292.01,117681.42
263615,143335.83,133910.8,140719.45,141898.95,149530.86,144271.39,151650.08,138586.25,133952.31,145294.23,144907.97,139025.55,142026.47,143321.57,136898.81,154407.83,143034.38,134133.39,138945.58,141947.5,139584.2,135660.32,142016.8,154518.24
264616,90128.21,86089.13,86372.61,95434.42,91135.54,91853.08,92004.24,89702.84,89908.33,90988.62,86693.72,94891.86,91484.05,97900.21,100141.25,94293.81,92735.85,95332.84,93495.91,97460.97,85297.71,90836.61,95207.26,90371.65
265943,98551.84,108234.03,104208.85,103876.74,107762.69,109725.59,104925.38,104607.37,100047.41,114378.27,110223.95,102698.11,103295.95,109527.86,96657.24,98765.79,101859.71,101013.91,113685.95,99524.94,106219.62,103262.5,109935.98,104818.93
266945,132321.78,145507.28,147261.74,144783.0,150358.41,141647.9,140445.69,153715.11,143595.81,148905.67,135346.06,143004.39,146494.02,148641.14,153515.13,137228.71,150697.84,156777.96,143970.76,150619.59,133119.1,148428.34,144793.32,137577.29
267946,135201.02,125232.63,134865.6,143393.61,137322.22,126073.1,131441.99,134974.97,132796.6,127860.94,126207.31,137679.76,138329.69,124753.29,142203.32,142492.97,135401.24,122492.17,131070.91,129911.12,140957.77,131575.88,126813.83,137439.31
268948,144359.37,146506.9,136249.55,147679.33,150718.9,143446.92,145106.54,148204.49,144848.38,152208.46,141357.89,148951.34,137095.04,130049.18,144652.38,145918.15,133381.91,128036.2,147986.31,140047.42,149279.32,146531.57,135719.2,149861.11
269949,95990.27,88747.7,90650.94,95371.03,84959.98,87087.54,91265.49,89395.36,91027.71,80367.91,98883.63,94751.75,98013.63,98438.35,88843.58,90042.57,87584.12,86986.91,90122.86,94728.76,88335.32,92495.4,86821.1,84509.11
270951,135024.88,139974.81,140121.54,149603.85,142209.85,147235.09,142494.5,141100.5,153122.54,138379.02,149476.06,138427.1,144087.41,135230.85,148904.4,152744.4,148536.99,143125.73,155082.38,157725.92,155389.32,157016.43,145376.79,148059.75
271955,179496.02,186333.14,195502.61,179210.07,181657.79,175276.12,174701.47,188189.75,176960.34,190850.0,191549.05,178947.17,185739.54,179308.85,175554.08,182824.06,186715.67,194707.53,160974.74,185170.89,187872.67,172979.97,179329.88,181110.12
272956,167054.09,170189.12,174076.03,177967.81,175894.58,168538.54,163110.27,179699.98,180824.77,177051.28,179548.22,179378.55,181733.28,178745.71,165339.95,173579.92,175093.74,172016.33,178817.97,179103.76,187493.82,181546.72,184713.52,171701.05
273957,146632.05,155155.78,145492.97,163164.7,149862.15,170363.2,141319.04,152133.22,149602.48,154349.95,136068.01,166438.32,156735.15,160202.3,145265.77,146433.79,155373.29,155939.49,153847.41,145215.63,149573.94,144948.81,159806.54,153070.85
274958,266692.66,230632.78,243957.63,240193.14,247896.45,245860.95,248262.76,241746.66,241361.27,244857.24,247783.87,244841.77,247612.04,229082.74,253505.15,228558.51,238575.21,253226.26,250617.66,248740.27,226818.8,252877.66,237935.04,231570.83
275961,169922.41,162202.98,174116.82,157123.09,160888.19,173262.69,170423.13,185767.8,172910.26,179219.9,164921.32,162187.89,169762.82,155908.61,172016.2,168711.03,165205.96,169196.03,168011.12,149097.41,181269.2,165839.5,171969.81,160143.92
276962,147768.93,154847.91,155500.71,141735.03,134938.77,144215.55,147796.94,154792.75,146223.56,154299.38,133297.0,145273.25,152846.66,144042.85,160712.12,144854.24,158725.81,152612.73,152921.7,152133.91,157089.96,143417.83,148981.32,149544.04
278154,45861.48,43489.66,45600.04,42147.03,46840.09,47262.18,46720.57,44235.17,45523.95,45141.51,41755.55,45387.03,44800.52,45707.05,45753.45,45038.46,45576.17,42419.98,49961.98,46812.58,45075.75,44490.16,45402.29,49548.85
279604,257789.39,264490.58,258582.74,259480.27,255585.7,278519.09,258222.6,265115.35,254246.6,242684.94,266612.78,245977.92,258717.9,246827.2,240430.26,271974.9,260038.52,250829.73,255003.32,265706.57,274151.05,262699.25,259133.7,288033.92
280643,115154.0,107304.57,115843.76,108695.78,112898.35,103889.01,100963.67,104313.85,114795.74,108951.96,108365.23,106364.12,114901.4,107120.09,107276.27,111248.01,105284.29,111767.75,107147.07,107802.36,101855.96,109541.4,107670.65,103555.06
281655,126748.71,124142.61,130650.23,119338.9,122054.38,117035.45,125893.97,127893.77,128111.32,129683.42,128817.16,120954.19,118059.07,131606.83,129368.55,135128.88,119305.9,124477.73,118206.26,125416.9,137032.28,134193.38,118940.31,119154.46
282665,109979.43,106004.41,121819.9,120034.08,112278.16,116788.5,114157.11,121664.62,103558.1,115455.43,112981.51,114499.51,116950.17,112014.57,103472.62,116301.46,109776.34,116913.44,112712.41,111446.3,112795.28,119554.9,107973.07,105385.49
283674,182398.98,180026.02,169511.35,181960.92,190501.84,193189.55,176873.36,166569.84,169375.85,177756.42,178855.18,178507.06,189075.68,184397.01,170976.77,170259.48,184996.63,187545.7,179960.47,186506.73,168766.08,179726.85,172833.75,177013.49
284675,132793.91,130659.12,132711.51,129924.71,129750.38,128091.39,128218.54,129611.3,137705.48,128881.76,131113.16,129296.47,115863.98,132354.66,136916.69,137292.68,129503.13,136363.15,145200.11,138557.24,134601.05,134974.95,115034.43,126677.9
285676,158324.76,150488.89,153588.32,164120.2,149867.36,146452.1,165413.78,151972.04,156528.49,152605.86,154373.72,158807.76,146184.77,151011.5,165404.41,152233.37,148849.84,158256.49,156041.02,141990.18,160257.11,159843.19,161106.52,161419.78
286677,182705.1,191212.96,171219.81,198108.49,181192.14,181072.34,183498.98,187406.96,171767.85,167358.38,168766.9,189708.42,174125.3,182318.39,184927.9,178296.12,160900.51,180563.82,201800.65,175475.16,178163.77,164984.99,163784.83,166162.43
287685,166441.15,172453.32,166057.78,156162.54,159699.44,167770.28,165525.75,167375.07,167114.77,154123.45,154797.16,173195.89,160055.59,169467.28,177305.78,171327.77,168531.83,163123.79,179475.16,177395.13,175660.47,157973.97,156471.02,166151.27
288695,140209.57,122229.57,136153.81,116755.95,125988.34,131503.8,138746.47,138248.81,121486.1,123746.18,138345.1,130738.09,129704.02,130787.76,118364.41,130688.0,133849.71,130604.32,134505.1,131641.95,127256.83,143657.45,119010.55,140123.3
289696,119909.11,125432.81,123406.38,116324.98,131290.7,116804.14,120935.79,127461.56,114552.0,124705.91,133354.08,117947.32,124300.77,115825.88,114990.38,128669.57,130350.7,122480.59,126698.95,115124.84,128593.28,135493.48,121620.51,114587.07
290704,163389.07,154197.5,166870.83,149987.52,158274.37,150816.39,160347.37,149464.06,140710.52,146646.55,149446.51,158932.39,166591.14,163172.79,163553.88,151905.42,153081.32,160221.91,158910.23,142029.07,156884.68,158622.56,158117.5,158620.74
291705,109483.86,115279.12,114893.81,115337.65,109701.98,112561.86,119484.31,110479.47,109410.51,105173.54,126299.11,115071.32,104801.86,115443.43,111738.14,110318.47,105733.68,118649.3,112806.02,117157.24,116427.04,113110.34,106964.24,118389.98
292707,107715.75,118610.24,114504.44,111416.64,122427.19,119178.86,113123.37,108471.07,117541.65,108116.76,106680.75,116496.51,116329.45,117821.92,118321.5,114125.83,120031.56,115160.36,112978.09,118760.75,108538.51,124200.48,111610.87,110130.86
293714,125066.93,115212.52,118458.26,126023.25,125493.05,128137.57,121681.94,112831.19,120124.85,124759.45,123697.13,116627.79,128740.61,126957.89,114825.64,136053.17,117828.43,121113.82,121827.74,123733.3,124134.66,113191.7,121615.22,116611.27
294715,149590.52,152986.73,157373.36,155494.42,154439.81,162638.17,136578.22,163221.94,148930.39,167505.0,168119.94,146489.15,153118.43,138063.37,158443.74,155450.8,159730.27,149803.19,143735.98,168186.24,152066.65,145479.21,149927.63,155882.31
295716,121435.71,119736.3,124487.69,126613.41,135590.85,124517.09,129917.18,122553.8,115275.04,124002.48,120062.09,113460.73,132531.31,116718.15,113838.59,101637.19,120393.28,123456.07,116917.02,115151.9,114367.38,132394.09,119610.54,115659.42
296717,122075.87,120687.84,124225.18,129671.26,111796.88,115543.74,125087.11,121161.77,122270.53,114906.46,115585.14,105590.64,128212.98,119886.97,115652.98,122393.74,122185.89,115934.53,122503.45,114663.23,123935.09,112465.64,118788.34,119350.52
297725,181468.14,184848.55,187714.12,179116.32,180991.72,181580.16,177026.13,188350.5,179523.38,193703.77,182191.65,187180.34,196839.86,200134.43,189597.3,178049.34,177076.55,177767.18,171625.19,191694.17,189920.84,185366.81,181817.9,168494.09
298744,154518.9,151186.69,151483.24,166657.63,147527.96,155631.48,142919.02,135542.83,146057.73,142937.27,140030.29,153980.8,143459.59,161355.86,157357.7,144903.89,136748.3,152949.4,135242.61,166758.83,138156.07,162819.52,146932.99,154312.09
299745,19788.91,20200.79,20896.58,20138.44,20326.56,18158.0,20725.56,19013.69,21490.17,21622.39,18490.49,21109.11,20262.37,21718.09,19322.55,19961.41,18324.8,20031.8,18028.02,19371.49,20834.68,17753.35,20092.65,21181.21
300925,310806.55,321491.23,312785.79,283102.37,289266.39,315234.53,288392.29,291933.55,309404.91,292365.49,312876.78,288629.57,280922.05,307908.22,295271.62,305033.03,289844.86,295238.43,277718.09,294141.26,313611.34,277401.35,265437.2,300147.89
301936,113786.69,123442.97,126850.69,123156.58,118182.1,124356.39,120137.28,121775.38,128841.34,120548.77,121774.59,123196.16,121428.95,120056.03,133121.46,119428.72,122978.87,122935.09,124997.83,109373.57,124445.13,127421.56,117739.68,118179.9
302937,168118.98,171078.03,183848.56,174737.83,169908.88,189184.78,174489.41,164571.0,175844.13,176165.58,174222.95,191438.05,183509.68,172257.87,173517.26,182236.15,188617.3,174026.32,170584.8,168373.09,180459.49,188943.68,177308.75,176534.29
303944,149229.13,154107.17,155473.82,145640.4,142124.15,149881.49,146498.03,144887.93,144971.99,145471.48,147833.81,138172.02,144849.02,137874.45,135013.94,150078.63,133986.59,151356.42,145193.05,159358.77,160026.8,147258.38,153775.9,140635.78
304955,118043.58,116141.73,103812.93,106988.71,104728.6,104360.61,110154.8,113802.05,106447.13,106907.21,104298.05,108664.12,107948.82,111550.32,126966.21,106438.11,111136.11,113574.0,99376.87,109703.81,110790.38,105471.41,109540.82,108119.81
305965,122016.34,110007.46,106259.99,118499.29,115073.56,110166.79,112009.66,116857.36,113723.95,113130.93,106411.87,115411.54,107798.86,109380.32,105996.56,107318.09,111214.37,116975.21,108621.85,115353.68,102631.68,114208.15,123770.51,101457.99
306974,78581.89,80862.29,81958.0,87727.53,94201.56,84166.43,87543.9,79962.61,78167.51,72620.39,88011.05,82383.62,92744.57,87201.81,81390.94,90868.27,82723.28,87218.5,84046.24,90118.96,78952.03,87680.21,83949.27,91944.3
307984,99162.83,97336.4,95492.25,96952.64,94656.71,102730.0,101338.91,104677.91,91072.96,93520.99,102936.61,99385.24,101574.03,99676.21,103939.85,100705.68,103541.15,101154.79,99156.47,100419.71,106088.96,101473.03,91686.35,89284.31
308985,80548.56,86948.83,92171.07,77928.88,92760.33,91193.84,88192.86,93394.76,89167.13,85724.52,95631.63,90036.07,85605.28,84527.8,90553.46,94040.45,88472.54,92282.99,87118.23,83447.88,81982.42,91598.56,84734.48,91567.4
309986,86688.31,79183.42,80502.6,78566.13,84940.67,74720.52,75458.53,76414.46,82316.17,82645.01,80039.39,72696.64,82759.44,78598.52,74718.34,77267.23,83681.75,73785.15,79642.26,79850.93,84221.5,80886.57,82044.0,72968.27
310996,40376.14,37037.36,40157.41,40270.94,38349.96,41626.65,39666.98,39320.07,38705.88,38440.18,41068.85,35904.62,43765.95,40165.91,36870.09,41198.43,41915.89,38532.34,36530.67,40124.32,42224.99,39749.13,40182.6,41132.42
312004,49056.94,46794.68,49304.5,46954.55,49162.62,47298.55,45926.95,42899.68,48168.55,44416.07,41096.07,48009.6,48685.21,48591.74,45176.81,42663.09,45040.96,43401.18,44545.21,45470.65,43330.37,46491.59,49721.89,45680.61
313006,47252.22,49087.93,53470.51,48238.92,48646.81,45891.04,47637.55,49464.74,48545.02,50791.92,47403.69,47532.3,47822.63,50184.77,48959.93,49742.32,49161.25,45943.64,49555.55,50033.9,49122.62,50886.46,52317.41,45524.48
314024,18001.37,19720.91,17679.85,17269.67,18536.58,18769.09,18615.3,18291.3,19027.84,18220.96,17780.72,18144.77,19603.43,19140.09,19716.01,18698.95,19094.36,17760.56,18061.23,18355.83,19930.41,17855.88,19232.74,20402.63
315236,23564.02,22512.11,22995.69,26717.79,24957.64,25889.87,25080.8,29439.52,22929.46,24756.69,25214.31,25124.71,24875.52,23892.79,26742.64,23108.81,25445.03,23824.18,26513.56,23801.54,24597.26,24776.0,25509.79,25685.13
316294,9649.23,10132.31,10233.73,10392.99,8769.47,10277.69,9489.64,9370.66,9473.1,9764.48,9827.62,9364.54,9248.99,9802.07,9801.89,10185.47,9621.44,9555.55,10186.97,9828.81,10044.75,9595.97,9623.37,9660.86
317304,33687.39,36588.4,38016.8,36782.42,35589.23,31318.9,32037.96,36363.95,35261.75,34042.16,35516.54,33035.65,38693.04,38824.18,35486.11,36019.69,36619.66,34972.06,33367.85,34331.21,34455.38,32745.15,36005.59,34114.44
318324,73380.85,71270.03,75002.89,77324.54,72668.29,79207.6,75910.73,74399.58,77679.35,74619.48,67154.7,69589.83,77404.4,74932.91,80741.66,75811.76,79665.54,74821.95,73093.18,73854.9,74847.46,73362.82,77612.66,73728.12
319325,35295.51,37447.64,35781.64,37725.94,37174.43,33131.32,34674.27,36424.56,36122.77,34146.45,36915.03,33925.71,31026.29,35589.47,34475.25,35411.72,36218.17,32653.99,34455.91,39034.87,32634.45,36888.33,32196.78,38344.72
320375,82651.89,89453.76,82137.63,90888.0,87520.32,80498.39,90598.18,92269.63,84609.68,86528.88,78813.43,85464.38,95170.28,87997.0,83301.85,91894.33,85462.49,83160.97,89959.58,91153.17,85021.16,86725.12,86888.13,89993.88
321378,81726.06,68095.65,73952.04,72132.24,70650.01,71619.82,75434.74,77376.56,75353.33,67808.64,76946.32,73280.53,72376.49,75109.64,69453.74,75251.57,72773.6,70472.3,63983.47,72722.67,78640.22,72752.43,70626.47,73003.76
322514,86993.0,88759.13,84622.21,84366.69,88110.25,85400.72,80834.21,83807.46,93481.25,87440.26,74491.3,81042.6,84639.24,88102.37,81879.07,91795.06,82548.64,81556.23,90501.65,76843.29,87359.06,90332.98,92313.22,87705.93
323515,71866.3,65347.45,64733.69,69697.52,66956.63,66062.2,65793.37,65592.74,68319.08,70418.92,64847.07,66890.55,64081.15,67208.91,65469.07,64282.48,66695.02,66091.7,61924.81,62299.74,72041.14,67529.71,65956.66,72670.05
324525,101682.94,91717.95,98520.13,95292.74,101789.84,104838.83,101650.19,102640.54,100531.49,104009.87,95349.57,90993.94,100197.52,93336.51,103531.21,93391.73,97687.63,97961.77,99764.08,100886.12,98920.95,96391.89,98140.93,91155.42
325536,86191.71,72599.06,86540.56,85655.58,86293.7,76654.16,86874.88,83803.31,80048.19,72075.88,83423.16,84958.4,88380.69,81003.56,86874.15,86592.73,89288.75,86626.57,87249.54,76532.3,84903.96,80368.66,83193.14,84911.84
326545,95369.31,115028.78,115610.43,116995.22,99949.42,105695.26,113918.73,108494.08,110747.42,111691.85,100970.88,113703.95,107909.75,111221.25,102804.38,117161.5,106653.0,104421.6,108005.04,117079.67,111031.15,113285.33,112652.23,109742.51
327546,87282.57,87152.76,90501.6,84673.09,88097.7,86132.25,87999.34,83473.29,81368.44,84291.91,91849.58,87497.74,95453.52,84023.96,86383.84,79529.59,85479.94,81466.49,83822.14,86820.79,85022.38,84670.54,82121.75,88110.21
328555,87667.41,87622.95,100641.25,87040.0,91081.15,88301.83,78108.63,80776.02,87710.79,92710.62,89020.4,95915.87,95071.86,85393.69,93920.95,85843.27,82557.93,91221.59,86696.37,76374.25,88172.76,89894.15,91070.37,85366.78
329556,94150.1,101962.86,100488.61,105084.22,95994.56,105535.74,93892.66,101324.17,95897.48,102153.63,106345.84,97466.82,90737.41,96177.23,86524.32,99122.7,92097.72,101620.06,96635.82,91913.49,90794.53,100003.42,89139.29,85534.27
330565,71065.7,80589.41,74389.31,78782.44,73979.82,74591.97,79351.47,76069.05,76136.68,72849.15,74110.24,74934.77,78427.97,83771.36,82832.65,82397.83,74567.85,75306.69,75126.59,78975.27,74026.63,75127.33,73176.95,77390.1
331566,87598.34,92818.19,92534.51,87190.32,91953.2,86568.0,94633.19,92355.3,81286.74,95038.31,88626.23,94023.78,97655.47,86009.19,83611.31,97001.65,92768.08,88577.03,100258.6,91575.14,89190.85,86588.51,100362.28,92478.84
332575,55744.74,57800.44,55767.05,57750.15,60879.84,55036.23,63764.35,62519.55,53603.52,62456.16,54584.31,55488.62,55792.3,55056.16,63993.89,59769.47,53049.3,55860.21,58127.91,55561.18,58804.16,62109.34,56381.84,62752.18
333585,76909.8,75704.21,74337.67,73732.74,67927.27,74958.96,69911.6,70616.84,74133.84,72978.02,78780.46,72097.58,77534.7,70628.3,73622.58,76971.59,64933.4,69544.23,70055.51,74527.8,70800.36,75897.87,73323.45,75182.64
334590,62703.11,58524.67,65554.73,62801.25,63513.29,58351.59,65203.54,68405.11,59176.72,64254.41,62218.06,63370.64,62770.04,66956.94,68207.23,64047.33,59876.35,56233.34,64487.76,63056.96,61715.09,68504.95,60593.03,60076.03
335595,77206.15,74919.13,73250.96,74128.4,74884.92,77625.4,71752.97,71828.15,74740.58,77020.92,72174.56,75412.16,70911.94,74159.84,70194.71,75508.56,73612.94,69279.01,70030.89,69436.46,81516.56,76214.48,72825.62,78127.34
336605,76168.42,80710.77,80680.29,78711.61,78576.83,80647.23,77881.35,78041.64,72362.18,82728.24,84111.25,79889.78,80039.04,72936.05,72295.43,75407.7,82978.54,77027.81,78074.52,83999.03,77470.29,72253.74,73264.9,82506.72
337615,84076.85,94505.01,88731.17,89440.78,91559.75,87762.53,87776.46,95985.81,84042.38,90024.28,87036.75,96304.76,87698.81,83568.36,84332.07,92482.7,86501.48,89207.68,84524.65,93325.97,88925.55,87933.91,91437.23,88155.49
338625,90855.87,99431.66,88503.56,83442.29,88526.55,89223.56,92398.87,96498.97,89670.02,85931.06,86828.12,87840.64,85674.42,87056.79,87408.13,89965.98,80043.24,85708.81,90056.44,87557.22,87034.17,92190.68,83593.27,95439.3
339677,104200.57,94887.11,91008.03,94605.33,89923.75,95866.23,93807.72,98191.09,97891.12,92809.4,104552.16,91289.5,91652.09,94556.4,96217.35,83555.11,94804.23,104920.0,89861.7,98600.04,95352.46,100998.29,98652.96,90289.47
340865,87618.44,91366.18,89051.93,95216.33,95744.67,95055.86,92954.11,88388.17,88513.3,91431.56,95586.51,86629.37,84418.76,89642.19,94217.51,93900.86,91529.08,92159.73,102540.57,88482.36,92006.76,87524.11,89291.76,84716.42
341935,69983.08,82224.56,77627.89,79317.15,75256.77,74406.86,83030.58,77784.52,81148.27,82001.65,83720.77,81253.98,79673.19,91003.64,76025.59,75264.3,76029.4,77174.65,80680.72,83190.23,82748.36,81055.83,76861.14,75700.18
343146,86161.02,80972.31,95005.29,97980.46,93688.18,90156.6,85375.2,86319.54,85213.85,94762.16,89083.16,88523.84,86663.49,90856.31,84559.34,93153.19,94170.98,93452.43,87643.28,90078.65,88485.46,89925.0,82685.54,93244.85
344155,56532.31,61692.04,63364.08,61306.49,59202.07,61549.21,60046.91,63436.98,56342.66,57839.07,63395.2,56972.43,61808.18,62553.23,64322.88,65984.2,67171.28,57746.24,63352.17,58059.97,63193.55,55828.77,59958.8,59208.26
345165,43868.38,44641.0,45669.36,48527.84,46281.3,45750.2,48876.11,46050.0,46034.37,45580.48,49300.14,47940.7,47937.81,48672.72,43489.64,45616.94,45175.6,46339.79,51327.88,48195.29,47233.02,47249.32,45493.35,47674.77
346255,60353.22,66585.57,70287.01,72033.75,69392.26,70369.71,66241.95,62870.48,72640.04,67093.05,72646.15,61697.46,66392.03,72883.04,69385.13,70665.95,67809.6,70967.53,68968.3,65116.21,64945.62,68578.58,67038.86,75075.65
347256,46965.75,49305.67,47743.35,49234.11,44055.65,44419.81,45061.99,47503.69,43196.81,46969.47,51435.74,50028.76,48354.55,45585.65,46556.99,48316.32,45500.32,47189.52,44647.08,44481.16,45447.92,47923.73,48847.07,46206.15
348265,42647.82,44565.14,47022.83,44843.38,39935.6,41797.74,43404.37,40759.63,38724.07,44097.88,45104.64,40353.2,45804.13,43453.64,42231.74,41565.68,43069.59,40660.34,43023.67,41173.31,43122.62,42290.79,38676.98,38844.91
349276,43546.21,41031.61,43295.46,45696.78,46263.43,46764.73,47119.77,41950.13,46996.16,45227.13,44810.08,42031.04,45376.6,46956.45,42282.86,45560.77,44240.2,47074.51,43322.84,42539.51,46452.11,46780.72,41873.05,44029.18
350284,35329.57,32447.5,34667.65,31913.59,32717.84,33239.27,36628.64,30733.83,33880.3,31266.12,32128.17,31194.55,32012.7,33350.7,29308.61,33657.05,32429.84,33384.61,34243.83,33763.87,31788.58,32203.45,36174.25,36652.49
351295,33788.44,30651.93,33194.44,34131.61,35816.34,33592.47,31706.15,35631.19,32503.41,35485.97,36452.21,32829.79,33866.74,30947.39,32182.8,30398.77,30999.04,33549.74,30585.34,32634.08,34631.98,30602.97,32274.39,31672.18
352296,61300.96,61250.83,63439.5,58942.07,68070.17,65514.66,63285.09,60003.63,61733.45,61859.66,63616.36,61817.6,66985.2,61238.63,54899.59,61572.8,63402.85,54947.63,58365.51,64191.91,63712.16,67395.47,62617.39,67040.21
353305,40560.78,38899.13,42242.26,43150.44,39268.74,40152.62,39506.57,38676.82,39849.94,39815.44,40584.48,39982.2,40717.26,41906.07,38764.83,41419.77,39112.78,38242.9,41965.55,43524.62,40264.34,44569.23,41257.52,40523.77
354306,51925.28,49313.46,49135.51,51901.47,47602.56,51060.64,48976.32,48280.13,45997.12,45795.73,49268.0,48578.0,48521.89,51036.49,53249.53,43572.26,47992.67,50686.31,45505.83,45692.78,52663.26,47772.5,49789.69,49867.92
355316,34673.02,35181.51,39997.61,33568.19,34924.28,35023.96,36455.2,34217.71,37520.21,36540.19,31611.76,34048.61,33545.38,34138.3,37716.87,35246.86,36927.69,35250.63,34142.45,38476.22,36207.39,38555.43,35495.47,33778.84
356325,38810.27,40454.96,39436.07,40199.55,38974.77,40633.52,34357.49,38443.69,39068.25,44050.17,44186.07,37039.72,37817.19,40085.02,44148.52,38745.9,42864.89,42389.43,40156.36,37389.07,35875.44,38903.28,41912.27,42866.54
357345,11046.56,10616.01,11217.6,12235.0,10483.02,11111.26,10381.85,11057.17,11549.65,10574.49,10887.97,12048.44,11298.62,11514.58,11885.49,10491.45,12254.55,12378.89,11792.24,11256.29,11024.11,11331.58,11527.73,11510.86
358375,3118.29,2947.87,3202.19,3190.67,3061.18,2975.98,3260.07,3102.29,3141.79,3226.51,3303.42,3371.66,3549.08,3030.53,3522.57,3289.96,3665.61,3309.92,3305.13,3115.19,3127.59,3463.88,3236.76,3212.34
359455,11261.63,10015.0,10563.27,10058.31,9684.11,10234.92,10264.86,11522.64,10671.66,11494.42,11045.37,9613.19,9990.32,10987.74,11495.14,10636.43,10281.05,10774.86,11403.95,10286.81,10790.82,10459.09,9605.64,11774.98
360645,18840.91,19377.44,20357.18,18711.72,19462.7,19700.98,18196.32,16865.82,18493.18,17068.14,17881.36,17653.74,17446.29,18164.29,18493.49,18507.43,18332.54,19496.31,19415.23,20372.09,17999.47,20569.42,20856.81,18045.61
361665,18202.74,17519.55,18317.78,20013.06,17071.57,18838.1,19333.05,19328.47,20400.95,18798.78,18113.18,19565.78,18263.25,18017.72,18159.5,18362.14,18521.52,17740.8,18503.48,17940.88,20578.0,18891.84,19155.05,20042.77
362676,20538.83,20891.56,21267.23,19706.74,20330.57,20451.43,19117.2,18745.93,20186.9,20570.45,22729.88,22900.28,19474.76,20890.35,19895.78,20486.67,20313.95,21026.65,20617.26,19293.73,21545.17,18793.18,21715.78,20909.41
363685,17435.59,15628.98,17439.86,16590.62,16362.65,18394.84,15353.03,15351.79,16743.41,16359.6,17605.38,16271.88,16811.8,17379.78,17315.56,16271.81,16984.5,17607.06,17691.09,16625.64,18136.67,17909.29,17546.7,15959.96
364705,15412.3,15921.31,16611.32,17524.04,16491.12,14875.17,15228.44,16584.88,16359.78,17811.34,17079.09,16871.26,17088.08,15578.38,16062.06,14708.47,15716.34,15983.09,16641.63,16729.23,17208.91,15123.7,14861.07,16393.35
365715,18032.39,19459.4,19546.01,18400.57,17807.87,19418.98,17583.35,19213.1,17641.4,18424.97,17862.26,20902.48,16744.19,18847.47,18859.05,17998.19,18733.52,17973.62,17993.86,18097.13,17697.99,17557.83,17569.39,19199.97
366725,15848.33,15513.29,15273.33,16496.54,15190.86,16902.54,16042.32,15186.16,16632.64,15083.93,15531.99,16109.02,15178.19,14300.44,14416.64,16706.95,15253.98,14366.49,16422.79,15426.61,15115.01,14018.07,17458.72,15449.44
367765,22239.11,21267.26,22171.94,20812.99,23022.22,22343.46,23834.9,21023.03,23114.77,24221.27,23823.76,21809.51,20936.12,21894.5,22549.59,21791.73,22206.61,24282.89,19427.22,21960.38,21679.51,21113.68,24059.59,22835.36
368775,19739.24,20804.39,18924.39,20176.66,21772.08,20992.94,20555.45,21107.64,21407.49,20313.84,20746.1,19037.17,21273.04,21341.41,19008.93,19632.29,22542.19,18877.67,20278.33,20740.48,22495.87,21608.1,20058.94,20515.91
369795,32915.85,34561.51,31465.75,35329.78,32267.87,31682.31,32948.38,32512.95,31305.38,36063.97,34161.54,34969.76,35187.16,36520.12,36515.29,33708.29,33402.21,29983.76,34575.47,34994.09,31976.82,32663.17,30506.08,35492.97
370796,28431.83,31181.95,32051.1,29281.89,30978.87,31410.16,32176.44,33433.4,35397.14,29101.1,29638.16,32606.73,33279.05,32224.97,34039.45,31056.46,29309.85,30633.85,30766.11,29643.77,29402.35,32426.24,28284.25,30541.43
371805,40433.94,39688.28,34445.02,39578.73,38332.94,39622.34,39080.28,38152.44,40683.35,37587.22,36274.64,38345.13,40857.17,37697.07,37037.89,42838.09,39134.66,39182.65,39906.29,36438.32,37267.69,38202.68,36511.13,35289.75
372806,48967.22,47865.79,47252.82,49028.6,46543.61,45795.42,47479.15,46993.86,43998.36,51065.8,48765.33,46262.38,48033.44,41547.12,49993.47,43645.18,47078.95,43881.41,43995.35,49013.57,50041.87,45114.59,47049.73,48666.12
373815,47875.35,44385.93,44942.16,47938.38,43084.16,45672.55,43387.25,49411.09,45483.14,42977.2,43915.06,46600.92,40762.87,45128.31,45818.21,47020.04,44980.81,42780.98,43471.34,48709.32,47038.56,45938.16,44044.94,41200.51
374816,52401.26,54997.92,63257.9,57459.09,49043.72,52556.4,50350.39,53913.85,54294.56,51245.53,50404.8,48404.94,53055.02,57981.23,50595.44,50496.4,51466.29,52340.28,45741.07,52018.81,59405.41,56803.8,54674.25,57596.77
375825,46349.62,49830.04,44749.54,50792.38,48669.58,52885.63,51611.49,45737.99,50701.61,52419.75,50765.96,43259.88,52240.44,48029.93,50622.0,53159.41,47768.95,47191.48,51954.77,52428.9,52719.43,48558.09,50752.46,42248.45
376835,43751.62,42894.05,46944.33,45056.93,44010.73,46255.63,46832.36,42434.13,46511.05,44216.78,41811.32,40725.06,46463.76,49011.73,41767.78,43563.96,45903.62,44018.85,46210.14,43830.15,45582.4,45222.28,46925.22,46494.75
377846,42421.31,43697.52,43675.7,40485.9,43524.07,44255.64,42818.62,40885.76,38341.33,41557.35,40451.02,43751.69,43926.88,45927.29,39504.16,40319.84,38824.46,45190.62,42452.58,44417.23,40606.9,44321.38,41565.38,43381.91
378855,41916.82,42897.37,39846.53,38538.3,40210.95,37015.07,41316.82,42565.42,40830.08,40751.55,40652.76,43627.01,40200.48,39892.16,40229.04,40498.09,43575.19,39707.42,39103.65,38765.89,44286.31,40922.69,40884.12,44404.62
379856,32640.6,32126.74,33361.11,31462.71,29178.15,33231.0,32093.86,31581.54,31721.2,30670.01,34758.17,30160.33,32715.64,33482.56,31918.25,29863.87,30370.06,31195.54,30359.82,33402.66,30218.29,32629.87,30344.17,30344.98
380885,34878.17,29152.49,27508.01,31685.29,34304.89,35710.45,32178.03,33293.76,30906.3,35405.73,32293.75,30522.48,32912.78,32552.73,32455.15,32754.63,32511.69,32594.42,30536.34,31192.38,31911.74,31795.92,32064.66,34511.73
381886,31892.18,30543.74,30216.0,29501.59,31844.53,29128.34,30066.59,29279.63,30622.45,32782.09,30673.67,30230.06,31028.56,32014.26,30995.28,29645.8,29022.03,32403.84,31883.51,30756.09,31878.61,30333.88,28805.59,30927.22
382905,32453.47,29898.64,31721.27,31477.65,29079.9,30689.67,32555.6,28859.67,31789.85,31726.07,30479.4,32455.08,27521.98,30637.34,27905.2,31001.24,27603.01,30027.17,28386.81,27718.17,29394.91,29443.74,32089.97,30696.91
383926,28174.14,26976.8,28020.03,28898.15,24362.35,27844.71,26382.97,27905.32,28379.05,27416.31,27806.02,27787.74,29860.54,28675.67,31395.93,26976.23,28055.38,27470.47,26287.49,24811.48,25700.25,28155.76,26888.63,26511.66
384927,23636.38,26081.02,26837.42,26609.85,25050.94,25623.43,25808.75,25032.93,25119.13,23833.21,23080.9,26018.52,25547.42,25941.65,26593.04,27411.08,24261.8,27376.52,26724.37,27278.79,26037.29,26512.71,24367.84,26316.5
385936,36014.24,32122.75,37667.26,34090.72,34394.19,32786.68,34765.11,33934.05,38483.57,34103.3,35313.38,34281.3,34486.67,33315.76,31693.93,34216.33,31494.04,34856.86,31611.08,34259.94,33525.47,36820.83,31639.41,30306.68
386966,31953.92,29043.03,27985.14,28509.55,27299.11,24400.39,29069.31,30028.91,30584.14,27490.16,28468.93,29504.94,27416.03,24406.85,30333.26,26856.38,29174.24,28577.28,29505.5,28447.07,31102.07,29654.68,31844.98,28759.23
387975,31749.57,31725.78,34793.82,34932.02,33257.47,35313.11,34246.8,37273.02,36548.65,35921.64,36809.07,37363.4,36618.16,32225.14,35921.56,34961.81,34721.27,32540.84,36401.09,33019.59,38469.69,37457.23,40578.97,36309.6
388976,23716.47,21998.95,22356.73,22094.03,24465.44,22149.44,23902.89,22546.31,23683.09,24253.63,23945.03,23250.88,23230.92,23385.14,24175.76,24530.07,24700.9,24719.58,22204.55,22372.42,24421.05,25531.7,24129.5,22530.35
390165,16708.3,16140.08,16140.77,14758.0,17576.44,15159.72,17492.7,17062.55,15034.76,16431.69,15630.36,16672.7,16395.45,16197.07,16694.91,16993.87,16749.49,16224.64,14751.99,16074.14,15437.99,15685.7,15195.26,15403.5
391656,17680.82,19165.51,17597.98,15413.69,19730.99,16827.23,18089.24,16275.03,17549.08,18095.1,17859.68,16340.98,16701.33,17393.01,16803.87,17034.91,16615.72,18019.41,16709.32,15568.08,17328.88,18095.84,16663.45,17655.42
392676,5477.77,5510.76,5537.46,5380.61,5314.83,5464.87,5350.51,5786.68,5552.87,5395.48,4899.73,5524.12,5742.82,5665.29,5547.5,5936.76,5526.3,5582.94,5406.54,5632.95,5385.16,5742.38,5646.71,5309.87
393686,852.95,838.21,773.93,823.52,842.86,785.23,773.65,829.1,781.46,843.92,830.83,830.39,881.96,848.14,770.89,884.54,819.83,787.29,769.0,838.49,796.17,782.07,862.99,815.57
394806,171.72,165.41,186.46,166.0,169.78,163.3,174.5,157.51,176.86,163.01,170.26,193.28,166.45,169.43,168.36,182.63,166.67,177.1,175.23,165.33,166.59,161.26,157.96,181.68
411292,19974.52,20614.99,18324.19,19732.33,19955.75,19445.03,22136.31,20606.88,19614.84,22574.59,19261.5,21149.82,20254.81,20908.5,22688.17,21429.2,20501.06,21731.84,21494.96,21431.63,17960.74,20479.89,21581.84,20797.11
412462,165.78,167.46,176.48,163.79,168.56,181.43,164.97,156.32,168.81,174.15,187.12,174.13,170.87,177.87,161.75,168.66,180.35,181.61,165.28,183.01,170.07,169.84,167.72,182.05
415102,8003.39,8536.8,8355.82,7605.74,7840.25,7178.65,7627.46,7755.78,7843.98,7525.71,7162.14,8115.67,7509.13,7253.37,7879.95,7794.4,8332.74,8202.96,7316.62,7991.8,7747.76,7502.81,7624.04,8309.22
416132,24227.26,25586.25,26087.11,28240.65,26007.64,26350.52,23315.78,24481.22,25724.67,24651.54,25090.25,25974.1,26722.35,25994.86,24330.35,24093.39,25700.94,27745.22,25972.65,24186.71,26312.09,25082.52,25695.21,27665.34
