0,51482.6,53972.53,57396.61,52562.78,58529.37,53238.38,51074.38,53345.71,57826.68,52005.27,47403.78,62569.9,56243.08,52985.51,60437.26,53628.91,51504.2,56885.77,50338.96,52665.23,54492.4,53236.32,53148.48,58687.08
1013,77079.3,72398.25,68380.68,77657.07,70380.3,71305.15,75118.92,72129.35,72718.81,71931.44,69288.29,77688.12,68960.52,75703.81,71400.59,65628.21,71658.46,76138.56,72628.9,68914.66,79134.6,71662.42,80877.28,71347.29
2021,76035.32,74772.16,66430.86,79132.17,74175.4,76111.86,73643.39,78331.67,82983.2,85711.63,77373.67,78417.1,74815.93,75633.51,81059.96,76109.09,80053.53,73139.69,71783.37,80165.02,74891.02,77765.09,73833.97,72390.26
3032,80423.12,72657.87,79306.69,76615.94,78689.18,78949.87,81071.13,74054.33,79253.49,77219.27,79188.46,83656.07,72652.28,76822.78,82817.09,77364.57,79098.92,86311.35,78376.93,78269.78,77830.78,81599.8,75548.98,78245.74
4040,94310.51,94393.74,91119.72,94424.7,85493.32,97272.58,88139.17,92494.93,85497.21,88119.62,93157.35,82428.14,98467.23,92522.46,88483.05,86967.87,90651.23,95080.64,102051.46,93878.14,95388.26,86973.68,85800.28,94149.67
5053,86204.62,77566.2,81365.66,75750.41,71912.1,80761.74,81483.03,69424.98,73748.0,85105.75,74814.38,78035.99,84256.43,78465.5,72174.21,80753.0,75764.95,85217.84,76844.46,83335.94,79661.25,82264.61,85243.02,76711.76
6060,98984.55,97863.26,89080.37,99569.28,95616.3,93086.85,98609.34,101679.51,98834.27,85424.5,102630.58,101947.37,92968.81,81688.5,100124.16,93138.52,101671.42,80627.21,90623.92,89413.94,99287.63,97433.11,95991.09,90875.94
7072,74698.77,79354.28,80032.18,68515.5,64871.22,71815.08,73934.6,77521.53,72240.49,75113.48,72780.86,77354.89,73316.69,76196.52,71723.04,74828.66,72418.53,72501.87,79646.26,76364.2,73584.35,81753.79,83088.42,72069.12
8073,70730.07,74427.92,69241.79,74858.78,73470.47,70229.74,70958.24,70877.47,71558.26,68675.23,68255.67,63250.93,73141.52,68803.86,69715.75,72413.57,73802.18,69888.26,70619.42,73531.17,70907.65,70406.79,66162.75,70301.22
9093,97795.66,91151.67,91310.42,95516.18,93504.69,92080.98,88969.78,90224.5,84979.14,87934.63,88346.86,95729.13,88013.08,86823.8,89713.18,89517.97,88992.46,86529.62,89545.75,72170.99,87746.29,89443.0,87172.99,89701.92
10101,86441.29,85575.41,94824.39,83472.97,89383.76,89356.41,99979.49,88786.94,87533.07,82375.33,95452.85,94340.37,84261.5,87805.22,94998.99,97917.97,89825.97,86399.23,89690.03,93818.13,91210.12,79963.71,88174.71,84645.0
11121,83741.86,86334.22,88178.24,85924.98,81980.44,86166.05,89299.79,89666.78,81355.4,79448.77,81548.65,81988.31,87943.06,89282.23,96203.16,85792.7,91165.12,91545.58,77313.6,94103.63,87097.68,92520.97,86455.93,78880.43
12133,74578.53,69031.8,80182.13,72271.66,70536.72,75302.27,76212.88,72352.66,77533.75,69473.97,77136.21,80699.56,72247.03,75127.45,79655.67,70167.65,70838.74,69995.46,75526.59,74960.05,76906.82,75289.17,79420.95,77971.28
13140,79689.28,82374.37,77877.81,75810.36,81381.67,74600.19,77589.93,73505.83,74135.09,78237.55,85797.43,78086.42,76774.27,79141.57,83915.63,83780.94,74343.65,85698.3,82332.63,78791.35,83600.89,85062.93,70653.69,81580.43
14164,88974.81,100724.24,88071.62,92057.14,98100.28,93910.84,97384.81,98334.93,94764.59,99221.37,85412.3,92615.08,91895.57,89536.4,96488.06,91583.71,102268.67,93387.17,101687.46,90708.2,97117.11,88216.72,96884.97,92482.47
15171,76084.47,79212.47,75137.02,76619.98,72392.94,75350.7,75359.84,74214.04,71618.96,71381.41,73445.26,64792.56,78676.6,75585.64,67400.65,76183.27,71126.8,67752.51,69563.66,73284.11,76371.71,71261.63,75810.42,73908.81
16172,102337.0,106031.72,91757.05,92150.15,94559.49,102446.11,93049.18,94113.79,93227.82,95851.95,97767.47,109028.8,93868.28,103432.89,98955.21,95930.99,101544.49,94712.51,103218.51,109135.46,100701.83,101150.74,98766.02,94120.11
17180,78175.57,72514.85,70148.54,73004.83,76589.54,76514.89,77721.03,75773.12,70794.32,72779.48,73340.97,72850.57,73531.42,78573.26,74230.92,76547.96,70211.79,71970.8,76079.4,72244.83,68967.03,71509.59,76327.77,77988.53
18200,70675.21,74671.06,69947.49,64568.07,71218.19,72783.16,70613.94,70772.25,59653.64,65758.44,67173.75,75094.13,71410.21,73280.11,68320.11,62792.2,69156.71,71280.34,75747.03,67737.61,68636.68,71033.92,71709.76,71451.17
19204,106104.03,103796.02,101270.99,98976.7,106522.76,101179.94,101583.07,105259.68,101127.37,101154.46,103759.6,91290.81,88880.08,103193.15,96443.38,107988.09,100704.0,99921.42,95544.0,97750.24,100170.18,103145.4,99803.78,106195.36
20212,71370.41,67786.66,63923.54,63899.98,65316.62,60861.92,65851.54,68624.66,65035.94,65346.13,57498.6,66205.72,66873.13,65654.46,66691.05,68790.48,72476.91,68028.26,65225.77,72697.62,61670.82,65435.05,68299.51,65549.17
21219,87076.72,83930.87,76162.79,78074.19,87053.3,80465.38,75997.14,80899.71,78086.61,78522.52,70650.69,69803.39,77617.91,80760.93,76622.78,74926.08,84005.29,78155.52,72047.78,82882.13,75646.37,79080.85,79963.81,78401.69
22220,69641.62,73496.49,66965.8,70966.47,77615.63,73740.63,72041.92,73528.44,72361.14,64892.09,72003.56,75813.39,72135.73,68420.09,70017.34,67725.97,74751.29,68891.06,75629.48,71107.27,74451.03,66122.64,72579.75,70815.09
23239,87449.92,100089.14,84796.19,88731.33,85987.28,92714.81,92494.14,85636.27,87851.54,92063.83,86112.09,96693.44,93763.37,92267.69,92646.96,82812.13,90451.87,92991.11,90476.87,84682.9,89931.67,81916.7,91417.25,81618.37
24243,77824.39,83314.01,78028.05,80355.41,80778.16,78874.25,70357.26,81270.07,77717.7,81793.9,76633.9,79160.42,77308.28,79054.78,77401.95,81374.1,79335.22,75299.96,77229.18,83005.7,76731.48,83572.04,77617.07,72735.06
25252,78380.5,71051.29,73374.62,76277.71,78006.38,76003.89,77578.11,76521.31,80410.84,74448.91,73510.89,78218.5,77829.83,73246.33,73098.62,73289.81,74948.06,73045.46,78397.83,73726.69,67578.28,78687.37,71713.85,76460.4
26259,99130.85,90581.83,94376.77,103045.94,97583.12,98208.45,100156.58,99895.38,90431.97,90417.37,94762.42,98211.27,90902.53,101043.81,96008.09,95411.4,92797.41,92078.14,90671.52,102154.42,98783.47,97180.55,104689.45,94402.11
27272,90387.01,87273.17,80820.84,84603.56,93517.93,85305.37,89734.36,84859.22,84519.94,88830.9,88793.63,82886.62,90779.54,92868.42,86875.44,89696.84,84835.8,81424.79,84555.49,86079.93,83145.58,85958.95,89223.26,82698.6
28296,87671.09,82179.64,77385.04,87050.45,79655.47,87712.85,87843.35,79445.82,78953.32,85859.42,80372.91,86723.79,91601.36,81842.77,69987.71,78781.36,76101.26,77953.85,80846.18,80708.07,81367.31,75594.23,80873.37,75847.45
29391,94406.22,94784.57,92227.7,88911.78,93172.36,85176.04,92556.05,92432.84,88742.85,85454.49,92844.65,93174.21,84244.14,94080.72,83014.58,98198.93,87578.43,94357.72,88554.9,88835.36,93234.94,88811.13,97260.94,90422.96
30392,86361.64,74898.65,82065.86,75903.92,78164.45,71350.46,78168.87,79016.91,70187.23,84702.31,81153.62,86573.96,80657.02,82444.06,83225.76,85906.31,78983.17,76265.55,76955.28,80673.25,84249.36,78915.41,81634.81,81326.04
31412,93874.07,93730.67,96825.92,90007.54,92529.89,98919.22,86914.42,93786.8,87308.66,98513.67,99404.22,105973.48,99204.74,98335.68,96856.97,98251.18,96341.03,93867.59,96955.94,102634.77,98739.06,100694.82,92488.36,95220.91
32420,89689.25,80024.27,86509.88,90552.07,85032.93,84098.91,87934.92,83889.64,89878.76,80359.55,81570.33,81401.15,83825.75,83419.98,82244.74,91648.01,90226.74,84697.35,79988.13,84971.9,89781.86,83931.65,84823.11,75673.22
33432,83276.54,92466.78,92254.36,88971.94,90708.68,96722.25,88819.07,93802.92,89120.12,89672.68,89624.38,98372.68,91609.88,86000.93,93837.33,80299.76,88676.58,88078.7,85852.13,82598.13,87043.62,86578.51,97886.12,92977.3
34440,100266.02,95624.9,104055.99,98941.32,98282.65,100901.13,95057.83,98569.13,98255.57,103636.06,107031.51,95747.9,99532.76,100859.61,95656.66,91826.02,98621.45,97822.84,91103.26,99974.1,102110.5,110185.2,95573.56,92422.57
35452,67836.03,65403.15,73346.48,61482.58,63758.56,65921.05,63037.63,62094.92,68025.59,67292.34,64660.04,63151.97,70463.33,70690.4,66514.53,63664.67,62970.28,65262.62,62777.42,66156.94,63826.12,75007.4,60500.06,63917.36
36459,84461.04,82717.92,86238.58,80758.42,80170.65,87476.72,82561.79,81347.6,87652.11,77470.81,83518.82,80561.0,77417.06,87378.14,81412.72,80779.2,77793.71,79512.84,87419.81,84683.55,77141.69,88999.34,81816.9,84007.85
37472,77636.22,75847.72,82850.86,76706.0,87855.78,82353.72,80590.94,83542.74,86174.73,86043.69,79575.56,84445.14,91054.86,81097.7,80686.64,84250.44,78311.43,73494.06,77163.96,81611.62,81661.63,79809.1,75216.28,72851.04
38480,61883.55,61402.9,59886.58,59852.74,65591.96,61154.29,61720.51,59373.34,60765.19,65112.51,63894.81,62882.91,65695.72,65882.08,60313.05,64954.15,60714.02,60075.8,63364.76,59271.01,65423.33,61891.21,66175.26,59613.04
39492,73911.3,80834.3,71546.11,79225.58,76077.11,71417.09,82541.08,79903.95,84447.04,82489.21,78287.9,73744.02,76480.34,83409.7,76583.12,78651.34,86889.0,76453.75,78238.36,79203.1,81130.58,81375.84,81163.35,83147.03
40500,67395.91,69014.34,71535.9,70376.5,70091.83,67987.34,68313.09,73023.9,65465.42,70469.58,66492.37,69585.96,66453.52,72528.98,69587.72,60742.35,69016.51,69269.38,73583.37,74996.07,69046.85,68801.7,64761.96,68827.49
41504,76887.43,77837.09,77149.75,81577.85,74450.41,80056.17,79874.18,69521.05,70970.53,78175.82,79385.22,73685.54,77495.19,83919.63,82935.24,72592.85,72432.9,73632.48,75792.45,72107.56,75938.9,70949.24,74733.86,71785.27
42512,72013.4,72374.99,73531.71,73932.31,70845.88,74069.52,74095.92,78706.36,74233.51,74681.62,80007.38,64387.57,77464.95,76286.9,80303.95,81117.82,67524.66,77228.5,71773.08,66672.02,73789.34,77892.38,74518.81,84316.34
43531,79389.02,79228.3,82146.41,84242.76,83707.89,85697.72,78063.26,83337.85,82228.28,82833.73,81743.37,83301.18,75330.22,74996.78,85315.0,82032.34,84488.48,82342.18,83968.0,83562.26,91245.96,79932.11,85482.86,83134.54
44551,75523.73,79449.74,80825.43,74134.34,79758.29,81487.32,77766.53,78368.11,80999.97,77721.79,84910.9,81079.08,70476.15,85403.84,72087.3,83964.44,76426.04,83215.81,71251.92,79961.35,85367.27,77491.45,78960.88,74453.86
45560,86396.17,76524.34,84763.18,83937.13,78047.69,82790.09,79616.64,79128.98,79991.41,79843.65,72240.47,74664.07,78894.72,80447.52,79926.53,74025.34,82736.21,82832.4,83928.34,78300.5,79598.14,76657.8,82767.73,84153.87
46659,55890.92,58433.83,59428.22,54549.7,60877.64,60752.0,60435.69,52413.62,53304.15,60630.61,56833.83,59159.48,53706.19,58580.96,59538.77,56390.84,57694.97,60217.89,58281.29,52680.99,58356.27,57775.01,57027.53,54406.16
47660,67953.88,66296.57,66212.81,63964.34,59471.13,66081.91,65657.38,70659.24,68636.42,64783.26,63505.01,58014.27,70281.66,69372.37,60120.5,62174.28,68812.04,58835.64,64706.14,64537.56,68353.35,65827.52,67237.14,71756.7
48680,31356.72,32319.19,32618.52,33997.93,33050.3,34617.21,34035.24,34510.1,32941.69,33262.41,31620.45,34585.33,34812.92,32866.08,33052.92,33444.68,34711.31,33713.53,30893.08,35685.84,34143.47,33367.91,36305.06,33099.26
49708,36808.75,38790.74,33862.94,37761.11,35411.87,39115.19,38126.06,37728.31,36595.97,37688.59,36144.04,35605.9,35596.42,34138.82,34772.62,35575.85,38652.83,34904.62,32811.67,33350.26,36128.55,35622.41,38070.67,38880.16
50712,62689.03,53672.29,57438.08,62368.29,59453.88,61900.23,64077.9,59736.83,60008.14,60130.8,59699.27,61159.26,61100.03,61063.6,59290.1,61870.1,65919.24,58051.17,62341.1,59315.91,59701.62,61306.59,57034.48,56061.94
51720,51566.93,56754.59,50018.19,53361.81,51327.18,51326.4,53467.31,50006.68,48011.95,49163.2,55121.84,51490.25,50876.59,50260.48,49855.0,52300.5,54336.68,50507.12,50517.3,53053.56,53934.44,53231.96,54053.47,48651.21
52728,78649.22,73660.27,77717.72,72482.53,82212.24,71297.18,71965.35,76556.28,68986.56,70753.15,78185.52,65240.61,80935.6,69552.6,75252.23,71665.56,78715.99,63619.17,75511.99,73084.95,69728.34,71982.48,76694.1,76902.52
53732,65621.05,76630.5,68649.92,74088.84,76454.83,75056.87,74365.8,70609.05,74841.37,70959.64,64872.3,73730.84,75003.59,71523.3,77807.98,72440.78,69940.17,75100.14,68729.12,70098.13,80391.39,75299.31,80689.18,76901.65
54739,89836.69,91518.5,86823.54,89201.42,85918.65,78901.53,84826.71,84662.84,88711.26,89379.01,89626.14,84296.21,93914.48,87174.12,81485.1,85369.82,91372.07,88952.82,85059.33,89632.81,83905.62,80980.72,90954.03,84484.39
55751,63249.68,74827.95,64636.13,68992.14,63159.03,67538.21,65522.45,73485.43,70124.26,65581.54,67195.27,67710.04,66802.5,69929.57,64472.52,68936.98,67610.58,64982.9,74338.35,65499.79,69832.98,66106.84,71508.87,64801.27
56752,85442.4,87252.25,76842.47,78845.3,82922.19,81195.54,84551.77,88830.15,84160.0,88431.03,80866.08,75400.2,84207.28,88818.82,88634.54,80029.18,86364.73,84193.31,81773.94,80846.67,83322.06,78229.75,79196.75,78811.76
57760,52906.09,48903.19,48438.69,47507.15,47331.23,49994.7,46151.81,50498.7,47778.63,46364.52,46903.49,47955.82,52175.08,45721.99,49218.94,47960.65,49045.31,48151.09,49340.84,53393.6,45491.86,51576.06,46040.13,49073.97
58771,62859.59,65896.76,65936.2,56137.42,72390.13,66960.97,67408.58,65179.01,68517.87,70393.68,70639.36,66696.69,66783.58,63423.37,69319.53,66645.53,66671.31,65345.7,63963.57,62065.78,68235.25,73412.36,63561.94,70719.56
59780,54687.06,54975.12,59761.32,55001.81,55787.31,56665.69,55934.85,55000.78,56768.44,57228.82,58576.51,55969.18,52932.6,55059.43,52643.15,53858.04,53954.76,53847.35,57321.87,55153.51,59000.24,54634.42,51436.22,53979.45
60791,47127.87,45910.49,46229.96,46560.95,46718.84,45885.43,43042.16,47107.43,43862.21,43421.29,45590.95,46612.43,46345.63,48386.12,43360.98,47372.77,46560.52,48815.37,45237.04,47045.26,44220.54,41275.86,45586.83,48427.76
61812,45628.24,46780.36,43671.91,47209.18,46392.65,45312.16,44831.13,50245.86,45163.89,45705.2,47694.75,48044.98,49245.54,48816.28,42674.13,43068.01,43549.89,47745.7,48710.0,43740.99,45945.92,45461.15,45735.79,46320.67
62820,33632.65,35576.92,37777.96,35926.07,32700.36,36751.37,35806.24,35021.82,38843.38,34879.64,38231.15,34635.63,36229.57,35105.94,37002.51,33702.07,35644.47,35943.77,37715.61,36094.43,37775.36,36423.64,35474.5,38241.66
63839,49473.71,48849.49,47759.52,45341.78,46330.55,49913.8,48072.35,43969.07,47864.8,51485.16,44647.92,53965.84,46153.89,51506.62,45192.87,49180.06,51588.61,46031.33,49281.48,49438.37,51735.93,46835.02,50079.31,45415.86
64840,47761.89,44637.92,46242.58,46041.41,46279.51,47940.84,47320.79,46906.42,47521.88,45307.5,48433.49,47568.21,48282.48,47510.66,45742.36,43284.02,46852.8,47613.94,48809.8,46117.19,48965.85,47463.53,47896.13,48735.23
65851,39163.01,36674.39,37271.96,39441.92,36354.29,36477.92,43096.42,39535.26,37586.94,36675.0,42373.77,41476.85,37122.14,38395.51,35739.45,33704.25,33586.54,36304.55,37267.47,40027.5,34541.79,37288.2,37929.51,37920.87
66852,32083.63,31196.08,33047.66,33156.73,28826.04,29725.86,30055.27,30901.4,31039.08,33742.3,30895.95,35569.44,31029.91,34190.13,33087.0,31877.79,31715.29,30550.44,31233.17,32498.69,33785.33,29753.64,31737.86,30782.52
67872,28882.17,29916.45,29693.34,27717.18,29152.42,29775.35,27524.72,29477.1,29952.26,27094.74,30394.47,30321.1,26966.08,30462.55,29278.53,30264.12,28675.93,30175.38,30903.76,29765.73,28045.33,27626.04,29761.79,28345.48
68879,42404.86,43117.87,42691.8,44413.89,43360.95,40695.65,41127.98,43467.29,40151.68,38546.65,44953.52,39713.87,43367.11,39948.71,39580.77,37953.78,40999.59,41079.42,44324.39,44465.95,41502.68,42256.68,40855.91,49609.12
69880,35837.32,38044.79,35828.76,37603.95,38603.6,40186.6,37004.46,32879.29,38308.02,37556.57,35091.78,37720.49,40592.58,39973.99,39699.34,37882.22,36176.8,42261.66,36489.12,40411.8,39519.22,37674.16,37628.72,31235.87
70892,60695.4,59373.63,61497.03,63043.13,55409.71,59667.5,56707.86,65611.0,59402.02,61915.9,56442.92,57355.91,57850.12,59753.65,54711.65,63915.56,53780.19,55636.47,55857.8,58894.79,58523.08,59660.76,58496.51,60419.78
71899,67216.05,66991.16,62039.05,66652.72,65971.92,67824.76,64432.42,67050.83,64733.45,60553.88,65364.34,65843.47,66156.89,63800.76,67567.87,65699.47,70137.89,65984.07,64899.77,67077.09,66154.54,67177.92,64798.86,67514.45
72911,78521.9,85410.01,80320.54,84926.7,79471.78,83728.67,79620.58,75077.13,80843.73,79192.31,82175.34,79032.9,83246.77,81518.4,79558.38,79519.7,71510.69,75334.5,77748.64,83864.81,88845.33,81103.03,75250.05,79031.58
73912,68177.04,66070.32,66669.19,67612.16,63744.84,70927.69,65150.69,65924.01,63589.52,59270.11,67321.35,65870.95,70911.29,67704.69,68795.81,64407.09,69053.36,66832.45,65085.34,68958.59,62434.27,66516.03,67303.02,65005.62
74919,85157.96,91028.62,85545.22,85034.31,82571.2,94897.58,90581.09,90266.88,80803.85,87538.64,92653.3,90478.79,90521.29,86409.03,84963.44,81314.57,86855.6,80972.52,85209.65,88719.6,87519.35,87675.31,85884.8,88880.01
75920,68790.98,66656.32,71171.95,66619.19,71098.01,65150.91,67766.64,68151.4,71787.12,67208.62,66069.84,70304.13,69943.35,67059.63,65474.2,71873.05,74019.06,67633.35,71713.39,71794.98,69812.2,74866.59,71032.43,74561.91
76931,71686.18,71164.87,72440.2,66820.56,74589.26,77914.13,79804.83,65648.08,74097.21,65054.7,74172.51,78940.02,69658.2,77541.9,73368.71,73438.51,79274.07,77194.12,75834.56,74412.93,81753.63,75561.68,77665.87,79057.53
77932,46045.05,43767.14,46633.15,47426.83,43362.11,43924.97,44254.52,42643.1,47854.59,42878.59,48920.78,45975.08,42734.02,43674.19,44833.71,42108.0,44143.98,47412.4,40069.24,42780.7,43516.11,47667.18,46359.85,44608.95
78960,50430.23,54056.81,44760.83,50027.14,47973.12,50657.18,52699.43,48653.2,47996.01,52227.51,48618.95,52755.83,49360.27,46453.49,47268.71,53148.88,52459.94,56375.85,49999.35,52452.7,50787.75,49288.81,53509.95,46713.35
79964,66434.62,63053.08,62533.49,58940.56,67331.39,66635.21,67384.33,68229.06,67768.95,69283.12,69296.42,66427.85,67352.12,69214.64,68966.65,74372.0,72495.8,76411.64,67565.17,69577.37,75223.13,69453.02,71665.29,78116.64
81131,67747.04,69766.85,67542.12,71105.64,67457.86,66050.43,73679.46,76888.92,72338.23,80457.23,65750.31,62659.69,68725.57,70175.32,68039.8,67784.45,69949.38,64807.36,67506.77,67312.88,62426.16,65058.61,67200.43,75013.86
82132,61781.44,59335.55,60350.28,62876.72,60159.55,62848.8,67152.49,62560.04,62005.07,65542.42,58675.83,62806.4,57251.92,58625.69,63210.19,59737.71,64623.47,66163.91,63842.51,60598.12,62785.99,60189.28,65512.58,63077.77
83251,76790.8,79521.5,77911.79,77749.42,76674.13,83112.19,73115.6,79829.5,73731.36,76848.57,67631.31,69685.88,70270.74,73246.85,74907.78,71513.03,68439.34,76265.7,73306.54,71430.96,76393.92,69803.45,76608.76,74436.83
84252,70600.71,72813.93,65093.68,64298.5,70085.1,67422.79,67190.13,69561.84,66089.78,67950.96,65796.86,67811.96,68381.68,66825.47,66349.74,73061.77,68464.81,72230.88,64776.67,65603.21,73698.15,70517.48,64015.48,71456.94
85260,81071.53,73395.34,89377.62,77718.98,76624.9,78798.0,74433.62,85362.82,80426.92,76808.02,81342.34,78179.41,83786.48,81467.2,78182.33,77830.72,79249.45,76233.93,78023.16,75517.17,78666.25,83526.51,74317.5,86511.01
86268,45837.29,43889.79,45052.82,53056.8,51252.84,51705.78,48693.73,45898.78,50229.73,46767.64,47216.67,48133.71,50817.61,46187.72,44478.24,47103.58,52617.89,47055.53,47596.26,48449.73,49839.27,46914.97,49606.27,50151.46
87471,56692.09,58879.95,61123.57,60164.7,61148.24,60808.34,56354.53,57939.27,63201.02,60451.49,60980.74,52803.71,56814.31,61985.43,57201.38,55626.75,55966.16,58883.62,58347.58,63752.62,58394.24,57887.64,63056.55,58519.59
88472,49826.3,49887.65,57289.09,51008.52,51445.41,51919.63,52046.86,52272.79,52356.64,52290.24,49207.99,49545.01,52233.95,52133.57,50005.68,47190.32,54078.14,52397.62,51583.93,46471.26,51360.25,50619.43,51691.05,51427.49
89483,32013.38,34773.6,31914.22,33835.1,33248.78,35440.44,34865.88,35335.04,31749.82,37237.08,34021.25,29550.2,32630.67,35087.11,33576.9,37389.91,37324.39,33425.44,33144.81,33397.13,32595.87,34409.61,36532.67,36437.6
90492,38428.42,35063.59,39913.9,35216.05,36018.39,35866.69,33914.52,37633.94,38186.95,37068.44,36826.44,36195.19,37915.32,37169.65,35681.8,41000.05,32102.07,36127.86,36035.3,34886.45,35431.15,37970.81,34611.42,35901.54
91500,25178.76,22676.44,25639.5,24974.61,23868.8,24256.12,24810.11,25984.7,23695.54,24326.72,23370.31,23302.57,24317.42,23155.55,23609.22,25255.11,24818.68,24876.61,22384.49,25924.93,23661.73,23424.13,24336.33,24721.54
92712,15167.59,16903.41,15297.69,15300.46,16947.74,15415.92,16217.55,15542.63,16560.42,15550.73,15566.36,15770.27,16450.48,15345.64,15828.96,14805.96,16222.37,15419.55,15167.62,16280.16,15275.75,17178.89,14702.87,14093.31
93720,11032.12,10803.69,10607.34,10632.31,10544.89,10458.34,10054.32,10309.36,11171.85,9990.14,10228.62,10086.58,10811.3,10710.24,10954.9,10754.49,10663.91,10890.11,11163.56,10919.11,10887.15,10632.32,11896.78,10576.68
95072,23222.06,22741.26,22090.87,22731.5,23280.86,22063.94,17827.07,22561.41,22173.68,23479.77,21212.04,23358.32,22246.58,25173.78,20991.94,22045.31,21079.01,20557.35,23189.97,21298.27,21871.39,20298.31,22871.13,21817.42
96080,15681.36,17509.94,19046.32,17371.78,17081.64,19143.38,16150.61,18254.05,17744.33,19943.25,16096.69,19661.07,17284.66,20296.42,16618.76,18270.54,18157.86,18158.01,15732.8,17730.82,19385.21,19251.4,16358.61,17609.17
97111,58502.89,51531.49,56185.1,50421.13,52080.55,57690.68,53039.62,52554.87,52468.95,53676.26,55697.92,53377.26,57799.47,50209.29,53927.75,59620.01,53444.73,55283.26,51611.72,57731.84,56634.03,56543.48,49231.29,57494.79
98119,59066.9,60085.27,63188.5,61450.92,63032.24,57155.46,63737.77,57290.08,64277.92,59141.91,59596.83,68358.56,66181.94,65437.0,62684.43,64451.57,54827.02,62889.89,65905.19,63339.24,63437.48,61316.69,60083.54,62684.79
99131,57448.92,50319.03,54296.42,55051.33,54001.09,50638.54,55172.09,52554.58,50787.47,51159.14,53807.01,58075.14,55529.92,56266.38,50860.48,56210.7,53427.21,54614.16,53490.65,54250.99,53452.94,56528.42,55143.48,54413.16
100132,66570.85,67383.37,63674.72,68330.75,66734.13,67596.67,67655.43,72025.09,57397.74,63773.26,63581.57,69785.53,66173.35,64371.34,65157.2,73445.11,63659.01,66051.8,64814.56,64352.33,62738.89,69021.87,68747.12,60243.73
101139,55569.3,58603.28,53935.04,53364.52,55030.97,53001.47,61416.08,51564.51,56287.52,56504.35,59990.1,59222.61,58406.57,52758.84,55989.82,51451.24,58355.18,54512.56,53551.83,51870.17,53591.0,52864.85,55408.53,54133.88
102152,65948.34,59764.58,68920.89,64327.16,67107.9,63275.85,68213.91,64421.36,66387.17,73129.4,69614.16,69521.76,67718.88,72106.6,58601.15,67560.05,69594.32,70220.81,67197.77,67325.9,64346.78,64259.78,70683.42,66840.93
103160,58633.29,57312.65,57991.13,55344.38,57596.31,59408.38,58268.82,58590.96,55390.17,62156.65,59479.75,59183.25,54216.34,62299.88,55798.13,53763.24,62096.91,55159.53,56405.8,58630.78,62003.97,57692.49,56360.2,56035.16
104172,65851.1,59558.93,64088.52,58415.01,66276.09,65935.43,59450.01,64344.16,59821.66,60420.94,60380.46,64425.1,63939.03,61828.49,63164.53,63324.09,65531.21,63325.56,64790.91,66295.06,67537.78,59297.89,66034.92,59954.57
105179,61208.68,62080.2,65774.2,59159.83,60149.9,55465.58,58044.48,60280.74,54431.32,54624.81,57281.16,57611.55,54858.96,55269.97,55935.46,59797.88,59166.39,63564.68,58609.08,58167.44,59047.59,60866.39,52464.61,57840.02
106192,45309.61,44240.84,43178.93,44581.17,43593.37,47570.86,41965.11,43754.95,43746.94,44904.88,45920.96,43293.07,45894.6,48810.06,46413.06,42619.16,41429.56,40491.43,45729.38,39487.14,45323.83,45147.71,41991.64,43108.16
107200,49418.39,53710.95,50445.44,55604.16,51136.05,50894.46,54423.33,51717.3,50031.41,47444.84,51717.0,53782.69,46844.12,50178.59,52284.28,51343.86,50360.61,53120.15,50255.41,47904.72,50691.35,49737.92,50465.82,54113.15
108211,57878.95,49904.42,50099.09,47994.51,50693.89,50557.33,49635.95,44554.1,49998.26,54934.09,52930.16,51486.61,50294.4,52045.91,51818.38,44136.41,48996.2,55913.91,51604.14,51488.51,56057.57,52326.61,45999.12,54480.19
109212,41075.52,44922.06,43050.78,45917.19,42556.43,42364.89,43592.68,48336.28,43182.69,46757.82,48205.54,46693.45,42171.23,46077.34,43565.67,46500.68,42484.42,46572.12,40526.29,37854.14,45823.47,45441.82,44476.9,43725.19
110220,52204.64,54834.11,58744.65,57006.64,52243.19,53599.18,59689.6,54381.57,56878.92,50655.08,57282.02,54309.98,55111.69,52476.53,55858.7,58438.31,54732.12,55665.99,56358.79,50050.24,53823.11,58053.15,58971.98,47902.38
111231,51679.81,50542.06,51662.54,49788.21,54412.64,53473.34,49611.94,53237.98,58547.64,49223.36,52400.26,53833.85,58504.55,53843.51,52962.33,55724.71,48543.05,47497.9,50686.7,51579.26,53897.54,53544.74,50767.29,55871.21
112232,57363.76,57724.75,65022.75,60095.27,64828.26,60173.33,57640.62,65014.61,60127.25,58662.61,56251.8,60121.36,63306.91,66258.89,61875.84,61144.85,54872.02,61923.13,67790.66,61164.17,61662.7,59375.61,60995.33,63188.45
113240,57862.51,59444.84,54942.38,59936.87,63529.03,52690.88,53998.27,62424.68,60728.55,60076.96,60023.95,58133.38,54362.42,59592.82,58225.9,62418.92,59716.08,54785.6,60007.63,55882.49,58018.36,63323.05,58012.96,61758.52
114251,46813.66,52498.64,46004.81,53403.97,50853.21,49156.35,50487.12,49651.23,50954.95,49830.01,49672.82,49211.64,49694.29,42949.72,50893.18,50233.86,47002.23,55184.19,47677.6,51800.93,54835.28,50047.97,46565.54,48246.53
115260,60297.86,50553.07,55830.75,49023.7,50872.61,56733.74,54193.69,56321.88,56428.74,53912.77,54642.94,51617.47,52784.87,48007.66,49971.89,57552.69,52794.04,54418.87,50953.78,49635.84,51551.45,54195.25,51464.09,53298.77
116272,52800.16,48641.96,49942.76,53672.88,51787.12,49340.61,49252.58,50090.99,50813.03,52199.81,51070.91,48825.31,53364.87,51692.58,47625.16,49179.38,50684.1,51219.81,47644.48,50931.2,46038.24,48384.1,54604.45,50992.16
117311,50677.3,49500.92,43047.03,48234.15,44426.7,47368.58,52373.21,48016.05,45833.84,45752.59,46124.26,47174.15,47484.11,45956.82,45659.88,47894.88,47312.49,45342.84,48757.05,47877.56,47426.67,46465.61,46050.91,44819.47
118312,53810.25,52830.02,54185.82,53577.46,54356.49,53796.02,49419.65,53522.22,52039.63,53040.0,53853.7,53459.0,54427.62,53031.24,51696.43,52665.07,50486.32,56493.88,56450.62,52621.92,50281.18,53309.41,61069.05,52827.97
119320,49589.43,51013.53,53358.1,51943.07,55947.48,52251.36,53098.37,49610.49,50480.19,53123.76,56736.25,53975.59,52657.36,52793.7,53499.88,53503.94,54888.96,56042.76,53587.7,55169.08,51643.84,52490.27,54678.97,52500.18
120324,63526.64,57731.67,58183.55,64959.88,65538.94,66809.96,62706.24,66202.34,66060.9,58546.91,57006.06,64848.46,63878.7,58773.48,56584.89,64606.81,62885.81,64421.74,65310.29,63123.34,63230.4,59317.44,58630.22,67088.14
121332,61254.66,65129.76,66801.4,64225.53,55403.8,60561.51,64858.21,58598.89,60770.51,62333.2,60221.81,66538.2,61755.62,59283.13,62163.13,58704.57,58602.35,62717.26,55819.42,63172.32,61796.79,60537.35,67806.58,63196.12
122340,48297.36,47564.4,50092.71,46724.97,46406.37,52399.73,49653.94,55739.81,48336.45,45409.55,49093.81,48994.94,51385.94,43672.52,50831.58,51348.93,48252.27,46326.54,47991.18,45834.85,50845.44,54752.57,50883.24,50312.01
123359,66478.67,84186.66,80229.05,79324.06,83706.41,75406.2,88547.45,82801.16,77701.14,79255.24,82757.94,79891.89,86811.51,82353.32,77976.79,75087.04,83413.49,82805.1,80779.31,75629.0,82827.05,77104.61,87320.92,69276.07
124360,73288.36,70024.86,70318.05,70456.61,63114.94,59638.08,70032.36,65777.07,72382.06,67960.05,66393.89,68334.39,66700.58,60098.23,69367.01,65880.9,69022.15,67033.22,69000.45,64240.12,71582.23,67301.71,65307.09,72880.35
125372,71056.31,69802.84,71926.73,75575.32,78405.35,75359.26,72441.83,75002.02,69339.88,78679.47,78610.27,76109.64,80029.15,76300.25,79990.12,78011.08,80786.08,76602.03,70257.72,72940.81,78817.29,72333.0,74979.18,76043.0
126379,64776.03,57702.3,63284.74,66605.93,62978.88,62713.66,65391.88,61903.51,64804.62,63988.95,70916.34,64015.51,62986.78,71421.77,62723.73,63117.5,69575.12,66976.16,57715.06,59065.86,63118.24,68573.96,62037.74,60995.15
127380,70694.65,68248.4,69452.13,64922.12,68357.04,68966.88,70050.75,67595.43,65479.29,69302.08,68299.44,68292.82,68838.34,68776.73,69291.08,67437.53,68645.17,71914.66,66654.15,69500.5,68916.02,69844.25,77867.3,67400.44
128540,58167.47,58929.36,59849.63,58502.63,59416.86,65010.49,58707.66,54655.09,58884.27,56700.16,57695.75,58676.11,55189.94,62868.01,65086.22,67234.93,57251.81,55918.23,62125.96,58698.74,57676.14,59627.01,58200.45,56223.55
129560,59033.87,55389.72,60486.26,47768.46,54345.81,53703.44,55964.91,57201.98,55660.56,53939.74,55347.0,55548.62,53091.77,53803.5,54516.7,57698.44,57386.36,51346.31,54649.51,56368.05,56612.56,52685.62,56874.58,52673.54
130579,46602.96,44609.99,53153.26,49024.26,48721.91,44975.86,45081.78,49210.58,48456.91,42856.74,45255.44,49688.37,47962.12,47705.33,50372.96,48814.7,48552.13,48599.71,50173.41,48861.08,45344.72,49568.56,50618.57,45391.05
131580,52004.58,59236.57,54080.1,56160.62,55395.58,57375.47,59632.62,54902.79,63188.06,59246.93,54605.56,57842.32,59393.61,57163.53,55856.74,58532.05,57893.6,53977.17,55277.84,54340.42,59980.86,56983.82,56963.1,56889.84
132584,50571.93,51051.45,52201.63,47748.74,52761.26,54140.13,56764.08,54844.77,50948.98,48325.39,54167.14,51601.36,50088.55,53754.54,47871.02,49777.57,52832.82,54116.67,56329.11,50045.74,48641.58,49234.76,51085.62,52254.07
133592,43954.98,44383.17,42196.19,46138.06,46364.62,40764.49,40696.18,43582.37,49640.61,42766.03,42453.95,41843.12,43803.87,42760.55,45229.03,42353.47,44080.86,47628.81,42279.37,43540.82,42198.2,43185.57,44539.26,42529.76
134612,49248.49,50940.44,49699.61,47786.06,54935.26,55197.22,45093.45,55854.06,52871.94,46181.3,50010.47,51759.72,52529.15,55088.67,53567.1,55018.89,57192.93,53100.99,47758.34,51141.32,47460.83,54832.02,53328.58,49173.98
135632,47309.94,48457.46,50360.33,42626.85,45505.22,45017.97,44240.62,47693.7,46981.53,45852.36,46275.66,44067.19,47076.17,45934.32,50038.95,48631.24,51305.1,44629.41,46526.62,47283.23,50051.55,47809.26,47096.28,45587.89
136639,49833.81,46758.26,50380.56,53973.91,48088.59,43341.78,49753.36,49124.83,53726.56,46481.88,45121.77,50233.44,49375.21,47552.97,52825.56,47359.12,46441.91,44277.39,47916.71,46283.87,46044.73,44426.44,50790.5,50460.4
137640,52012.82,54423.66,59067.5,54641.85,55163.33,53968.97,54876.44,52280.27,59935.09,50896.97,54754.78,57303.42,51968.78,53733.84,54125.46,51645.63,54101.45,51727.53,60320.38,51942.86,56090.4,56128.66,52139.45,54456.86
138660,55753.87,57807.73,54863.42,59967.9,53121.05,59032.77,51914.48,56687.44,57678.13,53757.21,55087.09,54847.87,59024.84,63135.16,55320.76,55130.22,54556.72,56365.91,55996.9,56233.68,59836.9,58232.18,60112.6,55320.05
139671,53527.43,58479.0,61732.23,60201.86,52206.76,58033.49,57561.3,61721.91,57077.82,54803.41,60324.58,57561.78,57871.75,67321.72,60921.86,57366.81,58594.04,56366.06,57811.27,62587.33,52267.0,55872.94,59532.89,58752.24
140679,47087.26,51554.99,53286.13,51238.03,56637.76,50358.83,48608.75,51056.84,52181.71,54843.6,52768.2,51029.47,48488.43,48934.21,53957.44,54268.3,52088.72,50173.38,48627.31,51833.99,52580.87,47472.64,52823.42,48664.92
141791,64214.66,61276.25,60459.36,64633.56,60164.34,63250.1,59000.14,55214.61,59647.49,58263.12,53810.97,63182.98,61485.18,55705.92,55717.76,59088.12,67118.65,57803.7,61419.61,60091.29,53879.68,59015.54,56637.93,58708.16
142792,62486.35,63352.08,60311.09,61481.5,59680.32,62748.68,56056.43,57799.53,63389.5,62325.05,61143.09,59321.4,63916.42,59867.28,62752.87,61072.21,62580.32,58149.91,63569.5,58858.16,60663.16,62942.78,60460.85,67035.84
143799,50197.83,45293.31,48640.09,47982.98,52208.11,49459.48,48055.92,46418.24,46351.14,44217.94,45619.81,44626.18,47515.92,49113.35,49675.04,43694.1,49766.08,49681.15,47158.87,47725.76,49097.54,47034.49,50925.36,48235.42
144804,69160.82,76574.28,68716.37,77531.3,75859.12,73239.68,75095.47,72765.34,74057.42,79371.85,77633.01,80452.93,68746.86,75790.18,74229.67,75889.51,75689.01,76489.76,73825.31,77710.28,71029.08,74571.89,81003.98,74741.02
145812,48774.47,58050.69,55390.77,58154.13,53537.67,55709.89,51803.09,51571.46,50984.61,53042.03,56223.38,52330.13,51089.29,56975.57,53463.11,49186.88,55139.67,52507.94,57250.64,54648.7,56158.51,56800.27,51358.73,54067.57
146820,82261.86,69240.52,71666.73,76781.49,68787.71,70775.18,74480.73,64897.48,67356.45,73366.36,73073.57,73776.28,77905.41,62361.19,67511.08,72536.29,76585.91,73824.27,68357.59,70555.58,74723.98,72198.42,77539.71,73150.87
147832,59325.73,62515.33,56632.5,53645.44,62734.28,63836.2,57327.15,58441.36,60867.95,64311.41,58126.96,55172.44,59262.15,55795.71,54976.23,63246.42,62113.48,61469.39,59503.7,62794.66,55965.27,56079.37,61568.65,59355.23
148840,71114.43,80571.09,70193.65,76742.37,74582.21,73874.8,75912.86,74647.97,73545.93,72272.91,74967.39,74154.85,69989.57,67763.68,74759.61,71375.25,72891.54,73947.01,76393.27,70391.23,68728.52,71913.93,74234.78,71859.76
149851,64620.63,65527.29,66865.12,58450.19,62140.11,59213.25,62772.84,66687.41,62225.75,57043.18,60955.49,63299.81,65275.15,66727.02,62670.31,65842.16,63236.95,63180.7,62039.1,64832.8,62182.3,62800.27,68280.68,58399.02
150852,69269.43,78067.72,77134.03,74411.59,74914.01,77693.91,75144.32,75214.5,69723.16,69272.93,71735.2,72550.04,80602.53,76033.44,79294.93,76707.17,72145.8,73164.37,69516.42,73174.98,61298.41,72229.51,68689.01,71245.31
151860,66518.87,62431.5,68480.85,65818.13,67265.63,70737.1,63093.77,68780.56,68381.41,66850.87,63056.52,65018.28,68497.53,74168.33,58331.37,67383.66,66081.96,61354.08,64044.04,69846.28,66366.14,65275.42,66075.97,68703.03
152871,78018.11,79218.85,78400.49,76437.9,76262.44,77332.8,79431.32,76334.99,77686.98,77465.04,82123.54,73516.08,79451.81,80195.17,79887.93,76690.06,76512.15,75264.7,77257.42,69489.48,73015.71,78510.41,81333.58,79102.72
153880,56416.5,58021.98,59404.18,60546.88,59493.74,60262.81,62260.6,62539.3,68064.84,61975.51,61857.23,57463.55,61689.39,58903.43,58491.19,59351.72,63083.98,58692.88,51650.99,60954.99,58358.65,60033.99,62380.94,61595.43
154892,71834.13,79617.99,75170.11,76338.2,72695.52,78017.63,76715.15,70092.34,75012.73,76409.37,75000.52,80523.34,71276.07,78814.03,73573.95,80013.86,71026.68,71909.52,81714.34,80631.81,71188.39,72731.21,72783.65,75462.95
155899,54641.25,58960.28,60402.85,54235.69,64343.31,54289.92,60818.75,55639.4,59483.08,56822.17,61393.97,55982.56,59828.73,62383.92,56120.23,53983.48,61534.03,57036.33,59329.7,54845.63,59283.58,57457.86,61872.07,54007.93
156900,80361.92,75711.25,84310.31,77481.96,76688.36,77010.56,84328.12,78742.06,75001.96,76414.95,77334.02,72200.14,67498.7,85429.19,79968.68,81409.14,77174.06,77509.04,84613.69,78090.32,75402.55,87509.79,81520.38,81701.18
157912,65789.61,69395.9,70159.91,70208.21,69308.67,60240.93,62972.14,63230.53,66513.92,61632.9,65667.75,61451.58,63751.14,66748.94,60595.15,65364.4,62909.37,69585.76,65003.95,68828.13,61055.12,69377.5,74413.87,68602.01
158932,83244.72,80907.61,79636.06,80118.72,75590.67,74706.8,79733.0,76965.55,82485.81,75138.66,81561.89,85005.76,78021.48,76520.41,82120.28,77085.42,74390.58,77601.47,78040.22,79221.0,77527.66,70659.77,82356.29,77992.43
159940,54356.45,68630.32,59279.02,63449.87,59212.77,64927.03,59490.65,55071.35,58188.92,58882.61,57889.3,62259.26,58853.47,61896.32,57317.01,61840.3,63116.08,56628.55,60917.16,70435.4,63254.14,60807.51,58011.4,58199.68
160960,65068.2,64956.47,64815.96,66007.92,68015.29,73517.04,66016.17,65769.51,75338.45,63484.44,63847.69,69710.04,71526.21,64304.61,66715.46,63159.73,67506.13,60414.36,63213.41,70236.21,65385.96,67153.07,66966.73,56348.06
161971,46491.35,49924.7,48552.11,46773.22,47235.96,47172.79,46638.16,47293.37,47590.79,46962.09,45807.24,47213.02,49299.1,48121.24,46911.43,45964.54,49457.59,54271.02,51810.97,53659.89,50915.28,48333.0,48456.18,48222.0
163119,53311.62,55723.23,51279.6,53921.83,55563.86,52234.3,56201.15,54918.8,56667.25,55322.24,56801.67,51499.61,58285.47,61179.76,55565.41,53672.65,54465.95,52235.4,53144.3,52073.8,53097.57,54290.4,51189.53,58242.78
164120,55198.78,54627.67,55096.18,54531.7,53469.41,51829.23,51956.37,52693.77,53684.4,51845.35,50088.99,54371.54,54946.8,53010.56,55574.94,54230.5,52941.34,53325.45,55546.53,50871.53,56586.38,57220.68,57896.18,54374.53
165131,36872.96,37553.78,34448.19,34624.79,33640.85,36301.13,36877.52,34317.05,34767.21,32419.72,35280.31,35462.92,31960.39,35367.89,37366.72,33722.34,34056.47,36043.33,34075.89,33589.43,36078.47,34019.09,32883.65,32162.74
166132,62486.97,58262.72,60470.65,58189.31,59049.17,51565.82,52579.36,54978.82,58326.0,56172.34,54027.3,59134.89,54492.03,57910.61,56243.18,54994.72,57346.28,57953.97,55407.32,54223.4,53454.98,58877.09,61252.89,55751.21
167140,48426.82,47548.41,51597.65,51058.82,50887.58,51406.73,48595.01,48609.58,54931.91,50035.45,46583.23,52903.12,54921.93,51798.82,49476.21,50886.03,56119.2,53479.56,49236.99,50809.3,51963.36,51172.13,49289.04,50605.58
168160,36170.06,35824.97,35723.51,36757.63,34930.11,37242.92,35553.87,32710.94,35668.69,35673.63,32005.1,36552.68,36999.94,37790.01,35993.93,34995.83,37143.77,37700.89,34927.81,38060.89,33392.21,35279.01,30982.48,34527.91
169172,52360.34,53580.94,55342.84,55506.84,55608.08,52992.1,52870.17,55799.21,59915.03,54389.54,53707.68,57170.7,54020.18,57845.55,48911.89,58321.73,55453.69,48674.87,58498.17,55086.48,55755.43,56082.93,51478.26,55963.66
170180,61647.15,56822.96,59249.74,58701.25,60210.51,59718.52,60767.63,54412.44,62807.75,61692.71,56625.49,60153.23,58153.67,58879.68,58479.17,55779.6,58877.66,61098.83,59725.6,60221.71,62001.74,65221.85,50058.21,59942.66
171192,54736.65,49284.75,57482.66,52870.45,52487.55,52955.75,52870.05,47144.33,54793.28,56610.11,51236.13,48002.01,58092.64,53435.22,53817.53,48258.76,50496.11,51977.32,54443.49,51073.56,52857.05,50025.81,51942.97,54046.33
172200,64191.56,58696.49,61458.89,67018.39,64495.66,61447.76,65933.53,64276.27,62261.69,63364.6,63056.88,63883.02,61610.35,65258.95,68430.74,68818.17,61907.69,63823.76,60875.7,58651.88,64510.49,58136.43,59331.7,62042.71
173220,49958.41,47626.64,52197.4,48805.6,48382.16,45600.6,46761.36,49975.73,47661.2,46132.59,48115.78,48525.22,47365.03,48683.52,49120.99,44054.76,46278.03,46214.53,42922.09,44920.41,48102.56,42585.65,48067.77,44732.03
174232,66026.28,65206.12,66838.51,65252.82,64421.26,68858.05,70347.22,64218.13,63581.6,62007.03,66941.44,63896.25,66732.75,65174.48,68871.72,59689.07,63515.68,61635.37,67237.44,64387.83,66909.74,66249.36,64867.17,65894.41
175252,60445.47,62182.16,59639.55,60731.71,56449.79,63789.0,60535.32,57923.66,59966.76,59980.78,57393.28,58401.63,60801.03,59265.29,61995.33,58570.31,63453.26,61651.71,58489.45,55115.37,56609.75,63634.78,60920.62,60840.25
176331,40645.36,43022.11,42483.54,37557.62,37890.76,42651.51,40842.19,41756.05,39734.28,38190.59,45405.84,42821.89,36990.56,41072.81,43120.03,44235.44,39369.3,41586.01,41299.06,41686.9,42743.22,40591.2,43211.2,39473.34
177343,64667.49,71356.65,71984.78,74868.61,72033.89,68571.48,68529.04,73273.6,68723.66,66974.8,64001.13,68619.36,77587.75,68075.96,75928.75,70317.73,75488.18,70272.16,68900.96,68857.62,72503.92,76657.07,67909.61,62914.34
178360,54034.62,56785.03,55030.54,54246.97,56178.63,56265.56,54551.99,54893.53,48826.83,53694.41,57437.43,54479.93,54208.14,58157.85,53156.32,56061.95,55330.41,51370.68,51354.06,55021.02,58111.42,54749.26,57324.48,53496.09
179372,67716.83,68104.74,68741.48,65349.57,74420.22,72575.09,66179.19,74840.16,67946.85,68837.62,71586.27,72005.65,74181.57,68891.26,74555.79,69001.53,68726.01,72768.58,69817.64,66487.59,69928.32,68214.03,71472.14,74455.79
180392,58730.84,55974.07,57676.37,54838.6,61409.43,57641.92,59088.28,60763.84,60870.53,58211.96,62195.18,60839.22,59216.43,58053.5,57241.87,59744.19,56606.0,58691.6,58132.01,58172.59,63782.02,53388.09,57853.08,57642.33
181400,75617.94,72428.03,67398.16,73081.79,74772.73,74058.89,74026.16,74401.09,70915.38,73225.99,69548.05,74390.74,81971.09,71657.3,76726.36,73733.27,72797.79,72584.46,70941.56,75176.44,73752.88,80847.08,77031.55,70960.68
182412,51042.81,50824.05,47728.07,50727.07,53977.77,51050.13,48468.95,44478.1,52567.21,52583.53,51266.61,52136.86,48090.82,46157.41,51218.65,46694.27,53715.22,50228.35,47840.54,47989.46,49578.86,50792.4,48551.41,53116.39
183419,62578.62,60414.6,67479.9,59866.75,58207.35,61609.63,61943.32,63202.1,61253.05,58112.11,57005.12,62318.87,57749.59,62719.15,62498.41,59569.44,64169.36,61707.0,61430.78,61168.32,61316.31,64727.06,61006.32,55010.67
184432,66615.85,66323.57,61624.05,64989.2,62459.55,62095.37,63662.72,64855.84,60584.4,60779.74,64708.68,61169.89,63157.7,62227.65,63685.38,61850.07,61090.73,66096.32,64449.74,61083.45,61793.6,66858.54,65587.71,63248.63
185440,50512.68,53307.08,46485.0,48285.76,46219.87,46361.31,52246.39,49204.46,49543.43,54337.17,45453.18,45819.56,51564.99,48657.25,46845.37,50303.48,52436.7,50364.4,45307.15,50558.93,52921.15,46912.04,51125.44,50179.73
186452,55942.17,60855.19,59092.41,56898.4,59788.44,55503.05,63104.99,62594.72,55780.44,57477.07,53051.87,54801.89,57639.57,58396.38,57177.95,59315.59,59247.24,60057.02,59581.15,53806.9,59918.78,59786.26,57195.47,60576.28
187460,54080.91,60927.5,56208.39,52820.15,51708.78,59894.94,60372.11,57810.8,52233.28,51149.6,57350.84,57986.52,63724.0,63516.6,56848.47,61453.56,56199.59,62491.44,59952.84,57353.61,58637.06,57021.57,52982.71,53295.96
188471,82539.81,82824.08,85008.82,82571.94,81543.14,79159.92,73177.29,86472.16,89446.34,79375.48,79498.26,82746.98,80486.61,87970.01,76958.13,83853.99,84139.01,84316.7,85809.12,74387.67,84199.54,73892.65,79516.57,81533.23
189479,53259.0,50063.47,49990.93,54745.95,50117.99,50203.9,48187.05,50423.74,50860.99,48273.34,50605.9,49744.45,54111.71,55175.26,54386.25,53382.95,49474.88,52140.82,55460.75,48613.2,52913.44,54026.43,51179.18,50881.28
190491,40624.08,43228.32,40897.75,37495.42,39259.47,42006.15,42383.69,41419.51,38875.44,39949.98,40867.41,41622.36,43530.19,40125.61,40832.27,39995.23,39768.54,43081.9,40670.88,36581.24,37542.68,41479.52,42720.52,40485.77
191492,29290.09,30515.27,32217.88,31011.11,30141.21,28716.89,31002.05,30062.28,29943.62,29379.85,30318.48,30832.09,28535.03,30869.6,26353.0,28721.71,32572.22,27824.06,28416.93,29768.54,28774.35,29995.25,30353.4,31244.55
192500,38074.33,39045.49,37655.06,39682.94,35230.62,38386.41,36662.76,38250.68,34194.34,35721.56,36115.46,36428.88,36367.75,38285.1,34895.48,35646.53,40217.29,38230.12,35708.31,38310.31,35304.68,37708.8,35599.65,36218.85
193520,25308.24,24680.32,24603.85,23021.91,25538.89,26169.14,22538.24,24138.6,25168.93,25541.62,23207.81,24425.83,25675.65,24635.84,24422.79,24599.06,23085.1,24016.91,24190.58,26274.96,25423.38,22986.99,25777.88,23415.14
194543,57599.72,52540.14,49848.09,52654.43,51791.92,51891.64,52722.45,53329.44,53847.99,54178.23,51606.54,59238.97,56866.0,54023.46,51191.11,57924.47,51836.15,56439.15,53216.77,55458.49,53454.92,52180.72,58799.35,52026.1
