0,148030.71,145702.6,153750.86,143234.89,138096.98,155946.43,144546.62,150965.42,144332.11,143337.11,148764.72,142921.98,143547.97,151648.24,160892.51,142525.17,149560.59,140355.7,140682.5,152750.91,159653.71,155695.53,144730.64,152301.89
1001,22897.14,23923.7,21962.26,24397.3,21630.08,21711.29,22891.77,22779.33,20948.58,21353.69,20444.76,22044.42,22204.84,22003.12,21428.83,23165.65,21421.82,20377.22,22471.23,21422.66,20355.72,19806.82,21190.5,21578.05
2140,55513.83,51154.03,51977.64,55589.53,54206.6,53983.26,54190.14,55743.6,50008.03,54144.83,52024.84,54861.62,52453.12,53430.18,54690.81,58944.67,53571.69,58647.91,52476.99,54616.87,52511.9,51299.6,60058.6,59178.54
3141,67572.27,66257.65,54818.07,69102.63,63778.45,64668.88,61276.42,64938.6,66832.59,65463.54,67370.79,67843.82,66934.59,57434.23,68006.62,67000.74,69845.04,67970.14,63283.99,65177.17,63256.03,69236.27,59231.58,66827.64
4190,57315.72,62671.46,56055.22,61329.93,55941.88,55063.5,56329.7,58904.2,59419.6,58572.44,55455.21,55935.14,56632.52,55573.28,58940.03,58371.81,56675.12,58819.35,61253.13,57011.26,53162.5,60089.21,61953.67,54165.48
5211,72731.08,67332.43,71521.73,74677.93,76471.52,69886.71,74771.86,69881.6,76390.71,78700.59,74380.27,65127.66,69500.06,66729.13,71968.59,68728.28,73541.64,72851.28,75895.12,74121.55,73831.64,74282.66,74401.61,68637.58
6231,103255.59,99769.66,107039.04,107307.93,110405.52,97392.56,98074.3,101887.06,114868.59,100768.72,100269.2,103327.14,101112.32,110500.18,111685.78,103900.21,110660.07,95812.86,94036.84,107193.82,98910.2,97837.5,101088.29,101338.0
7241,108754.87,111299.46,106649.65,105966.1,105799.04,113338.63,104052.96,104521.81,117955.94,110374.95,106712.45,110257.01,102048.65,101958.6,102147.49,104534.42,104705.37,111710.65,105220.86,114039.37,109002.29,97972.88,107451.05,113293.47
8351,139995.74,138888.52,138755.59,140159.44,151655.56,132745.46,126759.79,141736.82,143498.73,142411.54,130421.66,136090.77,143047.68,135644.0,134809.45,130700.97,143073.56,147115.92,152943.27,132685.35,135411.04,130153.61,145918.87,133695.27
9352,192016.38,194008.56,177792.11,189056.77,174151.09,169058.93,184307.91,193421.84,181772.68,187640.2,179360.04,184136.31,195179.38,191675.63,179003.12,178722.99,182174.19,193168.76,172821.55,188355.78,190420.51,184902.65,190902.67,178848.59
10353,102150.48,120058.27,111056.41,105715.85,103405.79,104651.53,103757.25,109177.56,116224.43,116940.04,95363.66,110331.69,105314.24,103350.31,109244.99,112153.41,108834.41,112363.86,112270.67,109435.87,112837.54,99832.85,112494.75,99042.76
11469,134347.52,133287.25,137489.87,140049.04,125943.01,139080.07,143104.89,128721.28,133904.0,128431.95,135043.12,132498.31,137832.07,132284.41,128100.51,140255.16,129561.56,134487.75,137811.68,126425.34,140782.12,137069.98,135029.45,133156.85
12470,197746.34,174841.22,167182.83,164608.84,166996.68,174944.04,185233.96,186128.64,185469.45,186950.8,180967.44,168669.03,187120.76,180086.71,181077.88,168975.6,179846.21,171343.79,185815.51,165674.56,173577.42,180082.07,172597.73,178403.28
13471,133287.37,141028.46,135219.73,129978.12,132716.68,124559.47,132536.3,136308.2,131508.82,124078.43,143532.8,136869.02,127466.86,132290.76,138313.29,131706.15,130811.12,128591.27,125174.24,131701.72,143811.61,143667.22,149904.51,140331.57
14480,135489.75,145173.74,120998.74,134546.76,139862.37,122223.02,121043.34,138537.04,125005.37,123993.39,137975.78,131699.38,132031.1,125622.83,138759.78,141362.12,129294.4,129913.4,137704.77,128308.56,133425.97,126398.88,124515.53,131133.5
15481,186872.14,171922.45,189762.51,191651.33,178551.08,189822.87,174204.18,196622.57,179604.27,199215.41,164704.2,179341.79,170771.21,163087.78,172448.05,170125.54,193490.62,181600.96,177310.62,185960.83,171971.38,196086.13,195160.59,193053.95
16484,142446.51,139172.2,137767.7,132163.89,149960.25,140611.3,139326.53,141162.99,143834.09,139063.11,160423.19,142321.78,144657.86,139656.58,141525.42,144907.92,138972.15,139875.2,130050.53,159554.91,140737.7,147737.15,139413.79,128601.46
17663,176211.67,156772.93,184364.45,176669.75,176463.19,173720.04,190160.44,174782.62,183795.98,164485.78,175085.75,176007.97,176845.22,175290.7,191006.64,179456.01,175037.29,169206.53,175931.2,174242.21,189667.21,170000.08,204399.95,167811.48
18664,141878.54,143727.05,146256.9,138111.54,125784.15,141860.55,153920.15,146571.35,143309.68,136731.87,147810.0,141201.5,149518.24,154348.89,142847.21,142052.62,143242.87,155230.71,141525.16,133675.06,148187.95,146303.41,129995.37,141392.74
19674,131999.47,141515.71,153637.73,141712.39,146729.86,141881.96,151652.32,143492.4,146456.75,147492.88,142694.28,123922.99,145618.94,141070.05,138039.6,138280.01,140958.48,138796.86,154963.1,136699.24,143595.85,143230.61,154483.67,144416.01
20725,161187.41,153465.95,155019.67,158169.17,143113.23,155534.43,168139.12,174480.75,150726.47,154220.89,153696.11,170170.91,159485.28,162559.51,172893.33,171314.0,152022.71,156325.77,153692.55,156219.53,146238.41,168887.56,164511.82,150936.22
21893,167055.65,149053.2,168791.95,162896.69,171948.81,154230.5,168972.77,167018.68,170618.9,166661.53,166011.29,174561.27,158074.23,151932.45,158216.18,163270.34,170631.32,176996.33,157671.92,166817.88,161499.02,160709.28,156359.97,179627.07
22924,148651.67,140310.0,132389.4,137229.59,141648.36,145369.54,133925.48,140178.98,145462.28,131269.3,142556.3,145565.26,146258.91,136719.17,146546.08,137753.88,138297.76,133613.0,140848.22,140271.89,136568.31,146067.26,139906.22,149855.76
23925,157296.08,165270.53,154737.47,154733.3,152524.99,160370.17,141814.16,145275.28,144707.21,155728.22,167807.82,160094.21,157381.02,153354.82,144400.59,157922.58,158302.55,154124.97,161678.86,162866.21,155076.77,162753.04,155835.33,146664.53
25063,145376.71,157528.32,144489.91,149750.72,151248.94,153610.66,151065.43,158417.11,136312.18,149199.07,147552.87,135065.1,150876.69,156552.07,142903.73,145658.06,141463.72,151881.43,151905.67,133785.27,135775.68,140796.81,148028.56,145220.19
26203,163331.43,154587.4,158729.22,152862.0,158938.95,149342.58,155216.2,142914.86,130441.88,139324.58,148922.19,161700.87,153924.51,158866.85,145484.78,144208.68,156681.62,154875.16,143337.38,137825.96,157470.28,154861.76,137776.34,150892.06
27404,138625.64,139198.96,151374.69,140839.26,140566.09,150232.88,129038.88,134972.52,144970.99,139935.37,142453.06,147720.29,148959.12,139793.84,145004.73,150542.73,129107.99,138484.96,149029.24,159567.93,144538.31,151683.57,153833.44,142156.4
28463,147683.52,148622.75,160483.99,159573.07,142980.47,143107.82,155163.86,165038.06,154489.61,156343.04,145601.65,135593.36,141479.82,151124.35,148563.72,165331.04,158705.58,168454.52,154528.57,159435.77,164521.8,154318.29,146192.33,156043.76
29563,145163.26,146172.66,144534.05,135644.86,138740.29,141612.79,140961.13,152944.77,150475.11,140270.14,148670.67,144248.03,149441.2,154304.31,137395.52,154980.81,138308.65,152057.77,143323.82,148891.62,139518.96,151657.91,152385.0,145757.2
30623,148960.64,144352.94,153872.78,148422.02,154929.8,148965.42,146711.93,151344.38,148246.13,150518.66,151602.18,151814.33,142389.29,146399.73,148817.33,140310.22,147465.52,151633.3,152516.46,139112.46,138048.85,146222.68,154731.14,153587.31
31753,138903.45,143987.54,138852.16,144151.35,148401.62,137915.07,134655.97,141980.83,135539.86,137992.01,146046.66,151347.64,133714.62,151846.46,146339.31,152524.65,144791.3,137029.08,137432.11,133734.76,139607.86,136786.34,141877.17,140351.7
32754,121845.3,134739.36,138534.16,133981.09,137888.37,142447.36,132560.87,130213.77,126522.62,124202.88,135002.21,145586.12,141428.35,132819.63,146908.27,123464.77,143241.14,140851.25,122041.07,125705.25,134670.03,131584.75,133468.48,130595.41
33762,157419.89,138251.08,136647.94,128950.97,154023.0,134372.06,140285.51,140899.07,154944.3,157445.75,156627.9,138558.93,141867.04,150616.83,156498.23,150569.58,148878.89,139865.95,131621.69,153106.55,148964.1,158032.94,145391.33,139934.83
34835,157567.66,151843.43,145342.28,138823.62,158036.67,148841.58,136909.55,150984.83,152398.51,162282.76,158101.34,142395.46,146272.56,142490.91,164747.89,141359.17,148647.54,149948.06,145929.93,153755.25,149358.54,153024.69,147821.46,145742.09
35923,182128.97,149125.5,153863.71,159619.37,175961.82,153365.7,163002.94,154133.78,167516.12,165630.71,165417.99,160209.38,165764.4,167658.18,172579.21,151986.47,154921.67,168799.5,149516.85,153638.98,172207.98,180131.51,167507.21,155783.31
36924,196666.88,198696.36,204268.19,182376.08,201195.14,173532.3,188183.61,181555.08,189450.33,189223.26,180459.26,168296.31,191790.76,199084.71,196966.44,197693.02,204657.8,191629.18,210119.3,196394.87,199651.96,183820.24,188224.33,178704.64
37925,148821.32,119874.26,142340.04,136882.6,126220.12,132617.41,131807.38,139711.7,126116.33,133041.32,131791.83,142494.87,143150.93,141837.77,136587.79,140531.27,140632.14,138240.5,132219.15,133001.19,136976.32,130564.85,126124.9,139442.76
38942,134739.34,141316.65,151902.35,150307.89,133744.38,143728.53,143887.22,158365.84,150300.8,155275.87,136292.01,151460.18,151030.72,152331.46,142090.07,155497.46,134981.76,150368.86,155926.44,151928.25,148169.84,132773.68,136761.74,140712.91
40092,171840.84,173346.71,185648.35,186434.82,195926.25,175339.74,176128.35,163906.36,192094.45,185058.19,200522.55,163687.59,178462.1,176312.68,178734.28,162301.48,175270.33,177723.34,176985.67,167256.08,179847.66,194064.07,165263.44,170424.25
41093,133952.79,146350.94,146262.77,136998.32,144325.32,139308.78,143157.3,155027.98,147901.95,149649.09,131172.97,151155.23,130587.09,156850.76,131847.17,153075.18,126959.73,143476.12,150789.1,142772.61,150194.8,134705.18,145015.5,141327.01
42101,180152.19,196245.97,188059.05,197260.74,174451.38,171810.26,182213.87,188385.18,187223.6,176708.99,170520.87,193186.46,187306.49,163948.83,194217.29,192878.92,175080.57,179823.6,182667.35,185954.89,181650.27,165951.06,190307.33,192715.97
43102,130454.91,127725.04,132672.84,133947.07,133001.39,128709.08,136252.85,134927.58,128145.52,142268.01,127478.69,142438.51,147534.66,142431.1,139932.38,123131.27,142342.39,134465.7,136897.18,131739.08,134475.22,128088.12,139326.05,137401.22
44103,130958.69,117523.44,145356.69,147640.83,146777.44,138496.88,144578.78,136832.43,135768.15,134692.81,138382.22,136715.97,131309.62,143605.49,139861.07,142257.86,138703.54,139192.06,139191.02,132821.77,128828.71,126453.14,140798.79,137486.11
45131,159145.44,152621.08,141935.61,150101.14,147287.86,149675.5,151738.62,149878.43,147397.0,158467.21,151239.61,164383.31,146951.84,164022.89,152942.84,166711.29,152923.01,159218.89,138842.41,143079.5,152888.09,161177.8,159768.93,163870.27
46231,152773.65,169751.89,169176.53,172922.81,168088.23,167166.92,163759.94,170794.62,173305.2,148236.21,165197.85,164829.79,161214.66,153863.13,177474.92,168727.11,188627.87,176858.61,163140.38,164010.33,166513.71,150830.6,175416.36,174101.11
47312,140863.64,129934.35,139227.76,141024.05,140537.93,133681.38,133200.86,144372.29,134202.33,141997.65,129581.47,138111.7,141208.52,134371.05,131024.62,147224.04,149970.72,141683.66,139161.02,140622.7,142969.97,137718.87,128734.07,133238.22
48314,128633.51,142230.15,124750.69,141410.32,129979.73,143458.08,141387.91,134711.95,148855.89,133495.73,131261.8,144111.98,132677.94,135397.47,126267.35,136552.47,131107.71,141536.02,137981.2,146395.73,121798.47,139206.83,138508.12,136409.1
49315,137939.94,135205.36,133974.95,144680.79,127959.57,130681.67,146855.37,135418.35,136734.42,138363.96,139120.5,146837.63,127138.73,145194.34,129974.47,149299.46,130003.98,137752.87,136443.21,118961.95,135397.46,128807.6,140219.64,130822.76
50321,179855.77,210977.31,184778.32,182211.21,188688.73,189594.08,184937.51,175085.86,176374.38,176490.42,195664.92,196114.97,189413.13,186815.73,187578.23,187172.77,170776.11,193924.5,176715.32,181925.37,192717.27,181013.03,193010.52,202503.46
51322,133594.61,139537.93,136975.3,146639.69,144784.65,131255.26,139742.47,149397.73,154039.73,153363.28,137717.83,145353.58,143558.69,147872.73,151123.01,147904.15,127651.46,144021.57,125260.3,150371.63,147389.55,149569.51,145968.32,147037.8
52330,134809.92,132717.63,140464.24,138640.65,136713.73,141406.71,135541.13,139543.98,142269.69,136318.95,136504.7,127790.77,139372.1,132067.32,130618.88,126456.73,129282.89,148169.29,135420.28,132720.72,138513.38,137802.05,135820.28,131978.25
53332,184527.15,185523.28,190294.3,195806.72,199968.02,202019.59,192131.46,188404.44,189846.15,207579.12,185052.74,186538.9,208156.87,193225.93,179522.11,186244.4,179104.35,184716.37,194351.34,211802.08,190677.32,175876.55,187872.58,188970.22
54339,125343.21,131388.12,127913.85,129752.38,121811.46,121325.49,140748.5,126354.83,129682.58,121270.86,137497.53,135556.06,123168.54,134915.22,137572.28,130011.44,132635.58,143937.36,125421.55,129302.5,126219.7,130874.33,119788.73,128038.26
55340,106885.41,109003.21,121236.46,116576.99,113781.35,116163.87,109009.72,111528.13,107330.2,119000.48,116070.23,118720.11,114584.09,113943.23,119371.14,113510.97,109043.6,114619.45,118790.68,120657.51,109462.93,109705.07,118839.84,115436.56
56349,67878.88,72919.95,76729.26,77756.68,75649.65,69467.93,74210.17,71138.61,67246.78,71152.47,73378.32,70662.29,72416.31,73854.28,77617.34,77238.2,79942.03,73048.99,71353.97,70491.8,68284.89,74320.8,69418.96,72750.07
57359,92240.96,91284.04,94531.71,99858.23,102204.7,91396.73,96580.47,93354.69,88714.85,100815.54,91100.96,96054.95,86000.85,93823.53,98311.37,92153.5,96251.41,97884.3,95783.59,90128.15,94400.94,84311.76,91711.08,91608.0
58369,90954.89,105831.73,100365.92,97824.12,98316.22,94885.02,96365.49,88254.73,102779.77,96079.86,96660.26,103902.13,95004.07,103515.63,101115.54,85305.6,103107.08,88589.92,93908.75,98384.27,98198.5,90232.57,97934.07,94769.85
59371,132162.06,125068.64,126574.23,108241.42,124751.34,136260.78,128644.2,128878.76,121922.01,123021.62,129393.1,124955.85,131190.94,128726.92,129720.37,122306.13,118143.8,122143.1,115194.32,125062.84,125699.04,113733.4,120788.86,121560.49
60379,184036.2,167829.12,180247.23,188068.55,168303.53,186211.76,189399.41,175494.61,186982.6,184175.91,177542.93,161184.41,185181.55,173715.85,170497.99,176983.55,177618.46,169074.93,178093.38,176307.97,179312.14,185318.36,185893.67,185625.73
61380,138714.71,131535.74,136647.25,125414.99,130338.72,146389.64,142865.86,133230.02,129433.23,152005.75,135059.51,143539.49,143752.06,124571.64,136448.1,144266.82,135981.51,123831.39,128807.61,130205.62,147956.41,135557.63,144785.22,139394.46
62388,125538.04,141742.79,130502.86,120628.74,133761.68,116512.47,128898.42,133774.47,139599.32,130753.7,127849.46,136254.41,126520.61,138915.22,122206.1,139772.27,135918.51,127395.59,129336.66,120995.82,134862.26,131170.32,135141.11,124058.15
63398,151693.21,156020.82,155600.76,169297.29,157987.9,163687.07,175935.39,154745.96,175569.12,163286.97,155440.03,167083.26,163521.19,163204.7,162388.66,152290.76,173539.75,165703.78,183258.91,169813.41,154230.87,154943.71,168144.67,176680.92
64407,126079.4,121465.82,123455.65,129135.59,130710.04,118724.67,111341.84,119961.32,117030.58,124920.54,109421.58,127607.0,129506.02,125852.49,118721.46,124198.14,127212.51,117662.19,116175.13,121597.01,115786.7,126532.37,119675.64,134094.01
65417,141044.14,140070.44,145725.42,138501.47,129662.52,138682.19,126355.88,134204.31,136083.71,134749.94,134346.13,136551.24,132306.38,141392.0,136816.85,134788.77,128818.53,132846.06,134648.48,139543.31,136193.97,143682.15,140843.94,152409.29
66427,218837.11,219755.86,213956.93,181140.16,219609.15,219297.82,215937.24,205444.24,181817.43,203638.13,197701.97,209596.67,211145.42,205615.8,216609.12,201158.48,192418.36,209373.5,209981.22,203392.82,200057.15,209625.0,199234.15,181603.39
67436,142135.58,158777.06,148488.31,157813.97,141241.69,141068.57,150510.82,149522.56,136070.19,136629.03,140602.93,154415.44,151857.38,140390.29,149292.51,152974.93,151350.08,156192.5,142519.99,154277.24,160658.54,145435.2,148135.66,144745.12
68575,162315.04,179039.01,187711.44,179785.63,172512.31,178280.46,165446.59,154798.64,163257.08,184189.33,175387.53,182409.0,178238.39,180972.58,168581.27,169012.75,169006.27,158710.22,158809.08,170712.2,169431.42,164105.23,153971.23,170021.71
69585,127694.61,126356.0,124753.8,133285.7,130475.52,117142.77,117585.93,122799.17,128897.56,134304.5,130405.26,136257.33,130280.22,127786.28,120562.56,123566.91,126800.03,133935.29,129463.79,115891.81,128739.02,126552.36,131908.06,127327.37
70586,147768.7,141030.92,134469.18,138521.43,145829.86,156020.57,151213.96,143628.49,138511.84,145623.25,141319.01,154061.61,135621.96,151966.81,144640.96,134080.41,137916.02,134627.72,140312.36,145343.77,143672.2,158689.87,147766.53,145395.09
71657,148011.86,162025.76,154945.44,147239.39,152259.8,146409.11,148557.44,145006.83,153676.41,145810.92,148547.97,146340.73,131901.22,150339.34,144522.05,139005.44,147918.9,146585.09,153983.12,144554.74,150385.96,147128.97,130566.5,165592.38
72827,197863.74,174679.78,175410.49,186679.49,164773.55,172696.69,172928.87,161682.5,191132.63,187818.19,171546.19,173574.51,177257.59,177489.42,188322.12,164501.08,184654.45,166150.4,177104.32,179864.94,188177.79,170739.98,168169.5,182987.19
73837,138554.52,157504.77,139987.16,141356.54,147916.61,147486.27,140648.54,148356.23,143710.58,156058.25,133100.49,136040.05,142558.85,137650.54,142774.47,152372.79,138975.68,129521.37,148130.74,135214.51,138652.07,146386.12,140864.25,134791.89
74838,131486.52,140871.49,139019.28,131838.24,124558.63,121319.46,140569.99,131985.27,116858.12,129962.72,131964.74,126511.34,129367.94,126881.2,136893.05,128023.69,124311.2,125796.71,143463.7,135021.52,135372.17,112977.94,126518.62,128797.52
75844,155973.68,168028.85,159410.07,160821.93,161489.62,168717.88,164180.55,169019.45,166317.45,170403.84,158253.03,156642.11,160538.15,170297.39,161934.61,179334.97,168760.34,156166.39,161655.63,173089.54,157072.61,169002.45,158858.16,155871.43
76845,143229.7,145646.1,132581.17,136953.02,147069.71,155536.62,147516.56,134705.01,144059.98,127750.66,138426.15,146194.71,145705.55,127736.13,140542.43,131118.34,134086.29,124398.59,135810.87,141603.09,142433.41,139311.77,143919.43,125607.3
77924,186534.76,174333.36,181908.76,183553.6,185251.6,175511.15,172216.49,174022.89,191200.85,173293.33,169002.2,188753.54,186372.69,166046.04,172658.74,183772.39,171244.4,190900.41,171644.5,194865.83,187504.2,182192.83,177751.8,181010.43
78925,147202.33,142470.14,125771.76,150413.56,135190.44,134437.28,142414.31,136644.82,140475.94,134441.71,137255.48,128035.89,140378.04,126580.79,137474.85,143754.87,138449.35,139271.46,134837.35,140343.54,132723.88,146493.45,142467.18,137673.46
79926,147948.61,151988.15,163652.42,158212.19,162406.24,164859.64,157062.32,175579.39,163762.72,174383.78,164228.27,152134.23,159029.0,155727.08,160475.19,159077.64,164732.15,149142.79,147478.17,150381.72,153063.49,156358.64,150979.42,158504.93
81004,188652.79,198114.68,182190.45,183979.01,175943.13,185777.63,176857.44,160878.17,183550.56,184828.72,169761.37,178010.37,181922.93,174714.48,170088.04,172477.65,173486.31,182758.11,183756.74,169242.66,175145.74,195892.69,167717.39,172376.62
82005,157573.74,159621.43,143525.36,145234.74,146309.73,148670.15,127672.93,155384.84,164839.57,142718.9,151469.13,139937.82,157869.42,146446.89,143810.16,137955.62,147600.85,146609.43,135193.03,158974.55,157527.84,141497.4,144390.82,147052.54
83015,189262.37,186817.9,185947.71,188032.2,188242.4,163694.27,175302.3,193876.97,195062.69,171311.55,179687.44,194033.57,188629.54,203025.73,184872.5,190505.49,192172.5,188252.42,191127.13,207634.62,201821.02,210936.66,190344.21,187291.43
84025,137469.12,153633.75,145010.59,139404.84,146871.72,164815.74,137100.39,135335.04,156927.75,152502.23,134622.83,164335.93,152267.69,138300.47,164806.79,138565.25,149801.4,155608.5,139587.98,135013.78,146982.0,150962.84,144979.13,144203.24
85026,124161.86,114913.44,130916.32,120182.53,116176.46,128402.8,129510.12,121054.99,118518.65,128678.21,119035.61,135462.11,127381.0,130697.91,117745.09,126704.99,130560.37,119697.83,128092.66,132441.66,128756.64,119691.73,126224.61,125566.77
86027,140684.92,148548.17,126670.09,149813.54,128565.15,138557.09,139090.17,146671.28,122054.41,134261.73,138244.42,143878.38,146798.41,145616.64,140489.05,130536.65,129567.28,144823.29,138315.71,141708.75,141964.35,144064.97,128933.54,136965.43
87034,171262.24,180238.58,194675.41,183898.48,183601.75,176735.96,171550.29,169579.68,188205.85,188059.99,177159.6,179429.22,169774.15,177234.79,182613.66,178502.66,167371.04,175780.15,172389.43,182116.73,194031.85,184865.0,192485.82,177224.56
88035,141976.32,138478.76,131604.05,139738.27,141030.65,140279.41,146005.65,142936.87,144035.26,142420.35,149110.76,142221.67,134393.11,151609.86,144992.4,147004.63,141951.92,127634.31,142827.17,157711.98,142783.8,150034.46,162855.57,135599.37
89036,163126.31,186900.15,192836.55,171858.27,189506.7,187061.28,189034.25,199602.39,188423.31,182870.95,187792.62,187850.24,190042.0,180558.58,189354.31,182345.67,173068.28,184042.66,177081.06,173504.1,174489.33,179032.16,188288.22,175065.05
90045,182008.21,182310.79,179971.01,175176.14,180379.82,179143.06,186032.8,182791.13,183256.02,177312.04,189890.04,178813.21,176615.13,181627.3,179272.4,184494.47,172636.25,181604.62,176611.29,178335.24,168504.55,168475.67,197626.27,190539.72
91056,146791.57,135213.82,137060.26,148213.38,152663.33,155935.3,143363.35,131506.56,143713.8,141178.87,148111.06,149063.53,150510.66,146604.65,141961.02,133341.34,141931.32,141824.57,147904.35,148579.04,147345.86,138165.99,153928.16,141302.05
92155,179551.11,186640.14,190008.98,169904.76,174486.98,186415.55,179409.37,184740.18,170778.83,182018.39,175969.35,179144.54,170573.01,182626.99,181497.85,176605.5,173308.25,179602.51,167895.78,168218.67,180856.82,173380.64,197531.86,184788.25
93157,126927.81,125401.51,129029.62,124599.49,126249.06,130817.68,143009.36,127799.99,138153.95,122236.69,130363.4,129666.46,125373.88,129679.65,129854.12,139877.94,129932.79,123053.24,133739.86,124192.47,143927.1,135527.4,117415.15,135458.13
94163,139856.79,133119.02,141732.47,140704.19,134855.27,148562.87,131785.89,140016.19,155474.31,129529.28,133572.65,149400.09,129461.98,153369.51,142512.24,141185.16,122012.76,144593.6,125099.95,151145.76,137994.74,142021.9,134959.77,139100.16
95203,167012.52,189686.76,173139.4,166474.49,183801.37,173208.41,156332.71,182941.99,177052.44,186002.19,181188.16,158042.35,173925.3,172622.59,176890.5,161540.77,174471.81,182105.54,169480.14,177398.75,183095.86,177830.57,169210.83,178075.24
96204,153139.37,158350.27,158210.21,155056.55,148044.11,162052.44,149219.76,150712.88,163688.97,151926.22,150919.89,148917.35,152763.39,154682.03,154118.45,154072.1,160866.63,148497.06,137792.39,151243.53,152000.5,145378.28,166733.58,149086.59
97205,139503.21,125925.0,128674.54,135252.68,129477.27,134390.31,132204.78,120146.54,131730.95,144687.17,138966.39,134587.64,132112.5,132519.11,130100.68,115847.57,143312.93,132317.05,136452.4,140206.9,128263.61,133873.08,137314.84,124154.36
98213,126111.05,139505.36,149789.19,144780.72,141238.65,139078.13,128326.6,144627.69,144785.98,139002.48,143150.3,144593.5,126873.8,132105.33,143210.82,142432.43,133016.05,135469.67,133771.12,133643.04,143478.46,148564.71,143952.28,128007.61
99214,128988.21,131446.28,127075.37,139433.37,130507.63,126325.87,137196.15,140136.83,126602.67,131494.05,123673.73,130816.96,131631.64,140656.2,132596.43,124327.64,131476.44,136096.36,135087.85,141952.22,132607.19,126344.34,136898.06,127928.87
100215,139196.75,149503.41,134739.56,131891.37,146765.35,133100.57,143517.36,134825.81,137369.46,142908.09,135462.21,147743.27,137234.11,153244.53,134826.57,140777.47,148918.36,132050.86,135843.5,142373.76,146254.12,138264.58,149621.96,132198.88
101223,125055.15,125313.51,131250.86,127139.19,121045.38,123192.7,117739.26,129406.76,126331.62,120698.61,117606.1,118226.67,118563.0,126652.64,121150.5,113331.49,119771.02,124757.73,130614.43,132052.23,120932.16,121379.04,130640.62,126101.31
102224,172621.93,168778.74,176843.3,170307.84,174003.05,183140.1,179038.72,182284.53,186800.38,173305.16,185112.31,182780.16,183615.58,177439.8,164994.52,183733.28,164375.78,190959.82,173066.45,209062.73,175901.23,186923.21,187691.27,180918.26
103232,187890.23,164490.51,167264.79,171782.76,183510.4,181950.86,182703.14,188501.65,172458.69,178229.81,176866.56,177128.93,178217.71,171171.62,184900.97,184703.87,170099.21,168515.17,175481.01,174957.47,183172.13,184394.68,160848.47,172173.85
104234,125601.82,129249.71,139112.02,121673.21,130388.19,128483.32,119062.4,127789.02,141969.28,123352.01,131335.85,136725.41,140775.05,126483.52,136668.22,132126.49,130440.75,132954.76,126734.48,128546.19,125285.25,120134.67,120109.05,139096.59
105241,569.95,561.41,589.91,540.71,523.47,532.67,525.64,611.97,531.48,543.19,569.56,564.07,584.15,557.81,597.25,550.07,559.35,602.61,596.69,562.45,626.19,563.79,548.99,560.51
115165,55038.58,55747.16,55073.55,57228.26,53455.5,58263.84,59949.69,59518.11,58967.58,60382.4,57403.35,57979.24,57394.41,54210.98,59962.04,59232.21,55287.81,58469.15,53831.7,57754.4,56645.73,52330.19,56568.82,60282.75
116309,1711.88,1669.09,1709.95,1632.29,1732.73,1694.18,1655.36,1745.5,1564.73,1921.91,1771.3,1711.02,1724.14,1695.87,1689.6,1808.94,1799.33,1644.0,1688.93,1532.53,1793.91,1809.72,1569.5,1581.21
117388,1537.35,1521.79,1530.89,1568.46,1556.68,1503.75,1473.86,1601.07,1733.71,1654.03,1745.45,1636.75,1543.13,1463.06,1586.13,1561.24,1610.49,1709.86,1701.17,1580.21,1540.61,1542.27,1588.41,1420.38
118568,1536.01,1514.79,1754.12,1605.66,1616.42,1491.08,1597.59,1605.41,1552.25,1470.14,1559.38,1433.45,1551.21,1610.21,1526.82,1596.27,1575.52,1666.96,1486.75,1474.71,1631.47,1571.09,1644.01,1536.15
119748,865.23,918.89,813.0,864.23,887.34,868.79,890.18,859.87,865.99,798.14,892.81,871.47,842.51,889.96,843.86,933.98,860.66,823.27,894.31,885.92,833.7,870.55,795.89,863.77
120828,1999.16,2126.74,2026.76,1950.8,1982.83,1952.52,1977.18,1980.11,2153.35,1929.31,2067.34,2108.83,2119.64,2083.81,1937.25,2030.08,2124.29,1932.64,2319.94,2034.04,2128.07,1969.93,2085.0,1942.84
121967,1689.7,1879.3,1769.33,1646.24,1604.78,1746.33,1673.35,1590.87,1782.68,1681.5,1721.76,1874.82,1625.37,1728.79,1812.93,1772.25,1594.96,1792.49,1660.74,1748.37,1808.08,1700.09,1626.39,1676.76
123547,1286.99,1284.43,1379.49,1272.88,1275.5,1324.77,1185.52,1225.44,1267.72,1348.36,1337.47,1375.96,1234.46,1187.76,1258.26,1275.96,1331.4,1254.44,1229.04,1409.4,1298.38,1368.56,1156.51,1300.29
124987,1078.53,1111.95,1093.14,1088.29,1213.34,1103.61,1121.13,1072.5,1016.07,1005.8,1168.02,1010.13,1155.81,1141.97,1099.21,997.43,1049.75,1136.57,1196.94,1027.78,1180.6,1105.96,1077.38,1100.51
126246,841.02,850.85,810.47,913.92,895.47,959.21,941.14,963.96,889.8,831.56,836.41,927.63,902.87,912.45,831.93,928.81,819.3,906.16,874.36,800.83,864.7,889.06,871.31,830.85
127266,1208.18,1106.88,1096.33,1042.34,1076.84,1112.83,1036.7,1069.51,1191.33,1104.4,1075.61,1155.6,1148.52,1150.34,1169.92,1188.02,1151.92,967.82,1105.92,1161.12,1118.05,1070.97,1174.0,1055.95
128526,2556.67,2519.76,2525.44,2481.35,2541.63,2591.51,2675.66,2627.26,2730.07,2425.24,2727.37,2496.0,2461.24,2401.47,2577.93,2459.92,2503.32,2420.73,2467.83,2458.32,2700.72,2643.59,2546.91,2490.15
129626,2079.95,2009.19,2138.62,1960.97,1890.97,1892.11,1745.03,1884.4,2206.79,2009.54,1995.76,1992.98,1748.73,2005.97,1983.03,2083.7,2193.86,2059.41,1967.98,1886.86,2109.26,1900.39,2001.2,2130.98
131008,16657.86,17087.16,15941.33,16814.83,15462.3,18415.47,17238.04,16213.13,16514.45,16672.81,15483.49,16203.7,17417.34,15721.12,16341.84,15879.91,16499.88,16805.69,17399.85,16251.33,15062.2,14563.77,15802.72,14591.53
132147,14939.53,16434.82,16693.29,17682.93,15862.65,16148.99,17219.65,14808.78,17074.51,16156.83,16104.66,17152.05,16789.47,15092.18,16724.0,17492.74,17178.92,15948.38,16691.7,16435.29,16476.69,15938.41,15551.62,16896.67
133177,8886.96,8250.19,8389.29,8754.64,8899.66,8976.51,8583.74,7986.07,8015.17,9259.78,8635.39,8980.13,8887.83,8198.11,8047.88,8307.46,8695.34,8556.0,8393.2,8182.02,8905.35,8173.59,8989.34,8976.93
134566,13743.24,14573.46,14691.29,14701.75,14193.71,15014.27,14618.88,15496.5,13126.79,13501.08,15044.04,13879.33,14323.62,14519.4,12907.27,15604.34,14064.94,14047.6,13991.08,14533.02,13845.27,14149.51,14146.93,14566.42
135576,13208.07,12725.54,12344.42,12826.15,12203.8,11793.64,11640.64,12514.02,12330.4,12005.47,11644.34,12060.64,12335.44,12683.25,11234.94,11265.84,12110.92,11066.87,12758.24,12844.4,12077.81,11458.5,12282.15,12947.39
136727,20684.86,19155.42,18601.86,18724.06,17579.08,18254.56,19109.12,19962.59,19279.8,20970.26,18598.07,19457.05,18497.49,19692.1,18562.69,20253.66,18840.9,19765.16,19291.19,18876.48,19531.61,20000.04,19322.44,19136.36
137736,15960.48,14732.03,16188.72,16763.11,13758.97,14865.17,16430.05,15490.0,15160.76,14747.97,14716.03,15397.64,14340.77,14025.54,15473.45,16509.77,14485.75,13644.3,16103.47,14957.59,14665.55,15903.72,16312.44,15719.81
138766,13395.77,13333.36,11663.41,12118.97,13085.88,13138.59,12615.65,12616.77,12204.81,11833.02,11581.72,11768.92,11802.13,12735.64,11842.78,13472.27,12680.29,12004.56,12044.81,11077.37,13295.39,12312.85,13359.89,12746.22
139796,15910.24,14803.76,15376.81,14685.43,14846.68,14162.43,15322.86,14228.32,17007.08,14815.53,15487.24,15778.36,15363.22,14970.42,16257.42,14563.71,14255.39,14882.11,14860.9,15785.1,15429.33,15949.18,15181.47,15002.71
140826,13728.97,12719.35,14992.44,13665.85,13217.92,13665.64,13066.13,14723.5,15121.97,14313.7,13751.7,15084.42,14670.95,14587.41,14465.16,14286.85,13568.06,14429.02,13455.42,14397.1,14802.89,13793.67,13284.35,13502.38
141827,17788.95,16351.81,17323.26,15994.94,16106.09,15839.12,17285.85,15873.11,16216.83,15521.45,16305.11,18325.59,16325.34,16472.07,14747.32,17793.04,16636.48,17840.38,15775.28,17316.7,16815.89,15506.53,17912.56,17598.81
142828,10905.95,12430.33,11707.72,12863.96,11389.51,12433.48,12204.54,11814.47,11858.65,12095.94,11741.65,12594.56,12985.05,12056.75,11967.77,11752.74,12630.39,10804.18,12631.52,11636.87,11693.58,11597.63,11966.03,11755.22
143846,11211.27,10391.29,11112.15,11437.87,10535.28,10387.64,10643.09,10869.52,10457.21,10339.54,10959.95,10644.79,10800.27,10381.01,11599.85,10076.19,10322.77,11573.43,9930.89,11353.42,11274.59,10229.51,10298.47,10137.25
145106,11600.18,12572.38,11777.98,12116.08,11848.05,11424.3,12582.2,11423.5,11455.79,12683.22,11636.22,11733.17,10917.35,11054.76,12223.77,10679.02,11672.26,11690.62,11877.01,11082.04,11416.71,11807.12,11060.81,12720.05
146146,11789.0,12031.47,11438.99,10949.53,10445.62,11918.48,11791.32,12124.73,12440.05,11307.37,11655.0,11207.93,11231.38,11201.39,12141.49,10095.31,12683.25,11072.39,10379.11,12090.5,11862.11,12368.3,11022.62,12101.11
147156,8333.76,8937.19,8158.13,7981.17,7738.21,8324.52,8059.69,7731.97,8093.88,7139.64,7906.94,7798.77,8496.93,8630.35,7778.65,8563.38,7960.4,9015.23,7792.58,8057.25,7928.54,8518.94,8033.26,8281.26
148228,14460.15,15211.41,13706.45,14740.98,13493.75,13550.99,13923.95,14109.12,13486.37,14790.32,14981.26,14538.06,13887.0,14967.34,13780.91,13480.6,14342.41,14164.38,13944.65,14647.6,13787.38,14436.05,14391.4,13255.28
149246,12271.65,12391.24,11580.91,12073.79,12300.91,12465.8,11331.73,11830.21,13689.91,12192.12,11702.34,13246.81,11257.66,12317.79,12433.33,12518.84,12337.65,12781.38,11763.72,12422.42,12053.8,12491.09,12960.7,12936.47
150276,17041.64,14232.62,15908.32,16469.41,14704.66,14487.9,14477.05,15763.32,15025.99,14717.18,16022.18,14101.58,15152.76,15947.87,15773.96,15153.12,16899.81,15057.46,15331.26,16281.17,16090.06,15435.37,15167.79,16184.94
151306,16049.98,15036.23,15918.63,14825.66,17459.68,15345.63,15323.76,15336.02,15887.2,15367.51,16186.32,15520.32,16116.42,16714.25,15700.96,14131.08,14739.48,17093.51,15516.01,15721.7,16596.32,16266.15,15650.39,16438.25
152326,11912.93,12051.97,11733.9,12808.09,11913.41,12937.83,11136.5,12248.01,11954.35,11108.84,10546.21,12055.44,12001.19,11650.02,12939.98,10616.15,11820.41,11846.56,11430.32,11781.51,11885.7,11312.14,10839.1,11184.34
153346,11968.13,13416.36,13418.55,12237.54,12598.22,12978.92,11804.9,12366.96,13094.05,11501.08,10982.65,12805.0,12863.12,11642.9,12012.98,12283.4,12227.94,12799.65,12653.46,12200.13,11775.6,12518.35,12581.7,12758.24
154406,19958.97,19404.22,18335.59,17897.72,18774.18,18541.38,18839.39,19073.18,17529.71,18894.13,19207.7,17839.79,18041.98,17506.46,18871.98,17670.95,17163.21,16141.5,19096.84,18487.28,18277.42,18601.15,18861.25,19223.25
155426,14056.54,14267.58,13326.82,15099.12,14098.98,14288.11,13269.7,13862.53,14081.4,14773.04,15101.3,14149.53,13637.17,13266.46,13787.65,14642.22,14881.89,13529.26,13314.53,13959.01,14729.6,13479.31,15151.02,15315.53
156486,16751.45,16521.46,17291.16,17524.17,15974.51,16944.44,16002.69,17200.73,16622.52,15429.85,17323.07,16061.04,17315.79,15242.68,16315.03,15722.07,16448.37,15369.71,17081.85,16199.49,16319.42,16513.88,16383.25,15382.43
157495,12092.29,10886.72,12047.05,11073.37,12117.01,13298.18,10994.62,11686.83,11019.72,11955.48,13417.49,12014.77,10915.76,11858.19,12068.69,10942.54,10569.11,11411.43,12308.28,12252.54,12582.66,12492.25,12231.66,11988.38
158515,11429.19,11490.01,11127.5,11379.16,11249.15,12478.79,11818.38,11738.93,11846.12,12669.11,10864.6,11686.91,12117.5,11433.62,11274.86,11880.46,11309.15,12328.88,10196.75,12286.15,11035.68,12128.28,12816.5,11049.05
159546,12130.94,12549.18,11407.98,12100.68,11059.94,11196.08,11239.5,11840.99,12738.34,12284.78,10735.15,11533.28,11908.93,11530.47,10906.95,10895.69,11759.39,10847.22,11337.35,11333.88,10572.54,12269.05,12167.3,12111.33
160586,13114.73,14409.09,14276.57,13735.98,13925.4,14025.28,14124.15,13898.03,15058.19,13777.58,13403.44,12903.16,12538.5,14439.52,12870.74,14862.92,14365.85,14545.49,15176.43,13902.81,14083.67,14397.05,13917.0,13753.48
161615,7882.68,7703.7,7474.84,7474.32,6914.79,7667.16,7609.82,7699.38,7548.52,7472.19,8416.08,7739.58,7300.85,7154.09,7878.77,7612.47,7595.06,7789.53,7629.32,7828.76,8155.71,7514.7,7629.74,7201.29
162616,10941.51,11089.54,11748.2,12140.02,11189.52,11161.12,11777.45,12275.75,11391.68,10764.7,11349.79,11306.81,10540.56,11496.91,11251.0,11932.31,12627.32,11173.51,12006.05,11738.18,11258.72,11600.58,11164.74,12551.15
163648,11452.97,11092.3,11233.45,11382.09,11801.63,10906.38,10558.32,10737.62,12354.94,11458.04,11651.63,10559.49,12024.16,12321.31,11787.48,11607.06,10931.12,11963.56,11636.07,11860.0,10997.36,11716.09,11446.67,11083.09
164665,16477.13,15788.8,14389.55,15308.89,16572.32,15644.84,15943.54,15331.49,15075.26,15659.02,15765.12,15818.9,14972.61,15035.44,16662.58,15782.47,15257.94,14586.71,14381.89,16622.27,14504.85,16275.17,16388.36,15622.81
165695,14662.78,17492.61,14879.42,16198.91,14136.56,15292.57,14992.33,16722.73,14006.69,15191.52,15748.11,15399.86,14756.57,14999.41,15064.2,15467.84,15455.38,16069.8,16562.09,15466.61,15528.68,16117.96,16452.24,17045.23
166716,14838.43,15514.56,15631.06,15660.97,17208.63,14154.57,15492.89,15750.21,14425.71,14420.85,15860.21,15996.02,15268.43,15139.31,15537.76,15826.75,15153.03,16324.16,15704.58,16006.14,15946.98,15413.4,15645.17,14157.82
167735,14324.64,15706.12,15793.87,16055.58,14213.07,13969.59,15957.88,12717.69,15244.56,14812.48,13813.5,14819.4,15605.21,15594.02,13910.59,14862.08,14949.17,15038.59,15511.12,16939.6,14818.38,14527.84,14516.79,16074.21
168756,15197.25,15790.47,14540.98,14333.55,13575.43,15723.7,15941.38,15304.17,15000.55,17211.65,15133.76,15456.06,16044.0,15784.98,15550.82,14726.23,15397.49,16711.97,16667.78,17048.81,16171.9,16273.91,15632.09,14322.46
169786,15712.74,14844.62,14976.19,17022.14,16534.19,16294.86,14592.26,15524.54,15910.41,14071.68,14677.97,15134.01,14494.36,14760.92,16299.53,14888.14,14084.93,16058.48,15429.76,16493.53,15018.2,15891.18,15935.08,15330.98
170815,14654.96,14359.16,16128.17,14389.25,14738.93,14917.64,15066.03,15341.55,15142.67,15665.48,15628.22,14688.17,15314.08,16140.03,15292.55,14003.23,15549.09,15916.68,15412.11,15510.09,15011.76,16630.12,13927.44,15775.15
171816,11621.3,11773.66,11617.76,11347.29,11890.23,11987.75,12182.21,10424.33,11336.16,11039.68,11821.73,10974.17,11682.2,11939.55,12869.99,11214.27,12190.76,11770.52,11339.63,11494.01,11978.39,12971.19,11209.38,12149.38
172835,15706.04,15575.24,14220.81,14985.18,14282.18,15472.15,14564.33,14780.48,14319.71,15385.39,15263.38,15256.63,14667.19,16509.36,14286.26,14846.38,14839.26,16211.32,16103.21,16498.01,15094.45,16129.18,15437.92,16121.43
173836,14694.27,15737.85,15427.88,16789.87,15170.41,14721.86,14123.26,15154.41,14828.16,15256.39,15866.02,14022.21,15444.33,14992.5,16148.5,16445.47,14579.64,15313.38,15058.21,15939.73,14507.08,15407.33,15210.6,15165.25
174855,14863.95,16437.0,15091.43,14551.33,16422.04,16148.18,16481.08,15880.73,15593.04,16231.6,16670.41,16037.79,15046.45,14781.92,17104.69,15872.08,14389.62,15460.28,16240.29,15455.91,15088.92,15450.92,15117.34,15671.23
175885,11273.88,10927.51,11496.0,11394.47,10745.37,12196.13,10939.49,11963.15,10733.88,11260.64,11277.46,11146.67,11211.36,10875.12,10815.84,11096.48,12298.0,13098.48,11290.25,11010.02,12300.17,11982.72,11495.4,12041.86
177004,14719.36,14794.97,14469.29,13671.75,15348.02,14616.35,14703.99,14942.73,12802.29,14511.07,15419.01,14762.3,14618.73,15026.45,13927.12,14033.59,14066.93,13809.02,15032.53,13472.53,14343.58,14181.55,14130.11,14712.57
178126,16253.57,15989.67,18132.98,16340.26,15616.14,15763.2,19119.45,18054.85,15289.94,17038.35,17769.81,16617.05,16251.85,17872.65,16777.59,16971.48,17724.74,15940.53,17372.49,17449.0,17353.53,17083.9,16888.86,16979.45
179154,15471.27,15543.66,15764.52,16068.79,16179.88,16461.86,16257.43,17507.83,15796.71,16962.47,16132.8,15082.18,15454.53,15750.82,16228.42,15581.16,15492.47,15767.92,16093.62,16696.29,17166.21,16753.06,15597.54,17318.71
180164,10963.36,10967.59,11586.35,10504.71,11094.64,10953.12,10483.5,11304.65,9968.74,10984.57,11078.38,11530.42,10772.89,10430.6,11316.97,10542.08,10884.99,10253.08,12008.45,10824.41,11418.71,11950.42,10920.41,10539.55
181174,16764.95,14653.68,13091.5,14534.14,13657.49,16210.8,14511.84,14209.85,14987.56,15383.79,13869.75,15378.78,15803.86,14715.86,17894.96,15197.14,15410.83,15502.66,15794.75,16174.27,14853.94,15072.56,15783.55,16312.06
182184,10281.78,11722.86,10878.52,10888.89,10901.33,11136.12,12491.37,11629.8,11357.57,11920.93,11204.04,11102.19,10754.95,11310.02,11271.5,11705.59,12266.21,11748.52,10546.73,11432.64,11186.72,11557.76,11432.72,11286.03
183194,11672.57,11227.41,12213.82,11307.12,11962.47,11513.96,11846.06,12735.74,11920.3,11970.26,11569.18,11189.73,12627.73,12233.81,11483.61,11303.14,10947.52,12304.46,12261.23,11981.29,11646.37,10349.75,12187.7,11224.76
184224,8577.86,8492.19,8906.64,8852.92,9546.96,8476.89,8081.9,8651.68,9442.58,8936.77,8970.49,8276.67,8307.25,8240.25,8688.25,8726.56,9354.8,9155.05,8924.7,8148.88,8832.92,7766.7,8203.69,7734.54
185274,10829.51,11176.66,10493.2,12117.76,11765.56,11536.26,11286.18,11457.17,11723.81,11175.82,12508.86,12268.65,12141.86,11426.66,11214.65,10930.5,11378.29,11460.73,11109.21,11137.03,11239.94,12003.52,10891.43,12397.4
186287,10897.78,10731.31,9671.84,11129.87,11020.99,10301.78,10801.0,10643.85,10855.53,10726.46,10957.01,10235.0,10395.11,10645.24,10253.43,10974.23,9995.77,10593.58,9982.71,10838.49,9842.67,10884.98,9831.77,10511.5
187305,12872.98,12035.83,12340.98,12710.46,12549.49,12114.07,13230.34,12121.16,12220.9,12263.78,11490.69,11984.82,12677.76,12746.69,12453.02,13347.56,13347.41,13182.52,12559.51,13437.63,13260.46,12485.12,13788.6,13017.51
188324,11008.23,11090.9,11502.03,11704.71,13550.45,11501.67,12257.84,11563.15,13009.46,11708.07,11609.86,12685.16,12788.77,12671.65,11612.86,12848.58,12657.46,11550.48,11967.34,12335.21,12036.12,11541.27,12580.1,11839.43
189334,13958.05,15795.9,14144.25,16573.4,15415.37,16982.26,17012.61,14632.32,15857.99,16205.17,14391.62,15804.26,15076.39,15736.24,14273.46,14744.74,14973.73,14725.6,15688.36,13361.03,15331.78,15367.62,13424.91,15670.03
190354,16085.61,15737.06,14941.84,15222.29,15977.15,15357.69,14691.4,16327.45,16211.02,14784.61,15532.9,14697.19,16252.53,14619.35,15243.98,16260.52,14909.49,15393.88,16394.42,14577.96,16305.14,16043.14,14713.53,15775.92
191384,8852.49,8640.22,8779.89,9463.44,10124.05,8868.52,9259.45,9685.01,9005.02,9012.99,8254.05,8295.34,9162.6,9719.53,9114.69,7707.9,9607.07,8492.83,9715.48,8817.17,8988.39,8985.87,9625.84,8690.79
192504,17494.36,18254.58,17378.48,17476.65,16312.86,17189.42,17251.46,17480.58,17158.3,16647.45,16395.91,17094.37,17747.74,17282.56,17039.45,17248.87,15242.14,17971.96,16377.16,18137.22,17431.29,16699.26,17560.09,18926.53
193564,15450.93,16348.08,16773.61,17194.38,16717.08,16210.69,15548.02,16516.55,16064.22,16157.53,16217.11,15497.52,15821.64,16492.66,17133.96,17133.65,16933.69,17079.53,16085.1,16021.84,17333.96,16023.67,16620.33,17329.19
194584,9399.01,9524.25,10347.69,11183.48,11176.57,9639.47,10155.79,9990.92,10036.25,10568.86,10608.55,9926.11,10923.52,9657.84,10285.3,9390.35,9857.91,11011.14,11157.18,11507.22,10883.54,10441.51,10602.09,10591.23
195844,16562.45,15926.28,16141.7,14940.71,14424.53,15036.38,15023.62,15899.45,16091.83,14712.48,14448.09,15024.59,14779.92,15552.93,15020.23,16295.24,15830.82,15188.88,16862.67,15183.27,16981.44,16154.73,16218.57,15804.54
196854,14356.21,14284.27,14548.87,14573.67,13899.15,13838.54,14152.22,14723.61,14832.19,14560.61,13789.86,13642.42,14198.28,14431.19,13457.45,13442.64,12309.34,14490.9,14038.78,14265.09,12958.08,12511.4,14580.76,13078.84
197884,16384.39,15963.58,16199.2,17240.58,15811.71,17446.5,16850.67,16510.73,17343.86,17167.24,14739.9,15224.46,16330.13,15804.18,17844.11,16740.48,16541.3,18514.26,18253.59,16329.39,16358.43,16207.7,17674.67,16963.4
198914,12150.15,11992.78,11398.53,11612.53,12509.35,11626.14,10933.82,11829.12,11306.92,12629.28,11525.18,11678.54,11031.33,11473.61,11264.59,12165.29,11385.43,11750.8,10802.56,11421.44,11489.5,11581.3,11715.84,12086.15
199924,16826.94,14873.24,14671.65,15515.02,14762.54,15548.69,13967.82,14360.84,14362.14,16092.55,14724.73,16518.48,14659.6,15707.21,16163.77,15768.4,14884.84,16210.86,14572.33,14873.25,15002.65,13995.07,16244.4,15661.85
200954,14082.15,14617.28,14102.34,13677.59,15127.53,13532.34,15391.11,13462.71,14444.13,15346.87,13622.39,14681.26,14181.98,16109.56,13364.37,14667.59,13832.32,14982.71,14610.84,14029.8,14754.51,14144.84,16239.25,13286.78
202045,16273.41,16591.7,15654.93,16743.64,17747.24,16391.78,16152.66,15991.79,17635.15,17080.06,16921.41,15680.17,15517.03,15685.76,15823.14,16464.9,16136.37,16907.66,16672.51,16584.07,16834.1,16825.95,14808.66,17389.98
203074,12154.92,12768.68,13033.13,11937.98,12436.57,12134.51,12039.7,13521.62,11518.34,10950.44,12234.69,12388.63,12189.14,11742.45,12667.82,12439.25,11256.41,12157.12,12143.34,12056.2,13127.99,11359.17,12194.65,12825.79
204084,14103.5,16014.13,15211.9,15272.08,14849.41,14594.02,14927.57,15385.93,16273.8,16312.45,13350.24,15751.0,15760.27,16237.18,15689.62,14802.14,15446.06,15459.28,14891.47,15800.48,14843.73,16215.14,15172.81,15921.48
205114,15929.29,15429.57,14632.41,15454.93,16512.99,15005.85,14627.76,15895.52,15648.17,13810.19,16194.4,14721.37,15549.02,14616.8,16302.41,15873.51,14393.74,15721.82,16368.44,15184.84,14706.66,15454.75,14547.69,16641.34
206124,13603.44,13045.01,12769.69,15330.48,13469.7,14884.14,13272.27,12636.95,13382.43,13165.7,12188.11,13036.74,13515.32,13481.77,13299.06,13206.79,14677.92,13693.92,12818.91,13285.64,13562.9,12795.79,14065.03,12851.53
207204,17373.99,17515.44,16533.3,16206.43,17205.42,17597.57,17452.72,18477.65,17542.87,17758.77,17675.43,16561.65,17041.95,17872.28,17491.48,17462.26,18066.47,16834.37,16253.11,18499.62,18513.55,17080.25,15866.01,18480.72
208234,7333.11,7340.09,7314.37,7818.51,7278.83,6927.7,7552.06,7714.52,7386.28,7953.96,7117.0,7538.13,7746.04,7100.55,7941.33,7476.53,7982.09,7383.98,7799.34,7200.23,7505.26,7647.05,7200.24,7567.45
209244,16250.35,15550.18,15135.12,17063.28,16297.0,17526.61,15638.53,15226.72,15420.63,14421.56,15687.8,15398.94,15143.65,15769.14,14976.26,17314.89,15030.82,15475.45,16076.59,15277.18,15039.05,15296.91,16481.53,14002.38
210264,15001.99,14294.4,16289.9,15041.21,14821.8,15909.15,16001.18,17111.23,16463.63,15954.55,16172.25,14829.09,15092.62,17174.02,16287.62,15955.4,14042.18,14922.96,17039.02,17819.74,14661.37,17095.68,16628.1,15636.23
211274,14689.39,13355.47,13051.92,14773.24,15110.22,15110.51,15114.19,14423.86,14556.35,13607.72,14616.15,14549.83,14022.29,15172.78,13665.44,14860.02,15842.0,14577.61,14593.05,15315.44,14200.0,14225.96,14382.84,13563.09
212284,13026.11,13473.39,12888.16,13082.73,11569.92,11962.11,13059.57,12832.2,12702.18,13159.57,13131.55,13488.77,12496.89,13145.29,12573.48,12609.18,12639.28,12347.35,12698.93,13276.17,12677.19,13774.23,13777.15,12770.31
213294,16341.63,15614.0,15591.18,14327.57,15331.63,16816.72,15170.62,14728.66,15815.37,15238.19,15486.48,15491.74,15102.18,16682.37,14663.76,15457.75,15747.33,16980.04,15303.47,15951.05,16706.02,15300.49,15346.09,15562.93
214314,15393.61,15583.76,16724.79,15515.05,16468.61,15926.82,16802.9,14796.02,15165.1,14934.43,14234.76,16017.66,14998.38,14605.28,14937.36,15787.37,16563.78,15214.88,17092.1,13658.11,15738.24,16463.47,16814.48,15270.09
215334,13518.78,11385.6,13119.98,12941.03,13250.83,12798.3,13996.45,12659.23,12370.08,11762.89,12429.0,12417.61,13582.85,12853.75,15039.5,12128.04,12094.5,11614.28,13153.64,12856.18,12990.32,13482.88,13661.18,13101.85
216424,14177.8,15071.4,13938.26,15230.35,15247.56,14805.06,14688.89,15116.86,14622.95,14636.37,13984.24,14656.09,15845.05,14834.87,14648.07,15373.1,14398.98,13573.76,14902.45,15209.75,14976.46,15293.9,15260.9,15203.67
217574,13432.89,12870.01,12230.99,13326.49,13549.33,13451.39,11933.8,11951.37,13437.55,12230.27,12714.73,13943.86,13090.98,13618.68,12215.77,12132.5,13951.42,12958.01,13342.75,12484.04,12546.63,12010.46,12971.45,13186.63
218593,10596.41,12184.55,12124.45,11245.06,12348.22,12037.72,11508.35,13531.0,12366.03,11075.73,11866.2,10984.94,12226.13,12548.74,12307.85,12234.87,12114.52,12462.15,12293.43,12331.77,11158.4,12022.72,11290.84,12416.67
219624,11784.35,11769.75,11870.31,11219.6,11373.2,11794.66,11244.37,12593.41,10134.47,12297.24,11875.16,10777.14,10635.76,10976.85,11643.3,11623.35,10305.67,12366.55,11234.98,12652.1,12510.0,12416.59,11110.39,12275.84
220633,9595.27,10389.44,10085.95,10514.28,10287.38,10834.39,10044.3,10526.22,10498.25,10861.7,9293.02,10032.4,9882.67,10124.63,11828.15,11120.09,10670.59,10121.55,9885.45,11085.35,10929.51,10616.95,10994.51,11030.2
221784,463.78,491.01,504.53,527.41,509.09,509.04,559.06,536.15,489.47,521.34,513.12,509.29,497.06,448.13,494.91,527.72,497.13,531.51,518.93,514.15,490.7,467.38,521.94,491.03
236525,890.95,964.58,964.19,1024.39,1020.32,1015.12,945.28,829.41,983.9,975.18,964.66,1004.74,920.23,897.89,905.22,936.01,932.96,980.1,1020.55,912.8,1003.43,950.15,912.52,984.72
237965,1703.59,1851.94,1835.25,1758.34,1593.32,1794.3,1828.66,1679.63,1788.37,1742.28,1816.45,1801.07,1746.59,1622.02,1629.17,1707.32,2018.46,1762.94,1746.09,1909.6,1926.72,1976.45,1863.03,1837.0
239002,1882.35,1869.19,1887.19,1731.14,1664.75,1722.46,1824.77,1686.72,1822.92,1766.93,1866.71,1897.59,1888.51,1945.82,1920.29,1913.77,1770.01,1737.04,1811.53,1845.98,1803.81,1721.48,1855.83,1899.57
240003,1901.03,2009.64,1847.53,1873.48,1831.43,1897.72,1813.11,1927.15,1813.14,1887.46,2000.81,1784.7,1886.7,1705.91,1945.97,1828.55,1916.22,1938.53,1873.64,1943.04,2020.58,2072.85,1920.46,2032.58
241223,2668.28,2523.89,2554.67,2483.46,2504.96,2568.81,2484.98,2473.71,2509.23,2468.91,2521.28,2757.7,2364.05,2705.08,2507.57,2441.19,2591.94,2615.03,2599.57,2545.08,2746.12,2556.77,2780.89,2599.3
242284,1501.66,1584.25,1496.94,1501.11,1516.97,1481.55,1471.87,1372.47,1375.12,1560.81,1409.25,1500.92,1486.06,1408.34,1497.28,1384.54,1327.52,1401.3,1418.77,1477.23,1499.81,1472.52,1555.75,1576.27
243863,1980.0,1896.07,1849.36,1743.66,1828.66,1973.29,1822.15,1800.14,1839.32,1977.6,1745.8,1990.92,1968.37,1895.64,1774.15,1816.33,1890.06,1948.81,1855.97,1874.57,1742.42,1924.07,1887.38,1837.2
244865,629.95,683.49,674.12,624.47,593.61,718.8,654.76,634.09,702.77,625.98,647.16,656.07,616.82,666.01,684.24,656.76,652.45,569.25,644.45,632.42,643.09,583.78,629.42,605.75
246244,1536.75,1541.52,1420.32,1598.06,1554.9,1535.69,1664.8,1610.29,1681.23,1557.88,1555.99,1727.18,1638.17,1611.17,1664.73,1682.45,1571.01,1589.3,1572.81,1621.01,1662.29,1586.1,1632.19,1559.99
247420,1114.36,1245.94,1273.45,1007.14,1217.17,1144.36,1204.97,1161.68,1207.02,1150.05,1254.58,1214.68,1199.34,1291.56,1272.25,1199.85,1303.86,1107.34,1228.58,1266.84,1177.38,1167.92,1204.3,1125.8
248560,1571.28,1679.49,1777.3,1640.05,1592.38,1649.8,1643.11,1697.98,1455.33,1549.08,1684.77,1669.13,1512.29,1559.13,1594.71,1699.14,1623.82,1584.78,1766.3,1632.92,1691.44,1695.73,1465.53,1629.12
249701,41.49,44.64,40.3,43.16,41.28,45.35,41.13,40.45,43.03,44.79,41.03,45.73,42.4,44.62,41.37,40.64,44.26,42.6,41.15,46.94,46.13,40.44,41.48,41.42
291962,576.36,620.5,642.24,581.93,549.54,553.42,615.36,613.06,632.19,576.36,584.39,615.94,580.79,590.92,561.52,638.61,571.83,623.13,602.83,634.19,612.3,520.95,588.21,550.1
293468,3001.57,3045.68,2932.8,3168.76,3209.17,3350.94,3136.58,2939.85,3527.75,3443.92,3184.34,3124.26,3159.5,3153.35,3356.0,3209.98,3144.28,3093.18,3234.6,3198.36,2978.76,3145.1,3228.73,3111.26
294481,586.17,695.63,740.78,711.74,648.28,655.97,670.61,679.09,693.92,641.01,669.93,684.34,703.56,620.63,676.83,635.25,698.72,720.2,652.35,673.55,786.71,642.04,627.1,721.78
295837,3113.06,3037.9,3188.65,3305.99,3196.96,3012.29,3303.26,3286.22,3611.55,3046.46,3062.14,3041.39,3464.61,3235.6,3182.51,3301.83,3168.81,3233.64,3209.8,3288.5,2839.02,3328.92,3378.9,3522.08
298159,1642.47,1764.2,1614.37,1761.75,1731.8,1636.94,1685.28,1590.16,1717.81,1713.08,1673.72,1605.41,1681.96,1675.06,1643.8,1717.5,1711.14,1516.17,1711.63,1722.68,1618.73,1754.72,1663.68,1609.7
299281,2122.53,2098.39,1912.98,2099.0,1872.47,1826.52,1962.75,2041.26,2077.99,2092.96,2151.59,2125.77,2279.14,2150.39,2046.33,2091.23,2122.33,2218.6,2102.37,2028.57,2066.37,2146.18,2123.72,2132.52
300379,1825.83,1934.89,1966.55,2109.9,2105.37,2119.2,2113.62,1974.06,1956.24,1829.46,2033.88,1930.38,1882.1,1991.45,2025.83,2033.21,1932.94,1911.72,2021.08,1983.24,2023.6,1882.86,1931.74,2066.91
301537,2544.04,2610.89,2512.64,2542.42,2631.19,2441.44,2631.43,2684.72,2597.98,2599.72,2370.73,2529.97,2608.64,2546.42,2489.61,2678.46,2403.97,2492.42,2281.32,2454.8,2469.28,2501.73,2665.88,2415.89
302644,1769.54,1721.26,1395.29,1638.59,1704.36,1721.34,1743.22,1704.98,1659.18,1671.18,1618.81,1496.68,1590.95,1684.78,1611.09,1638.59,1674.52,1736.22,1597.89,1746.36,1558.87,1693.02,1607.89,1676.21
303740,2496.47,2397.52,2528.09,2379.69,2240.45,2425.9,2365.38,2451.46,2600.17,2448.07,2435.8,2454.12,2290.13,2272.99,2477.1,2402.76,2167.72,2242.24,2085.23,2359.85,2389.16,2412.26,2496.96,2264.79
305282,1663.99,1749.89,1509.25,1738.84,1643.95,1707.44,1692.2,1562.45,1593.01,1713.76,1677.54,1690.35,1677.22,1510.9,1768.9,1748.07,1650.81,1704.67,1670.24,1580.17,1738.48,1605.4,1587.17,1703.59
306679,0.0,0.0,0.0,0.0,0.0,0.0,0.0,0.0,0.0,0.0,0.0,0.0,0.0,0.0,0.0,0.0,0.0,0.0,0.0,0.0,0.0,0.0,0.0,0.0
