0,74790.59,66589.38,72223.81,64538.23,60056.57,66498.27,64589.84,65052.6,66531.94,67695.41,60346.49,73576.38,67099.62,63503.34,72216.58,69846.5,64749.67,69551.06,65107.29,69196.9,68979.59,64881.87,66971.78,64640.7
1001,78888.11,81566.84,80618.76,83752.74,86044.47,81898.55,84816.72,85115.23,87918.36,83008.92,80914.13,83203.23,80296.41,80146.39,82778.67,77448.03,81293.28,81924.5,92753.24,85592.92,79457.72,79645.07,80607.42,77520.16
2251,31884.75,28214.43,31690.11,30172.26,32094.17,29920.49,35344.14,30615.24,34901.87,31531.43,31278.54,30120.41,32768.56,32347.65,30746.6,33170.08,34607.06,35200.15,33348.79,32643.24,32334.99,30393.19,30275.31,31244.05
3311,73376.62,71866.4,69438.76,68146.94,67972.59,65725.8,65200.03,73569.3,71841.26,73493.24,72262.76,64125.11,71478.12,68008.31,70277.39,65576.89,76367.89,75359.1,71705.47,71773.58,69986.84,73139.43,73652.58,63972.12
4321,44865.79,42878.74,38296.8,40372.76,39991.38,44524.15,39847.21,41950.59,41586.28,38009.44,41491.99,41576.69,40635.45,41939.86,38690.66,42310.6,39950.04,42803.7,40606.29,44904.64,41402.94,40521.52,43324.16,40081.33
5401,50088.67,45979.07,48642.48,47129.64,45546.69,50919.99,43604.81,46433.16,50377.88,50200.53,46939.41,50035.49,50771.25,49988.63,46427.1,47088.83,44946.65,53403.21,46868.96,45520.25,50390.9,41611.63,48635.6,47228.28
6541,87034.11,89110.96,84050.12,78974.1,93012.69,76798.76,76452.01,77901.95,87454.88,86321.04,87507.55,82507.78,87128.5,76764.61,88921.19,84273.59,82877.36,80743.9,79885.87,81901.28,82351.17,83711.91,81527.23,88176.46
7542,61193.06,62881.81,60375.81,62248.47,66646.37,59258.25,63731.65,60510.33,56792.55,58155.64,62458.52,58863.25,62998.93,60874.78,60945.56,61355.66,57306.39,59925.94,60947.32,58849.69,60918.18,62144.15,61272.48,61967.59
8551,69338.77,67042.48,67091.81,67125.04,64686.39,61604.46,63300.82,69170.0,59780.1,65857.09,63575.95,70596.95,64945.09,68256.18,64795.92,62242.85,68150.21,67469.92,68716.51,66653.04,63128.62,64057.57,72347.93,70737.33
9552,61357.39,63678.19,62158.44,61068.89,60350.34,60598.31,65249.3,62069.28,65800.49,61404.16,59772.92,65347.16,66810.77,66068.97,66517.84,62438.82,55930.28,60431.1,54312.08,61871.6,62325.3,63056.3,64849.19,60927.13
10561,73643.78,73192.94,71758.77,72576.85,76604.44,70958.94,74632.12,81255.59,70190.97,70856.99,71915.38,70663.05,69083.49,72077.74,75824.07,71764.24,73041.39,73017.2,68640.12,72041.15,72619.7,66407.53,69589.72,71872.74
11751,79354.87,77677.06,78645.84,79095.38,82731.74,82290.03,81754.84,86823.38,87091.19,79967.59,82191.72,88400.5,93861.74,86175.73,85823.07,92162.22,88321.76,86712.46,78494.41,79121.13,79844.14,80529.7,79762.38,92800.41
12752,89632.3,85115.5,84457.04,84032.53,80332.04,82549.06,80396.86,77900.78,80685.47,90193.96,82211.69,81978.93,93152.07,86913.48,82546.71,91662.67,79917.23,84962.38,91201.5,91205.86,87650.79,88206.61,85789.04,91286.33
13871,69725.91,63150.82,70630.53,65766.42,62897.51,58686.75,65391.76,60040.31,68268.74,67381.38,61654.25,67285.9,64998.48,65316.16,64609.41,63579.02,65726.96,61503.06,65391.05,70475.43,60958.3,60832.91,67928.04,63341.75
14881,47576.11,42550.8,48497.07,46549.1,47458.18,48351.38,45252.22,45464.09,40959.76,46661.2,49101.93,46012.51,45395.11,43952.21,39916.49,44964.33,48307.69,41219.9,43459.53,47395.94,46950.84,47071.52,42153.12,45455.21
15891,76585.86,75444.0,78291.33,80950.03,85784.42,80691.02,79376.26,77197.07,76906.11,81618.54,73762.19,78978.04,75603.26,80579.02,75577.17,86428.24,87425.14,75085.33,80671.95,77113.92,82987.51,76076.1,79101.18,71530.23
16892,63618.1,60837.36,70940.26,60985.74,59402.07,61408.1,60678.8,65909.82,61906.6,59735.26,66120.94,62305.92,64827.07,61718.69,59730.73,61474.85,61611.97,65526.55,63769.3,70094.32,63951.52,64881.79,65858.94,58417.9
17931,64382.34,63262.17,59196.99,62362.53,64747.85,62853.67,66691.11,63810.89,68775.74,59603.15,67664.06,61768.92,56176.24,65990.25,68023.15,64843.18,61790.6,66679.48,61712.92,66720.2,65397.23,62887.78,62114.39,65805.47
18942,77549.6,86295.33,86122.81,86319.09,91566.69,91004.17,87735.72,84878.18,77322.15,85328.2,76618.47,81623.07,88892.67,84143.18,85035.33,87037.89,87048.54,80702.4,80647.76,92125.54,76483.34,90183.84,90420.91,81794.57
19943,92229.53,96165.6,91073.41,88632.11,92602.53,93835.93,87021.25,87572.79,91753.62,93453.36,94967.05,92502.69,86120.99,92206.16,85647.17,86224.86,84319.37,89543.92,87193.1,86757.73,94869.65,82023.62,88271.1,93100.91
20971,87511.88,83341.52,97765.64,90929.59,85870.94,84517.82,81965.03,86201.18,84466.53,84452.93,88269.82,85058.37,83128.87,82642.46,79081.7,83923.72,76277.01,78597.37,84366.37,83456.51,84443.44,87821.87,82195.21,82594.86
21972,77072.14,85026.62,83863.0,87127.02,82298.07,82018.6,84206.11,81108.77,87130.35,84804.75,78856.09,84667.92,78961.76,79579.76,86232.27,85794.62,84910.67,88324.27,93954.97,80599.23,77893.36,79739.15,80091.13,84893.81
22981,90295.77,84536.62,85384.32,91739.82,85059.96,99403.68,94321.78,95646.4,90179.18,91643.78,86639.31,85028.96,92083.81,81585.12,91667.9,87622.01,90116.95,89055.83,86033.65,89286.28,85525.66,86158.46,91211.1,91077.92
23991,89408.48,88012.14,88913.64,82054.45,86477.24,89097.36,85935.86,86100.36,85709.99,82290.73,84999.49,95992.35,89711.37,86457.19,90864.16,85227.26,91778.15,83605.58,81756.47,83046.76,92205.89,92255.48,93339.49,90561.47
24992,79966.47,89907.21,84594.85,79981.74,82922.46,83427.31,85919.8,84972.92,82460.64,79607.87,88283.27,86271.1,85773.27,83434.13,86572.87,91754.35,88261.98,84455.54,87869.84,86616.28,84987.91,78128.44,77312.79,84699.08
26002,80172.21,86541.43,76978.38,87894.23,85465.23,79782.34,81162.47,83864.91,82907.28,91258.96,85803.73,84952.88,79434.61,79044.55,86509.53,85636.38,79662.75,85685.01,83313.51,78445.13,89460.35,84718.99,82921.56,86252.73
27012,53975.48,48544.5,53739.62,49818.77,54680.45,55585.86,53205.14,52017.96,49375.34,50723.14,47025.89,52810.31,53228.48,47533.7,57113.13,51299.31,51315.39,53608.25,46917.82,53147.69,50367.25,49568.09,51842.75,47479.05
28022,88607.68,94485.9,81983.38,84786.1,91027.76,90773.36,87118.23,92455.3,92399.27,88571.02,90406.07,88789.02,86436.25,84181.24,90940.14,79655.25,88531.66,91166.33,86397.24,86140.12,93627.69,88180.49,85669.91,80507.97
29122,87596.72,85971.65,85631.95,81342.1,86362.0,94865.81,90516.62,89242.88,90514.24,90293.68,89907.66,86542.75,89804.03,93998.92,87865.42,91592.72,87662.71,82710.01,102913.73,91939.37,89976.23,92011.1,95709.43,88251.24
30211,80990.22,76462.21,76205.75,86185.12,85631.12,86824.43,80614.85,80792.38,83257.55,80871.35,83992.16,81453.48,79556.24,79646.9,80873.49,79997.16,84993.11,84193.18,77841.57,82548.84,82002.31,78702.7,72132.15,86173.3
31312,79138.01,82574.87,82302.16,80191.66,88039.6,85264.91,93076.59,80257.97,82885.16,85594.97,84390.84,78439.92,81910.85,86336.29,79112.28,82736.64,88719.15,83683.06,88693.25,77839.45,77109.46,88241.06,80519.46,83220.68
32412,93293.15,97873.53,91858.89,82954.07,100424.26,90828.43,93864.95,98480.78,95316.6,97505.36,89998.46,89477.2,100546.39,91654.65,96309.99,77139.13,88323.13,93964.18,87467.42,96873.74,94647.35,96588.99,95175.93,96049.12
33421,88233.5,82114.54,91586.0,97692.77,87029.3,85698.68,77696.68,91813.25,90077.37,87647.76,84004.6,80881.45,88169.57,90080.64,85407.01,93693.75,83476.8,93515.56,89976.87,84657.21,81617.29,85480.45,86861.11,88606.34
34501,88961.87,86889.35,82012.79,80757.05,73364.88,83827.82,88076.09,88890.01,90827.76,82775.41,86236.85,81124.34,85430.41,83313.45,82480.28,83336.84,86462.49,96260.11,87478.71,87527.41,80864.97,91394.13,89862.21,92054.54
35571,94253.92,95471.09,85887.83,88930.69,82886.23,85650.81,79810.01,83364.27,84168.89,92933.65,88835.48,85149.37,83586.23,84265.91,94431.02,89076.48,94533.07,82303.06,96687.52,94248.62,92526.88,86636.83,81456.13,82290.95
36662,79971.79,80404.97,76933.34,82141.74,79698.26,89112.52,83971.34,78149.77,82766.89,81321.75,75968.15,77766.71,81819.89,80793.4,82932.77,81964.16,84787.5,84152.77,89379.74,82606.3,77912.5,84597.86,82590.86,78406.18
37671,87106.75,80800.87,82271.63,80345.73,79333.36,78623.75,70251.56,89645.21,89663.53,85940.49,85595.85,80280.18,86487.06,86984.42,82051.68,80876.4,84603.93,81781.63,79866.5,85872.18,84413.71,77583.47,86036.69,82865.4
38672,89300.23,76264.85,87441.5,82281.91,83552.45,81384.8,85610.01,84978.7,82753.23,92755.03,85881.31,78294.38,85983.76,78782.92,88571.08,81246.49,82103.05,85384.99,86875.6,76623.75,85838.29,97264.04,79926.82,81003.18
39682,88996.13,83984.28,83269.17,82639.24,82943.89,90997.06,85311.32,84923.67,83263.98,84667.83,92211.33,80034.16,77697.73,86960.17,86344.08,86082.08,86427.64,78066.28,90506.68,86272.4,83382.75,80903.48,86149.56,90224.34
40684,94284.86,87863.36,95181.6,85248.9,93173.11,90511.75,87413.74,94232.58,87723.65,84714.3,90337.8,88528.16,93136.79,98538.8,89921.32,81407.04,83571.25,96162.96,89693.22,96867.38,88668.98,80892.09,94178.72,95635.24
41771,116058.33,108780.32,108262.57,102030.52,105477.35,107631.61,108313.62,98942.16,112352.8,107247.44,108588.17,107071.01,99039.72,113983.58,106505.43,109619.7,110953.42,101272.15,110289.87,103704.48,111597.9,104021.07,112771.94,110084.54
42772,81444.98,84331.02,85097.84,81576.88,83022.1,80199.41,87063.8,82397.65,80630.29,84574.85,88668.38,85343.63,76091.28,82749.08,89579.72,89258.43,85106.21,87953.39,88473.06,82091.37,85599.0,81427.7,84883.53,81612.02
43792,81555.43,80776.53,82990.65,81817.88,75227.7,77263.96,71496.93,81035.91,84879.1,81862.38,76196.06,84506.76,77556.4,81675.88,80519.19,83082.12,83338.05,79037.98,88180.9,79469.24,79744.74,80445.96,78181.42,87065.25
44799,88311.98,83867.11,80639.64,72922.72,81432.01,79198.47,84869.85,79620.67,79145.7,85141.62,78534.94,78847.32,79024.0,79299.09,81141.95,76449.31,77632.2,80760.26,82917.58,80162.25,90587.92,81132.87,86289.54,78786.06
45842,115164.16,104095.17,106185.66,103459.35,107879.09,99612.31,96274.21,103216.59,102909.93,110263.62,95095.48,106145.81,109343.7,109429.93,105571.51,102282.23,95234.03,99981.35,108304.12,109474.9,107106.23,109055.45,106381.89,115399.09
46852,74311.24,77543.47,81473.14,76539.56,78025.37,73758.04,76550.95,76519.25,73307.29,77860.44,84017.12,81990.38,73612.19,81714.82,81927.18,81580.98,80056.36,81674.59,76037.75,81798.87,84361.42,82364.96,76959.45,84230.82
47872,70736.66,70593.93,61402.54,67136.54,78156.11,76366.87,67777.3,72668.29,73498.85,69672.28,71995.97,66912.24,63289.32,71787.6,65723.2,70895.01,71270.07,68388.45,70372.68,73251.26,75762.79,64645.07,70244.66,76219.41
48873,51873.91,59936.21,54002.9,54114.47,49632.68,51385.47,52211.85,54985.63,53796.12,54413.85,54447.5,50062.81,53510.27,48901.8,57917.64,52280.98,47491.33,53110.6,53522.93,51561.46,53553.27,61973.73,54593.58,50715.5
49883,131140.08,127271.46,127078.41,124017.51,120839.36,134584.15,130763.15,133438.0,129857.34,117409.38,125919.2,118376.18,128319.27,116280.88,119978.26,144159.98,130804.96,132729.56,129557.58,127790.91,128919.96,130519.09,133670.63,135974.97
50884,106393.32,104812.9,103651.72,101057.51,116425.6,98953.07,104758.49,111713.17,109682.78,103659.5,109928.94,102146.25,104663.81,108459.15,114937.57,113047.96,102995.48,93923.7,100473.99,90105.73,110704.68,103469.24,106548.68,103159.42
51892,71873.77,76726.85,70493.71,66374.73,76969.19,73960.34,70099.21,76238.12,72951.98,74553.6,72877.16,68804.86,65403.41,70952.44,77253.58,74291.77,70568.77,69630.53,72325.47,69760.28,72563.87,71873.23,67956.7,70161.92
52893,81567.51,77418.82,79334.34,84336.45,82252.34,79435.19,78556.23,82128.83,80962.59,79735.33,84129.76,80230.39,82858.74,93332.95,80223.47,79871.47,76040.05,86158.62,86167.4,85694.39,83254.95,76923.82,80539.1,82489.07
53902,110203.61,114982.92,109537.53,113404.61,104477.63,113898.15,101392.98,107776.25,114728.75,100999.54,109033.38,113042.87,106615.9,106842.13,109092.52,100064.53,105969.1,109457.21,105377.68,113545.25,121808.67,100783.14,113919.49,97768.84
54903,97530.44,107440.01,101282.42,108812.62,100609.49,112746.86,114838.66,103263.38,105146.07,98061.74,105155.34,111765.23,110094.79,111216.09,104876.61,100857.32,120875.29,111182.77,106175.86,99872.13,97456.12,86213.4,107112.15,108276.86
56012,138476.38,128699.36,141110.5,131999.54,146372.08,117650.78,135412.47,114042.36,127390.06,133630.53,138514.93,141451.48,133708.5,132319.27,117051.81,117976.83,131151.31,128396.82,136837.69,140123.06,127230.44,122268.35,131520.35,133926.91
57013,118920.46,130723.21,128157.8,116636.18,115380.16,118783.74,129304.53,106876.4,121627.52,118831.3,118025.13,128281.08,121259.85,122877.97,109706.22,113558.66,125612.31,115731.09,117209.13,117731.0,124456.53,133256.11,122868.41,119847.45
58072,113935.78,109577.11,110764.19,115991.91,105981.85,113609.68,107037.42,111597.08,117251.98,112669.15,119094.81,108091.62,119820.07,109482.03,114453.43,116016.69,101753.69,108981.03,104099.52,104170.78,107787.2,107477.97,102587.05,115746.07
59182,136559.11,124437.18,118223.9,128285.89,122581.09,136960.62,116895.93,112723.53,128559.63,129682.5,135667.1,135350.64,127104.77,116052.79,130459.26,131377.81,110048.48,123740.13,133835.24,121334.96,122125.08,128387.75,118062.5,139073.13
60212,139295.85,129392.16,115284.17,120790.11,132196.79,121669.04,129379.12,129294.92,120142.99,124103.23,122424.73,121486.76,120062.07,128905.38,119884.46,135392.32,121340.08,113440.88,133070.17,118028.5,120404.93,126161.11,122725.81,126820.96
61332,155872.89,134891.1,144718.07,146566.11,138817.92,143935.22,139153.02,145422.84,142545.34,136413.16,143186.07,126614.84,127368.86,140545.58,147560.87,137645.65,120121.3,143955.43,131718.88,125837.05,138321.83,139526.08,140990.02,140706.05
62333,122952.63,122929.02,127529.03,135887.56,130319.24,136853.93,119842.06,125701.86,119160.43,132298.87,129478.82,135526.16,131329.07,128844.08,130876.16,112194.76,128817.94,120128.88,137985.87,127610.72,126518.92,123621.3,131506.22,131330.58
63342,133210.8,129398.24,126996.61,124130.72,136197.63,130089.72,134667.86,136046.35,131714.64,129346.24,135317.09,119104.35,125915.32,128739.66,121918.82,126176.59,130540.92,148335.12,115336.51,133295.42,143595.89,119832.71,141521.52,126371.17
64344,143417.7,126222.46,126998.53,129556.66,139582.3,122177.89,119751.48,139214.4,118999.67,133842.09,117392.36,133266.83,144518.95,132593.41,121513.02,135859.24,125843.18,124551.58,131398.48,118113.48,126773.1,124830.47,133292.82,140109.7
65351,98968.89,89730.33,102805.17,97561.62,105463.69,98107.82,99777.19,99585.1,99181.02,93908.38,103679.28,96474.48,110810.38,108607.45,98415.44,102291.51,100530.41,101217.77,97791.61,106150.31,103471.35,97964.54,91880.87,103491.59
66462,136301.02,118113.7,134731.88,132527.48,133395.65,135983.14,143801.47,120751.8,130108.54,132833.67,130894.81,132887.94,132238.86,136059.5,116897.42,134374.75,138084.48,135140.37,126438.16,126242.36,130849.38,132372.5,128082.79,140281.05
67463,141984.71,135612.73,118460.41,130399.29,119113.44,120911.84,122111.24,120697.98,124676.63,119036.59,130456.84,127207.39,128791.54,121765.71,131587.88,124686.44,125912.48,122285.46,137840.5,129357.29,125242.49,138510.92,129104.3,132398.98
68464,140613.46,136087.76,144784.02,132200.52,141853.24,125133.15,147722.63,140806.39,131766.81,148704.74,138727.39,135745.16,142636.31,137639.92,138382.04,117108.27,134946.48,141998.05,128915.73,136941.73,136456.08,125789.24,132705.45,143343.31
69472,106619.31,131295.43,116561.34,118428.59,119297.57,125451.36,116608.71,122376.21,135260.61,113678.38,117124.11,132090.24,118275.23,119899.15,128036.27,118628.81,121178.68,134219.79,117811.49,117034.43,126983.88,116416.49,124396.17,121739.36
70662,146549.74,141542.44,134177.17,147824.73,132462.51,145218.83,139174.12,142231.06,148890.19,156214.12,147136.39,129902.87,137599.06,139520.71,149410.93,144115.21,141402.2,141910.59,132280.1,149847.79,142273.86,140514.67,140359.24,136126.99
71663,111498.39,113824.23,112999.07,107176.84,112201.65,106210.5,122186.7,107801.61,105326.23,126520.05,113319.65,104620.86,117198.67,117695.4,111819.91,112179.96,116466.46,113898.61,115729.94,108055.47,116545.19,113134.69,109337.66,104037.07
72832,121719.31,111216.29,120340.01,119510.05,115988.66,115206.86,118322.25,114365.76,107847.53,118490.03,115995.25,112814.87,114171.88,107424.02,119543.63,115176.01,107747.38,112349.87,107255.37,105807.57,108959.58,111894.49,111691.16,110048.48
73883,116118.68,126598.76,119369.88,129945.42,125570.22,129101.52,131968.03,121782.87,131358.36,139769.4,126944.42,122855.11,121943.09,127802.94,124538.13,122702.21,135027.6,126407.02,121347.18,132095.34,124316.67,126387.02,120847.02,124927.21
74892,82437.02,91299.22,104056.21,94735.31,100530.63,92049.82,90726.77,87588.71,96771.08,99209.11,91969.32,86643.15,94575.95,93138.01,90341.45,103440.89,84470.5,93549.2,98095.77,93568.47,101855.18,96700.65,97689.16,80825.61
75893,119740.33,122740.42,116616.66,124146.63,132797.7,125997.42,125992.6,126607.82,126891.86,122813.83,129957.96,120655.06,121593.52,132108.71,119536.33,128920.7,124332.88,108641.9,124239.6,121023.5,111127.45,128877.56,126759.9,120436.72
76894,125672.68,126226.17,119222.74,128274.47,129893.25,127528.76,126212.33,133427.89,138217.37,141171.7,126370.73,131082.98,142029.87,123954.69,134590.29,131905.43,131497.1,129786.65,130399.86,134218.67,122863.64,125480.07,119668.16,131420.45
77895,147429.09,155775.4,162407.03,160198.6,147666.43,154403.16,159719.89,157512.62,146047.13,154389.63,172433.33,143425.62,152181.97,154222.57,157304.17,157890.64,155104.18,160401.92,141133.86,161287.17,155406.1,140655.97,159402.46,162239.97
78897,91719.1,95763.5,109280.48,94781.34,108029.69,103828.96,110379.77,105228.84,103689.55,102601.38,117895.07,104786.85,103293.23,92732.11,104312.27,108565.42,103112.95,99136.47,107241.85,103294.73,101612.46,107912.53,104708.91,107384.49
79912,108078.78,119285.2,121737.93,106052.25,114759.22,110456.05,121323.43,110781.35,114357.97,118894.02,119615.55,112457.56,107899.34,120414.39,122475.19,114693.15,113211.59,111003.22,111840.15,123331.39,111206.3,99278.55,109270.71,125906.72
80913,108734.33,103489.05,115234.66,116385.84,113994.32,104064.35,115408.28,108709.99,113298.6,94126.11,105732.81,119706.89,112763.65,97754.82,118160.64,116722.86,105934.24,109264.81,104897.41,104079.96,111046.56,117378.56,108142.16,106202.24
82032,106027.91,102332.99,111134.79,91179.65,110049.69,89884.85,100564.48,97419.8,106846.73,107053.42,99186.95,109956.4,96760.44,101656.97,103412.82,105277.53,95329.9,108044.32,90671.54,98845.85,88803.04,101005.23,96375.61,100204.17
83033,76650.31,75570.9,70034.7,68246.05,73045.75,63123.01,74655.96,69501.22,65034.67,71204.45,76154.42,68830.06,73309.98,67826.25,69470.82,72462.27,79424.9,76887.36,76116.02,74483.8,70332.33,73013.43,73334.44,74417.38
84042,50073.73,53530.85,49699.71,49147.52,53920.27,55848.8,51459.26,62282.86,53599.78,57914.72,53940.65,53830.73,48260.66,54204.74,57473.6,55501.28,53116.66,52774.18,53742.07,56138.15,52338.44,52743.63,58287.96,58194.87
85215,71553.97,79278.01,72117.11,74645.74,83442.25,80454.7,80627.45,78163.11,78433.37,74126.22,81349.68,78382.09,79017.01,81034.54,79511.19,84469.03,79192.48,84812.09,81437.87,87437.93,82623.73,84233.8,80140.49,75772.49
86222,99270.2,95769.58,95864.88,91520.24,95693.86,96878.17,94258.47,93431.8,86231.02,100432.37,94638.87,99322.15,104100.92,102184.04,96051.39,101040.0,100540.59,97367.38,99931.7,99255.05,92552.22,102996.26,93320.34,99322.24
87232,68645.9,64711.38,62628.0,67382.89,64555.08,61160.28,68071.82,66011.94,66050.53,64735.82,69742.64,70441.0,66249.44,67606.85,64961.1,65098.39,67622.73,64229.29,69398.82,63075.13,66797.63,62978.46,68359.75,69511.59
88233,91275.4,92169.41,89453.87,92245.31,98082.19,91487.75,88628.79,84087.21,98749.02,98971.59,83269.18,93167.92,97431.42,88218.72,89627.75,93166.11,86028.33,92642.24,94973.18,94740.88,86023.53,91750.42,88082.79,92009.58
89242,65100.02,62186.26,63268.28,66992.05,62587.35,68103.87,63708.1,59183.67,63386.88,68359.89,61128.47,63129.45,63648.36,65602.89,70838.28,61335.78,68606.02,65725.55,69431.13,63688.38,68217.58,66445.25,62629.86,68087.63
90243,70815.56,84619.68,67576.1,77753.66,72353.31,83635.89,76346.51,82856.41,70597.6,78924.52,74227.8,80101.08,73373.98,74559.68,69233.24,75372.86,80825.15,80785.21,77083.7,69858.11,75808.6,69112.08,72953.76,76409.67
91262,48080.95,46700.04,47725.95,48195.96,48442.89,48399.1,43654.18,48833.59,40866.15,46030.71,44267.61,44788.17,43295.65,49735.31,48618.97,43721.14,46618.85,45198.06,47237.42,45016.4,45508.69,49298.5,46430.92,42298.13
92272,66534.89,60553.15,60255.3,57762.62,60939.13,59947.46,62166.99,57889.94,66021.35,63341.69,59361.06,61388.49,52966.51,67146.7,65404.72,61865.12,63713.79,59945.09,60206.42,59013.36,62053.15,60336.25,59201.12,62930.22
93273,52210.8,52431.91,52733.42,51184.22,51119.04,55409.62,48437.52,54046.41,50951.67,52356.02,52065.75,49730.63,55455.85,51856.5,50774.79,51439.14,57661.68,51062.39,48788.34,54005.26,58599.9,49470.49,52473.92,56957.19
94282,76152.51,77905.62,77977.7,76269.7,74051.79,76768.03,77609.41,77587.54,73301.49,74932.27,79515.37,74022.38,78573.29,77589.93,81461.0,78208.5,77913.67,79050.09,79081.6,80464.6,81915.89,80511.95,80668.58,76560.05
95286,104467.62,114009.88,97088.94,100833.92,103099.77,111499.45,101636.49,117240.55,109621.77,104252.69,110240.96,103169.98,102876.45,109832.79,104556.99,106008.09,107982.49,97874.99,102615.53,109542.85,108959.8,103888.86,98754.32,108881.54
96292,107548.27,113956.29,125840.72,108650.64,127568.59,108919.49,113346.76,110377.83,111207.59,113921.0,115049.5,116746.05,111884.31,117383.81,104173.76,109859.67,111041.91,125389.17,119685.64,125822.37,106231.24,114109.73,111222.98,111827.97
97303,142381.03,140849.57,148552.99,147761.56,141355.04,141490.48,152318.09,130916.15,139127.58,140720.14,141152.66,146479.31,141391.57,140604.72,132734.31,142236.52,135303.54,137007.46,147255.34,152170.04,135050.47,153068.9,128015.9,127907.17
98331,158394.57,154595.86,160776.82,170380.06,168255.92,159482.81,154349.58,151340.34,141691.51,161294.1,157206.03,174803.75,152952.74,149849.3,152802.47,174933.58,149250.33,163567.77,161624.07,179037.93,159644.34,165108.54,157154.13,168224.67
99343,127176.42,121898.35,118226.23,119360.27,121066.33,118484.47,121977.79,127713.57,131145.58,118278.42,112823.0,104365.96,118210.47,120015.88,124914.5,119578.67,115535.39,117763.92,112396.19,118136.68,111366.96,113254.88,115900.47,116544.55
100346,121958.91,126117.08,127772.91,125770.55,116007.35,108310.98,121815.31,124692.25,120304.54,119760.91,121695.15,130227.14,124811.67,121424.56,128725.34,127957.71,133445.39,122801.58,119133.55,122819.83,108670.71,127657.56,131542.78,120877.02
101401,116886.77,116090.11,122083.65,98481.59,107238.9,108036.16,117066.67,113680.65,115677.47,108166.17,119135.95,115501.51,115301.51,124100.16,115717.82,118498.14,121422.06,107571.38,115056.85,112214.6,114742.88,117140.01,110743.58,113999.32
102402,120445.17,127072.97,132647.96,125483.98,124682.75,134131.49,133995.95,131929.24,132238.48,128713.1,140965.91,127351.1,130355.16,132769.5,124933.57,125854.24,131706.83,136184.33,124936.28,134097.79,129450.61,129242.99,125024.42,119704.4
103403,116805.35,115499.94,111082.3,112185.96,116290.49,108981.97,106593.54,114998.91,110317.5,111679.48,109860.57,114393.56,118192.77,108914.68,107062.34,124785.19,116700.21,116967.14,104268.41,120612.43,113243.57,112788.06,121369.7,116045.7
104411,93305.33,97575.85,99475.17,89743.37,94025.5,91483.78,100447.08,96973.74,96427.98,98722.1,101318.43,101063.19,98098.56,93921.32,95861.18,95092.28,89810.91,95203.47,103197.96,92298.02,99974.1,101051.17,92177.94,101359.02
105412,107718.62,102801.6,97912.49,99610.52,95352.18,89213.15,98980.96,88688.36,99856.51,101044.45,106693.48,89269.8,96340.52,104082.37,100295.71,93923.81,112216.76,84617.45,89531.7,102623.59,103584.05,97572.81,96499.66,102280.01
106472,117588.99,125196.83,119015.57,108623.96,111541.13,111418.35,128508.45,119219.05,108028.12,117451.9,123519.0,121589.74,118910.78,120502.18,121756.59,122636.88,139636.7,119203.71,120605.7,125702.17,124031.64,122199.77,122016.99,114978.93
107473,69866.09,71572.77,68900.35,70451.56,72435.67,63538.54,74559.82,74749.08,73978.3,72609.07,70935.59,69228.22,73005.84,70280.45,72239.8,72609.88,74112.99,73525.25,67830.21,65485.05,68239.54,68011.64,66082.28,69172.5
108623,77638.39,67451.17,72465.5,82085.81,78369.34,73513.24,72220.57,79422.73,74045.89,76065.61,70271.08,73789.37,79615.01,73343.63,69007.81,76252.27,76668.57,75411.57,78447.06,76751.73,70895.71,80006.66,85826.81,75800.09
109641,111308.61,109021.63,96304.66,100981.54,102306.16,102512.36,100264.42,93012.67,97710.48,104272.54,108247.66,104443.6,102748.4,102630.66,97571.66,109170.11,108531.05,109257.17,103994.02,112414.27,102114.34,96020.22,100867.21,100683.95
110642,96288.12,94756.42,99406.93,92495.35,95769.24,96133.38,103215.37,92002.38,100552.52,97162.11,101793.62,105626.14,106790.09,107072.13,90497.57,92450.4,96300.78,101042.08,101327.63,103305.79,101272.57,99221.57,97425.74,97731.17
111652,83602.13,84073.6,83161.75,88189.62,74852.45,82170.49,78852.2,80705.03,81539.76,79675.82,84662.8,89261.43,83561.41,79143.38,81762.25,84482.57,81651.85,80211.82,80853.06,75894.14,80778.86,83037.43,79958.23,84787.32
112662,151589.33,140259.94,137558.73,135058.27,163596.44,149358.93,153979.98,136238.58,151428.41,145311.7,147153.5,143415.45,148838.91,151299.17,145583.47,139220.81,136325.93,145850.26,152063.45,142627.73,149829.71,143869.16,158406.63,132006.5
113663,142646.33,129771.18,135872.07,142848.02,132692.17,134501.61,120167.43,137878.18,129111.04,126236.96,131085.34,140350.02,143865.04,124756.88,123642.58,124153.79,142010.78,137247.57,126299.41,145774.79,134132.48,129045.35,142581.34,134687.79
114671,128524.77,134466.12,141327.06,131909.96,119779.19,135270.45,134477.28,131901.56,137125.38,120155.89,124669.99,137125.91,119629.82,131629.8,134073.68,130640.93,114356.27,127026.39,132941.1,129480.11,139610.62,123305.12,140981.73,129187.35
115672,111393.41,110921.34,97836.99,98436.99,108016.03,108084.6,104590.44,109894.39,105422.39,95852.23,114471.2,95747.9,106351.36,94387.64,99471.02,103748.8,100108.51,101485.86,105711.51,93534.28,99252.98,106481.47,117321.13,111296.95
116772,128734.85,132381.81,146864.7,136403.96,120924.06,126886.13,130307.98,123456.13,133930.19,134044.99,130728.2,135557.13,124830.86,133058.28,143609.24,121291.09,126789.19,121331.5,133040.41,132782.92,132078.62,127675.49,127248.48,143837.96
117773,82930.78,81674.51,80795.25,86409.15,86293.71,72808.68,82710.18,81374.82,75008.21,75114.98,91981.87,71434.24,86374.35,78960.0,77638.91,78839.52,82465.46,81542.58,72581.6,74794.43,81531.52,78978.98,81298.01,83736.93
118781,70818.35,68202.46,71769.66,72298.99,83727.58,70996.58,74321.35,74787.74,74142.82,73809.97,72128.96,74340.74,73306.37,74741.18,66289.67,74376.63,76374.95,72027.96,72245.48,70297.04,69816.23,68826.02,71290.78,79243.09
119782,77858.88,78233.16,75567.33,73248.97,77204.74,84610.77,77228.14,66890.68,76506.85,76478.04,77722.4,77505.75,83106.68,78870.61,72802.3,78129.41,78183.84,73018.4,74351.51,78511.34,81532.79,72973.77,73535.15,78366.23
120783,70302.67,74325.38,75707.39,71705.43,85045.57,74303.54,76517.23,79174.39,79054.28,72688.76,83342.12,77931.85,77570.95,78277.97,71917.57,76628.52,75437.55,81238.19,72611.87,75102.76,77751.95,80413.72,69913.17,76254.17
121802,56916.2,57094.39,55342.26,62066.04,56441.02,52476.45,53567.16,56231.43,60013.04,52595.82,57988.6,53195.43,59816.03,53988.57,59212.67,53764.08,53886.97,60865.98,60825.71,57326.38,59073.18,57479.64,53597.32,61777.52
122811,29255.2,27898.77,26816.77,27256.83,27257.75,24972.07,28779.99,28119.09,29286.11,29977.09,27341.85,29319.76,27234.04,27525.04,28125.78,27677.52,27817.08,29835.99,28381.47,29415.05,28039.56,27246.82,28209.58,27822.6
123821,35633.52,34747.86,37418.63,34938.25,41254.62,38339.24,39792.46,37298.04,36167.89,37276.3,35799.21,37908.33,36074.17,35843.94,37951.56,34807.47,36851.56,38189.64,38583.43,40463.5,36165.47,36469.79,36817.04,37760.52
124831,43814.73,42994.17,42899.83,42041.11,41588.73,44442.81,44810.4,49365.02,43451.06,43619.3,45201.59,45846.39,44698.48,44931.73,48636.59,41460.85,42721.52,42358.55,43567.26,42084.44,42904.0,47395.93,44888.4,43497.27
125841,35089.98,38351.75,39148.42,36187.17,36953.35,37566.59,39640.78,37309.11,36867.62,36323.79,34712.35,38121.98,40467.71,41653.8,41934.18,37902.39,40527.17,37272.55,37813.16,39668.58,37898.45,40131.04,37450.95,38185.9
126842,58769.83,55057.15,60571.77,59724.09,60355.11,59736.13,58552.92,57204.06,56315.15,56516.28,62353.0,57301.34,54196.47,61267.03,58152.42,56816.93,55264.18,57110.56,61035.64,60507.23,56275.19,56021.46,62039.77,57567.09
127851,54257.7,58932.1,59971.18,61584.99,60956.61,52867.44,60587.46,59429.46,63124.61,61981.85,58765.36,60562.55,57998.19,58067.6,59494.64,55183.15,57586.66,58283.71,59572.74,56382.01,60005.92,54325.27,60265.35,64240.4
128852,57381.97,56118.56,59784.5,58758.61,63604.21,64000.8,51805.32,58240.62,59515.98,57340.66,55277.91,57038.2,59812.15,57866.77,62897.93,63021.24,56556.26,58418.1,56717.83,55014.4,57907.3,58758.35,56904.45,57245.8
129862,79827.14,74423.51,88665.86,76752.66,69257.23,75639.63,80113.82,81379.0,85457.26,71629.56,79235.3,79751.99,76902.04,72164.36,81725.69,81900.5,78011.48,81573.38,80048.34,79040.0,78464.13,72566.73,71481.31,78627.76
130880,60797.46,67852.18,59510.51,59943.27,63582.15,60702.59,64383.25,60713.62,65699.74,58252.52,62948.78,67617.33,59232.14,68695.04,61186.23,63201.62,67042.32,67396.21,55849.14,65258.03,58186.17,72886.2,66708.05,60506.51
131882,50256.46,54689.38,54093.62,54754.69,47448.22,50733.13,46442.4,51900.53,54956.45,48647.53,50313.55,48975.25,50571.96,49400.62,50813.95,50487.7,51497.54,52340.28,51699.38,50302.37,54012.29,49787.77,52447.84,50864.99
132911,45776.78,43969.52,43265.91,44426.89,45582.35,42494.89,43145.6,42708.05,45159.67,47076.48,45362.23,42462.57,45237.78,42610.51,45191.94,39604.04,43942.68,41906.67,42017.11,45637.41,46173.49,43014.82,46194.85,41705.6
133912,40085.4,41704.16,39220.44,38210.59,41510.5,35655.34,42952.8,41526.33,39506.72,39978.87,42427.33,40882.95,41956.9,37833.8,40014.02,40882.17,35246.13,39498.66,41431.43,37920.63,38294.17,41540.02,39957.52,39613.84
134923,51443.06,56142.62,53203.93,54673.12,52358.27,52429.35,53347.82,59467.83,57534.35,57116.4,52748.46,53141.09,49409.66,52678.35,52148.37,48982.56,52840.92,52044.27,51352.49,57206.57,55887.11,52147.98,51419.27,55976.79
135925,46633.87,41019.54,47198.76,48259.26,50395.89,48320.76,43290.26,46781.5,46091.69,45325.9,44843.02,41722.02,46612.06,47321.35,46967.39,44931.54,46304.59,46121.59,41499.31,40812.9,48013.92,45206.99,44596.12,44006.45
136931,85676.0,82239.97,89119.38,84873.98,85366.39,83313.11,80794.09,79915.43,85205.11,83820.33,76181.56,80305.42,85709.07,79868.51,83344.72,86643.12,82233.5,86464.0,72530.35,77670.49,81657.32,78119.46,81993.42,89696.27
137932,137200.63,138412.06,150018.36,146306.65,136560.14,151734.48,134365.99,139224.2,128860.46,142200.64,133872.95,140579.03,132643.06,143310.18,130063.92,134492.03,126474.6,145221.49,140562.5,131562.82,120934.05,130178.68,134405.09,144894.81
138934,101825.94,102537.24,103054.61,98791.96,91251.91,101972.58,107337.84,103107.41,87638.93,111805.09,98699.55,104850.47,109284.61,99149.12,105408.29,96946.65,93929.02,101985.81,93626.67,97786.37,87794.36,97283.99,106516.53,107317.18
139937,124563.1,132630.31,131304.43,137358.41,126228.29,130007.71,132992.98,119958.8,128364.16,127597.24,122173.95,135283.96,120326.11,126256.29,138784.11,126820.06,122931.57,116629.63,126877.88,127915.18,126061.49,120873.93,121859.98,128304.27
140942,76893.6,82318.06,73205.81,75737.83,77221.57,71501.54,72663.76,80350.64,77529.41,72930.1,72617.12,83855.91,82614.15,84637.6,76389.56,81524.7,80686.08,80284.01,80621.59,82989.94,80940.04,75418.32,78712.57,77349.34
141952,76536.48,68963.44,70220.79,71555.81,67487.01,70418.35,73470.05,69918.21,70559.36,71759.81,65918.25,64621.83,70279.0,68676.6,72860.94,70339.75,65566.47,68109.41,65269.12,73095.14,76201.95,74348.68,71912.12,76257.14
142953,69106.44,65058.92,68759.23,69168.39,68495.74,66993.22,72070.08,65162.58,71522.48,68751.37,70420.86,67006.11,70459.45,59068.1,70913.31,70786.54,71224.92,68741.17,71277.4,59781.18,73278.01,71057.62,74562.85,67239.34
143954,30575.27,29548.01,32870.43,31625.91,31671.53,29071.91,29958.73,29343.39,32371.68,31385.39,27950.55,33857.37,31391.08,34936.98,29484.23,32475.81,28574.91,32577.49,32085.65,31809.27,31181.0,30868.09,31039.55,33752.36
144962,36554.7,34972.94,37465.21,36175.49,33692.13,32671.91,35300.88,32892.9,31409.22,35094.17,33799.4,33305.35,35780.24,36063.87,36544.93,36981.38,34377.54,34988.6,36486.88,38290.48,39769.83,33361.43,39935.7,35668.1
145972,36621.89,34981.05,38256.66,35512.52,36794.26,35420.96,38295.14,39405.01,39373.84,35839.62,33243.07,36630.39,35432.64,35624.39,37337.39,37892.81,37868.82,37115.12,37735.0,39609.3,37746.03,35458.39,39991.01,35376.9
147092,45826.97,46379.57,48440.52,52786.04,49262.46,45048.89,46985.58,44703.28,47426.46,46524.32,45442.26,50055.18,47675.29,50477.99,45839.03,51086.97,50879.93,46009.01,44739.01,49846.65,45917.73,45361.07,50933.46,47266.58
148102,41020.78,37623.63,40084.72,38330.83,42495.9,37353.94,32875.8,36563.62,38342.21,36164.55,37757.06,42798.03,36912.46,37600.01,39232.6,37983.93,37160.01,36721.03,37944.41,38844.73,36399.39,36807.37,37228.89,38996.1
149122,55357.51,56114.33,56996.9,49616.15,63975.83,53373.86,51115.44,53261.57,52257.21,52853.79,59653.23,59454.44,52837.06,55974.0,48720.3,54810.72,58333.86,51902.37,54454.54,55877.36,57398.51,59342.95,55000.04,55981.39
150132,40929.07,41283.29,46226.37,45451.69,43344.5,42068.15,46218.28,42141.24,43402.02,46039.03,43957.31,43194.04,40785.94,43712.0,41745.35,43072.35,47087.54,40925.32,44177.99,44052.99,42907.18,42916.4,47210.6,45449.39
151142,42446.5,40984.06,40021.85,43041.11,42078.73,39773.44,38824.88,40880.96,40066.04,46177.72,40154.1,39453.09,43092.1,37698.79,40713.17,41814.29,41023.88,43357.57,40083.55,43823.47,40104.46,36587.97,42703.82,38927.5
152382,53073.51,56558.2,54828.86,52955.47,46711.47,51694.8,54101.68,48131.42,53495.51,54781.52,52254.95,55522.04,50017.8,51462.99,53334.08,50711.8,56673.05,55334.31,53560.09,48730.38,48949.72,51545.49,52748.87,51874.45
153392,60005.31,56987.56,60757.26,56036.2,56340.98,59691.15,52347.08,57933.93,60099.34,56921.02,58084.1,59803.57,66064.36,61114.89,57838.08,59360.19,57417.12,57037.94,63906.02,55002.0,59754.97,55872.59,57674.27,58424.14
154402,47158.05,48212.72,47230.59,46355.59,45060.65,42669.82,44218.2,47161.8,47526.0,45780.92,43128.9,44257.88,43567.65,42349.9,44496.6,45538.97,47348.87,43500.19,45200.1,47676.69,46729.85,41629.41,43145.62,44351.54
155422,48721.06,46878.56,49391.3,48811.89,48565.08,48627.91,50974.93,48780.52,48231.03,47406.31,47826.62,49320.38,49307.54,46938.47,45397.87,50036.94,49452.53,49322.47,46246.66,45697.14,46182.33,46261.09,44081.21,47036.36
156542,53817.78,58975.57,59371.54,51141.18,59651.93,60563.04,55519.99,54618.6,61222.26,55091.46,58847.22,58940.93,55752.66,60065.28,59046.82,55184.9,57393.38,56769.39,62308.26,58923.36,66171.67,60830.46,60537.03,58545.31
157553,42038.21,47437.22,42701.71,43701.49,46198.07,43709.39,44722.31,42484.3,40518.66,40275.79,44788.82,46012.45,49058.66,44476.81,45031.41,44955.28,45326.4,47628.05,43898.12,45490.89,46833.1,46405.77,48431.05,47056.8
158562,57117.39,56607.5,55082.58,57409.03,58139.16,62407.12,59008.99,61686.12,59977.96,62786.56,62907.65,57626.66,59017.43,57759.69,59189.96,59462.71,58626.96,57683.41,62899.68,58895.84,60375.37,56579.01,55535.48,54526.84
159563,40638.68,43578.54,38661.1,37554.0,37556.53,36540.05,38735.85,38256.12,39677.44,40036.82,41638.37,40609.08,38903.82,41111.51,38210.47,40834.51,46346.5,40075.56,43389.78,36630.45,38202.83,38930.0,41582.1,40432.38
160571,73476.72,80014.19,78666.83,75402.28,76208.44,81707.23,89897.22,82245.46,77148.46,78755.27,88263.11,82166.36,80959.38,81561.68,79770.21,84549.14,84072.74,77845.21,82460.94,82228.04,78856.98,82843.97,81378.13,74762.12
161572,62319.06,65284.63,61216.41,64794.22,63787.51,66036.66,62992.32,62305.96,62767.52,60057.87,58504.45,57943.77,60565.85,61117.68,58987.3,59286.37,62103.0,61440.86,59343.95,59271.66,60162.47,59926.72,61361.37,59814.42
162573,53653.59,53560.16,53014.22,54811.05,52222.94,56915.94,48884.03,56127.69,58521.67,59985.72,56222.74,53642.28,57308.48,59538.72,58618.04,58366.03,56472.2,57169.04,53595.92,56024.31,51654.01,55539.91,54597.17,59907.09
163582,57575.7,59247.18,56266.92,59600.71,60928.56,58934.65,58997.21,51877.66,54344.71,58709.5,63004.15,55071.02,60646.84,55289.32,57878.45,56653.18,58959.62,54801.91,60376.81,52923.11,59008.67,59483.27,63411.6,60585.92
164592,55267.96,50436.32,52894.83,49176.17,51531.08,46139.01,50800.45,51648.49,52347.21,50274.72,50819.63,51148.67,48911.74,50466.05,51399.96,52107.71,51768.4,60029.07,55293.9,50827.07,55339.95,50159.69,46712.93,51946.83
165602,75301.73,77322.23,74077.8,73206.72,79261.61,77585.9,70126.03,71227.55,76655.01,80632.1,76515.68,80244.1,77086.34,76144.25,77073.31,78201.82,80182.53,73430.02,74543.93,78318.0,76805.73,77986.09,77157.34,73909.09
166612,64766.0,60031.53,68897.2,62220.08,73557.86,68172.42,67261.81,64846.75,63490.62,67314.08,62627.18,70984.89,69681.36,65481.56,68871.0,69820.95,59247.74,63980.37,64056.73,73841.29,63605.28,66050.73,64826.6,70193.43
167622,43594.39,42276.26,48595.4,50623.6,46745.6,45973.84,42372.26,46065.36,41684.41,46507.78,46811.8,46677.03,43509.09,42545.04,46921.88,47150.82,46178.08,43245.03,46278.66,41352.75,45238.59,43634.68,45933.38,44579.95
168632,26669.0,22841.76,25730.41,26105.72,24944.25,24623.62,25101.85,26717.37,24641.15,25975.67,24601.7,25804.24,26895.71,25428.71,23708.37,25465.27,27092.15,27304.28,24052.0,27860.26,24154.83,25815.04,26527.94,27986.31
169633,32834.55,34840.9,35169.81,37200.5,38126.6,37018.36,36162.86,35961.06,33678.61,35801.87,36265.93,34947.81,33505.45,34317.68,34124.21,35352.63,34676.67,39242.68,35669.64,35173.5,35963.55,35985.14,37160.46,36866.55
170652,37769.1,35799.3,36063.18,37991.25,35493.27,33699.76,38995.52,34954.66,37313.0,38058.03,36364.48,34987.33,39809.83,35150.1,36482.5,38927.51,37858.41,38320.86,37925.23,36913.45,39124.3,37665.96,35795.41,34962.26
171792,70119.16,78533.64,71459.44,70261.39,72257.32,68546.12,72962.43,72139.39,68234.47,69289.16,75235.41,73637.6,78575.64,70329.39,65453.47,65339.64,71796.19,73455.39,71317.33,61976.27,75885.21,70774.93,74862.63,75061.37
173002,108406.88,105168.96,102966.38,99495.99,103990.81,107335.82,95771.35,109100.77,110025.0,98658.05,97080.27,102604.81,99590.68,101225.71,114262.64,100335.22,105561.32,97469.98,104491.13,97359.62,100699.98,96442.6,105671.98,103463.81
174003,100542.69,92682.36,98631.87,91388.02,102779.24,95789.56,100024.62,94700.44,101676.58,87742.89,88456.0,91501.72,94248.3,94702.28,97074.39,104122.29,98579.14,96146.01,89574.64,105646.04,91199.84,97355.86,97285.79,95404.11
175082,67645.52,68157.2,68475.11,63821.1,64288.69,60921.5,64972.79,71416.33,61781.09,65229.55,68191.15,63423.31,67213.09,62595.24,71347.9,57075.38,65017.92,64922.46,63029.66,65036.54,69273.24,67005.68,70393.95,63455.72
176283,74259.08,79256.74,89072.66,82005.92,78048.34,80880.33,82243.36,89920.5,78547.46,78717.08,78630.14,84964.14,86681.82,82447.94,83752.66,81586.69,80599.31,82538.71,88745.82,78308.88,79802.72,85140.16,81713.98,84448.36
177285,100419.51,97432.45,94568.66,98793.53,90512.93,93740.08,103095.58,99349.81,101413.71,93592.37,95730.51,88953.94,93219.64,96008.6,87069.02,99310.4,100393.72,102278.31,94401.16,101155.28,95533.76,89549.91,89847.74,88735.97
178293,68569.33,70640.11,79080.19,67370.95,74248.8,65747.73,61017.76,73323.2,58520.31,71822.32,71921.34,78806.97,70899.92,68590.81,66646.18,72298.98,61968.79,72323.31,72844.63,76003.03,70620.56,75573.73,71692.64,66643.46
179343,61002.2,64338.89,64233.51,62844.91,62440.05,64695.61,55438.51,55791.68,63466.44,58740.26,65519.91,61972.6,58751.44,63897.88,63203.01,59674.29,64902.78,59122.0,59833.5,64411.27,62428.37,61912.56,57431.89,61732.14
180362,46077.32,54401.48,44508.22,48975.86,50190.08,49667.48,51956.17,50993.78,50559.51,48676.28,48144.7,50939.54,47973.4,50074.06,47691.21,50658.17,51761.93,50319.21,48183.32,47359.55,53385.46,49052.5,49269.8,49506.17
181363,69966.78,65331.07,69374.56,66333.1,67901.46,59763.02,64741.12,68173.06,65531.49,66037.63,64510.59,64159.37,62461.6,70237.49,68178.72,68553.14,63638.61,65688.66,69220.25,69039.84,67350.32,68878.63,67540.9,65854.76
182365,51976.57,51942.73,52148.09,54308.51,46615.31,48496.43,51284.51,49651.6,53074.8,49453.94,48308.86,51797.84,52642.84,54149.14,48865.94,52928.53,50836.39,49919.87,50029.85,48983.89,53341.07,51209.02,48029.47,49097.55
183403,22810.07,21248.74,23193.24,21061.09,22598.81,21643.61,20119.17,21041.03,20132.71,23991.87,24100.93,24177.65,22266.54,22768.66,21267.16,21287.03,23624.21,23231.75,21750.16,20795.51,24591.97,22707.01,22160.96,22127.26
184603,52075.56,53351.04,53271.39,53781.31,49867.99,52642.05,52751.36,51790.37,52440.41,50846.77,53164.88,51116.94,52783.85,50069.12,52716.06,49828.5,52780.82,49877.62,51564.11,52067.9,53850.53,49256.47,53604.29,50054.04
185612,35192.37,36362.52,36507.84,38158.45,34292.6,35148.48,34311.63,38708.73,38790.46,38949.13,38695.9,35417.52,38874.44,33338.75,36971.41,39075.53,36526.0,34511.84,39752.98,37213.41,37485.09,34915.74,37338.04,34892.27
186613,45000.95,46911.46,44688.35,46248.67,44521.92,46780.92,50861.99,46133.7,50075.91,44285.08,50436.0,47049.46,46308.99,47862.82,46760.87,45180.17,47058.26,46718.69,45190.09,45379.34,47202.5,46918.27,46681.93,47575.11
187623,45819.8,40352.5,38230.88,41883.09,38632.97,41658.93,40504.47,39787.45,39585.05,40691.18,43767.69,35171.5,42046.46,39969.14,42715.97,41783.32,38653.4,39265.05,40706.62,40225.54,35664.7,38717.88,38969.54,39281.68
188632,31175.33,26439.59,30140.22,28922.38,31462.94,29095.36,31701.43,28436.07,28679.21,30492.08,28786.24,29641.39,29017.45,31301.35,32205.69,30895.09,32221.44,31543.12,33059.43,29631.08,32806.29,29123.82,30497.76,31281.53
189633,46154.07,44419.38,50057.44,49857.01,45132.98,49793.41,49693.31,50601.65,52096.51,48916.82,47890.1,50342.96,44633.05,47041.34,47691.01,46902.68,49303.95,50875.05,50498.06,46150.62,51185.87,55901.23,46559.2,48291.85
190643,33319.41,30850.53,29891.55,33569.84,31175.35,29659.1,35976.7,32905.82,33129.02,30493.5,29200.81,31873.92,30876.01,29198.25,29498.23,31181.7,29820.46,29035.4,32445.21,29788.39,30154.19,31493.6,31087.84,30612.75
191644,59430.54,59756.85,56596.87,54825.33,54025.52,61237.1,61430.1,57301.98,54749.31,56535.12,56767.6,50820.46,57090.56,58507.41,56439.15,56279.34,57818.19,63502.69,60203.75,57469.84,58314.31,54248.4,59990.24,56789.98
192653,66477.74,66478.12,73654.15,74627.51,75867.53,71893.37,72189.97,76849.41,73342.12,69777.47,69839.64,69815.29,75323.74,72988.18,65983.71,71711.82,71955.18,69549.72,69289.95,76962.67,64803.78,71568.38,69953.35,71998.62
193793,86158.84,83741.24,78902.32,96425.06,82958.76,80924.43,85756.1,85520.52,77799.0,84733.22,86645.06,81853.32,88688.05,89491.46,81731.85,87459.93,91178.84,85235.33,83242.15,86181.39,85142.16,84194.49,87274.23,83339.56
194803,60225.28,60577.12,59062.34,60952.27,55218.25,64307.42,62854.27,64539.67,62489.53,62290.36,55826.05,64467.06,65164.47,59413.32,62487.26,63007.31,55144.16,54042.27,55439.46,58395.65,61553.98,57019.17,68151.08,59806.04
195813,95212.89,93021.38,91422.69,83300.71,91303.34,93552.26,92933.8,92426.82,87221.5,97351.25,90887.27,86005.91,84644.42,88486.4,93511.77,89772.88,91125.11,91740.93,82911.98,92050.74,95965.03,93883.34,91076.67,87323.65
196814,101170.04,112269.13,109534.08,106274.19,113877.52,117010.97,111787.87,118449.22,98973.59,111657.47,114599.16,111242.45,115288.21,105062.36,110195.14,108861.1,112474.84,106156.56,124289.28,107443.91,102116.08,111784.11,110020.6,114409.9
197822,50417.07,53531.82,52052.19,55788.45,53408.4,52573.66,53061.32,55905.6,53203.73,59480.43,52261.86,49695.69,56127.06,53489.53,50502.64,50011.18,51563.67,58509.25,57094.35,56687.59,62377.57,55777.36,55732.59,53273.13
198833,131471.18,134473.9,138568.72,123517.48,142427.98,133013.22,133266.47,137327.17,144316.51,133903.13,143789.09,140465.66,124039.41,126942.21,131956.09,133450.53,138269.37,134461.81,137801.52,132356.07,139937.8,139078.29,126077.31,139725.31
199834,110334.48,121658.12,112589.96,107358.4,101775.07,123182.61,112573.46,112667.16,121821.82,112879.9,121377.53,110600.77,109030.75,113502.46,113068.46,130893.44,114882.05,119500.74,123226.08,119313.71,116627.41,118871.62,118159.14,118915.93
200843,82108.37,78759.78,82313.29,84312.33,82994.87,80898.46,90802.96,82169.84,79710.38,78422.99,85085.4,82122.03,83668.4,81047.43,83642.83,87764.96,79031.6,82267.81,83947.0,83944.17,80631.61,75481.1,84578.41,73224.91
201853,56175.86,62499.42,59267.62,53824.74,60775.7,60309.98,57148.59,59872.65,58266.37,61641.42,60168.98,57631.36,59236.07,61983.92,57336.23,57692.58,63155.97,58143.51,63329.63,60091.26,54828.93,65487.25,56980.78,57248.54
202863,82148.03,75049.34,72167.97,76762.8,73398.27,73729.63,74471.86,76064.33,69857.74,75910.66,69125.32,68385.1,72760.35,76624.5,82224.82,66669.56,75275.9,75293.27,74767.51,73738.76,69551.37,73181.96,71192.43,75008.86
203864,85525.09,82374.77,83728.02,81011.05,76594.3,75939.17,73951.25,73490.89,79412.48,84501.4,78465.43,77926.63,74974.34,86425.56,81821.08,79074.94,80399.3,80219.81,75309.33,84862.56,75473.12,81795.59,76493.07,77133.68
204865,104662.97,96408.63,101989.68,97254.71,90042.17,98119.51,96171.38,89959.19,95450.45,100787.49,90526.69,94992.32,85043.55,94649.73,89815.15,97650.37,100746.61,87630.85,95438.49,107701.43,101724.96,97695.46,106114.92,96228.48
205873,89934.91,91450.96,76434.75,94464.91,94704.09,88912.11,92572.7,86415.07,75768.02,93245.98,90404.2,78334.98,88620.64,88333.8,88256.58,84517.55,83347.23,83080.68,87538.93,91914.27,87062.66,90474.53,94989.66,86548.15
206913,123440.92,120566.44,114498.72,122794.69,119321.72,122936.93,121763.23,116427.83,120481.43,129002.97,123076.01,123812.1,107610.55,119050.54,126978.3,123914.57,123083.35,118996.99,124148.73,120535.32,122744.2,128676.12,124238.58,117082.37
207923,90943.46,93030.64,93915.54,101098.32,101751.08,92547.45,87057.02,82224.9,94947.6,92691.26,93907.27,96353.57,97327.49,92428.04,98499.31,91769.83,92276.54,89936.89,94126.26,99824.04,91643.16,89733.6,99813.45,93312.72
208924,66175.54,63626.02,62736.17,64459.96,65834.79,65821.73,64486.54,69513.28,65484.66,63562.59,61037.62,66753.07,60854.92,68901.31,61822.7,64006.24,67265.21,61971.41,66668.87,58415.41,65991.58,64584.68,61262.16,69234.67
209925,109696.3,112421.87,103042.62,98521.11,111409.47,107156.86,106794.97,117972.31,112327.13,104002.45,112663.72,106862.68,97658.43,109882.84,102168.64,103123.94,101169.63,108438.86,108285.29,109481.5,106693.06,99069.42,108278.94,103618.69
210933,91126.75,97283.15,99055.66,90214.05,86047.84,89494.99,92794.6,86523.6,98272.86,93255.07,98857.56,88106.88,91921.69,90389.36,94943.23,96699.22,96249.21,104566.76,87636.19,93863.98,101525.63,101120.41,99931.23,104765.86
211944,99601.6,103388.35,91585.96,95159.22,94286.93,100395.52,98757.34,102070.61,105117.47,110076.93,98996.81,103638.61,97096.94,99713.59,98614.77,94564.52,99101.67,96832.6,96333.39,96667.38,103686.42,104807.76,94281.42,107014.61
212953,85683.09,91775.78,89907.8,85361.22,84789.6,89382.41,82342.39,83977.61,81333.76,85672.72,80461.53,86319.84,89689.48,89979.38,77715.67,89009.09,80557.66,95114.46,91289.38,90446.31,89568.2,94511.96,86072.34,88705.51
213954,78803.82,77753.04,80201.92,71544.54,79986.97,79137.96,77547.72,79901.1,82370.86,71763.01,78522.86,82350.14,77479.84,74202.6,82397.05,79826.02,75819.81,83984.95,78059.47,79441.18,76744.04,81697.0,81298.73,74780.59
214962,71110.7,75728.16,72021.75,73027.36,72739.13,73822.68,77060.74,74614.73,71653.02,76792.38,72047.34,75878.29,76522.12,72070.43,67603.62,74312.54,79067.31,68737.91,74570.46,71685.72,70131.62,77481.61,71223.17,76410.54
215972,71306.01,67757.45,67613.38,65954.21,68580.03,69562.64,71105.65,69916.32,68433.89,67147.3,73461.8,70131.39,75279.71,73229.4,70247.02,67218.8,70865.21,70021.74,66262.2,71276.02,70330.13,70961.21,65136.74,72173.66
217092,90857.7,97628.93,84895.34,98146.95,89357.82,87497.72,83016.07,93244.98,87906.2,86156.97,100390.17,94195.87,85663.54,92916.31,88819.96,96158.27,90319.82,86106.94,93371.36,89925.75,96174.74,92504.03,92269.02,85464.38
218212,89547.96,83933.68,78538.15,80331.37,90936.41,79867.29,80340.96,72128.62,80623.63,81414.69,77524.52,83007.45,82362.03,82447.82,86245.62,80822.04,79604.74,81693.7,76482.11,83939.57,89059.89,79053.37,84669.42,86107.96
219332,102936.49,94749.74,107413.82,109800.44,110419.71,99738.36,102122.78,106349.09,111365.8,106460.92,99968.36,95606.91,115083.67,104079.77,95533.73,109999.37,103106.55,98829.91,110875.91,100626.24,100558.28,112488.52,102818.17,103300.83
220335,79494.4,73986.06,74655.92,79203.53,77835.5,78265.66,77768.21,79346.46,74015.96,76263.5,77698.55,85844.11,78000.2,81713.0,81601.68,77880.57,79500.61,81366.63,74421.7,74200.07,79915.44,79731.2,70388.32,82213.78
221342,90899.71,88158.37,87240.1,87275.98,79277.19,84506.06,86105.29,81612.2,76715.27,93825.25,86220.87,89132.36,87283.59,91857.12,87123.69,84700.5,88567.46,87267.99,78483.27,88315.17,85536.11,79835.97,84289.16,87981.03
222343,67875.56,65398.47,59078.23,63556.6,64017.34,57955.83,68528.62,59015.13,62617.98,69362.41,64918.17,69206.41,66635.82,67403.66,66971.7,63181.51,66140.75,63278.68,60448.76,67262.98,69462.9,66640.34,63109.87,65478.91
223352,48543.56,48435.69,40320.41,47927.56,48405.66,47977.31,49102.07,49853.38,51413.95,47109.26,49275.01,48254.67,48552.8,49591.15,45217.73,48431.09,48287.7,51692.36,50549.89,47375.62,48867.17,47943.18,46288.1,47608.02
224353,63061.98,65227.71,64711.8,57353.31,62561.36,64504.16,63428.11,63345.0,64460.43,65138.28,62822.28,59570.03,64810.36,61400.16,64021.53,62829.4,60300.73,66623.65,65181.72,67351.32,60204.02,66703.41,59487.23,56687.51
225412,65836.49,69541.1,65801.75,62864.11,60418.3,59029.47,60912.91,62764.96,66249.61,68851.21,60008.07,62472.96,63018.8,66422.2,65563.06,68487.38,64839.05,64377.92,63738.08,64318.6,66520.66,64020.78,62405.4,63383.74
226413,68980.61,77642.09,73587.34,69017.26,71720.78,64250.34,74620.83,67080.75,62936.5,76069.85,69529.7,64340.8,68972.76,66551.09,71762.37,68012.67,73021.55,70907.78,70680.11,66907.55,69789.0,71456.48,68462.27,71107.24
227422,66351.27,73557.96,67728.47,67114.74,64603.64,63982.7,70025.83,64360.29,69912.59,75307.28,59442.11,66532.03,63273.71,65922.42,62267.28,65884.26,65380.35,59970.04,60773.14,63934.78,61896.77,65166.65,59943.11,62355.51
228433,92422.46,89727.43,98055.71,94741.08,100570.44,89900.79,98419.88,88674.77,100763.82,100933.58,105194.6,96335.34,88608.33,98808.16,80080.3,96523.9,87647.4,88592.91,95417.98,87167.3,94504.33,97265.95,88454.87,97928.38
229434,98834.63,87842.01,95542.4,95638.29,80050.71,89426.15,97056.62,91598.12,97016.32,89804.17,99714.89,90100.09,94954.56,96604.29,94078.37,92647.3,91170.5,97581.42,92065.88,95464.42,99506.69,89517.92,99152.97,102735.52
230443,78196.48,72318.28,76134.81,80698.96,79754.52,75195.62,74357.09,69283.59,77283.71,83583.78,79186.67,73654.12,78138.57,81215.43,75983.55,75782.84,77283.28,80045.29,77932.96,80445.57,77464.8,73544.67,79176.3,78538.96
231453,59316.97,59608.93,59037.42,58256.51,63298.81,54135.7,57925.82,57232.95,57674.35,59846.23,56917.22,58848.02,62222.77,58331.48,61060.34,59973.94,54748.51,60662.69,57034.6,62288.33,60107.72,58688.19,62139.68,62475.76
232462,85158.25,84510.19,77982.38,74281.72,86160.76,79660.65,86517.63,86679.47,77946.03,78886.47,85584.48,81822.67,92883.47,83383.08,71013.72,81744.3,83780.05,80844.09,83609.48,82990.27,83360.03,73737.92,76101.66,78728.07
233493,97288.78,100873.71,96121.48,95613.14,97817.84,81345.37,93160.4,103124.51,93095.27,96384.6,101095.16,90597.72,98122.58,96854.24,98173.98,99568.39,102008.92,101273.0,105876.95,104193.34,99300.35,96819.77,101848.87,92024.79
234502,81435.18,92081.27,88663.85,88139.22,81616.29,84308.79,85234.49,81079.18,79641.72,85113.72,83549.16,89081.4,82756.69,86065.84,97429.62,82238.28,91903.72,83614.09,91720.61,87547.24,83672.37,87255.55,88795.01,90038.35
235513,79351.11,75746.64,86605.87,78978.39,77551.47,78046.78,79182.38,80471.18,77291.4,77193.84,79865.8,80310.34,76477.54,85872.55,82907.89,80046.56,78313.96,84458.17,82109.64,75904.44,79193.71,78788.3,85716.76,79784.87
236552,17250.75,20357.79,20420.07,20925.47,18693.0,19261.52,20080.15,20410.4,18300.29,19524.2,17880.93,19248.48,19690.11,19572.78,18784.47,20337.83,18797.62,19304.0,21476.42,20222.32,19536.53,20755.23,18190.13,18610.54
237562,28885.32,29634.25,26079.3,24735.4,26790.5,28079.33,26732.55,27798.79,25870.42,24173.88,29872.7,24291.3,26229.6,27472.84,25692.21,26032.8,26089.72,26482.13,28247.15,25658.14,27680.45,26131.2,28371.62,26963.89
238563,51083.26,50749.12,52401.47,54643.06,54781.46,51719.23,50008.58,51666.72,54487.06,49988.26,51473.53,48958.39,57066.49,53442.2,50109.88,50782.96,52926.92,53076.37,57839.21,48792.37,53322.95,57142.19,50569.49,52611.32
239564,48594.18,46243.32,51112.74,48042.81,48251.37,49218.21,50677.12,46596.07,46372.37,43363.96,50481.26,50634.99,52985.09,50744.39,49141.19,48988.79,44351.79,52158.44,47415.5,49132.06,50810.22,47821.36,47669.67,49799.23
240572,56774.52,56513.57,58254.29,56380.44,52837.21,59126.61,58007.15,55999.98,64462.34,56276.63,63204.39,56372.32,55865.99,54767.08,51754.94,58274.08,53769.76,54778.89,55826.33,56004.98,52566.51,51894.99,52397.99,56538.0
241612,1684.33,1576.73,1762.32,1828.1,1631.83,1607.16,1577.92,1576.25,1735.49,1695.17,1539.53,1744.21,1693.35,1906.11,1741.57,1670.87,1657.55,1554.96,1648.0,1656.89,1603.46,1721.34,1698.57,1638.85
242715,77583.17,77156.93,78597.45,76860.08,70298.95,73055.73,82380.72,77652.75,77457.28,76284.34,70444.93,70336.03,78763.51,77666.26,75370.28,75814.37,76020.26,69905.79,73423.5,86208.81,75816.13,80449.29,73576.85,70856.92
243724,77491.18,77713.47,80078.86,78611.03,79520.44,76627.33,84896.46,79966.77,76274.78,74516.78,79565.61,76436.52,75129.21,82566.26,77196.64,81760.01,80262.63,81831.21,79646.84,81460.15,82154.01,86693.95,74360.86,74474.05
244725,85181.76,84455.63,80969.67,90042.94,83105.7,80987.56,84532.72,80962.05,80499.57,87443.69,74156.77,85015.02,83697.99,86533.83,82365.18,77352.09,83460.0,82580.59,87437.44,83105.11,93880.77,80014.02,87654.38,80101.65
245733,96671.7,87060.43,85806.96,91079.0,95810.35,89513.5,96508.33,89457.37,84812.26,90214.42,90977.6,92153.21,90080.71,83313.11,89461.83,96644.2,98489.79,87127.31,89665.19,87150.58,95217.72,85569.63,88661.72,93875.05
246735,89855.17,98364.98,94740.86,90071.98,90140.5,100713.97,90296.85,92156.93,91731.82,98145.12,90894.56,97067.2,96916.21,95634.0,96425.23,94584.58,91541.48,103572.35,90514.43,90800.21,89608.71,89512.48,97119.76,97392.51
247742,76541.24,73303.17,80649.93,80291.36,75955.66,77217.02,84246.96,72833.09,76790.49,76371.06,79369.38,75048.17,76638.36,81344.23,76329.32,76849.6,73845.34,67587.14,78663.09,72424.96,69175.29,79222.55,78336.6,75011.1
248743,76734.62,82896.48,72622.57,82743.64,74689.37,75170.69,79836.83,78567.11,81751.1,82957.51,86082.81,81484.19,81175.19,76664.4,77605.54,80328.76,76774.6,79024.6,87291.84,78844.39,78284.97,80262.81,77766.88,84720.92
249744,76097.63,73326.03,73614.44,89765.97,74245.91,82084.55,84261.39,73533.61,77448.61,78789.94,74782.29,78947.74,79897.22,79793.21,76025.52,82461.05,80301.74,72233.84,80524.24,81300.21,76662.12,63892.86,75498.27,76864.55
250753,81743.46,82810.2,84116.9,80048.83,73446.98,85369.03,78520.87,88906.69,79370.51,88110.93,79227.2,77160.31,79127.8,76589.7,68663.12,81913.88,82885.19,79529.42,79812.3,86315.07,84985.04,77409.58,67825.09,81821.36
251754,63192.71,73179.53,71401.77,68834.68,73152.67,71781.97,73124.93,76412.03,75354.21,73444.24,70063.09,70905.35,66728.53,66083.86,73329.21,71054.14,68039.46,75647.59,70992.19,71616.1,70551.56,65354.08,69051.35,71218.8
252764,84182.87,91467.85,94866.3,95575.2,92795.58,88953.29,86503.63,86652.49,86837.22,81230.34,85051.02,93945.87,85303.16,88653.85,87814.54,87412.56,89549.33,91242.14,88381.94,86808.83,81294.77,92927.35,100404.37,84480.49
253765,100131.13,114709.92,98202.92,104916.16,109644.35,91709.9,109804.31,99805.99,110625.23,102021.69,108657.81,106955.32,110666.81,105849.15,108186.44,111721.3,104298.13,111412.93,109612.34,105093.77,103160.5,114710.15,116788.02,117583.5
254773,88801.31,89188.23,90796.26,98766.3,90441.96,97693.74,95393.04,96496.34,92960.6,94319.06,104619.81,90987.16,97933.6,95518.62,91465.65,89240.07,95044.17,85455.38,95519.89,99622.68,92541.57,90280.74,92048.95,91892.46
255774,63266.55,66521.9,65096.33,67827.59,65689.1,63290.09,68259.57,72059.17,70692.96,70467.36,67401.84,62505.71,71276.39,73429.8,69228.28,77778.5,65848.23,68946.42,69188.03,69046.37,70748.19,71458.3,67189.2,77249.36
256793,55636.94,58561.97,60163.56,59413.04,53236.56,55892.59,59043.58,58299.1,58709.31,56854.11,57174.8,53105.71,54302.01,59409.46,53395.69,57903.07,57272.67,58153.76,59403.13,58092.11,56845.21,63000.43,59191.65,61480.71
257903,60022.87,56909.26,57975.85,64434.88,58448.01,59124.52,57059.9,58158.92,57830.84,63132.67,60219.34,47559.81,57314.36,57695.64,60232.89,58525.06,59710.32,58921.21,56228.31,60889.69,60296.51,58332.16,62761.77,60482.18
258913,57919.22,55004.16,55341.64,59842.5,54023.09,58721.98,56743.5,54578.64,56215.53,58889.81,52645.88,54674.2,56515.17,59493.47,56052.53,54381.34,57877.2,57978.0,55424.04,51719.53,56354.87,53320.85,50694.89,57031.17
259914,52309.99,49647.05,53488.51,53658.25,52864.08,51355.77,49414.27,50229.52,54967.98,47485.06,49841.64,52866.13,47231.05,46100.87,54561.81,53549.03,49442.85,48662.78,53719.34,51821.62,50643.02,46685.74,48006.32,52624.47
260919,61839.57,68620.89,70419.54,67909.22,61216.68,65284.56,66620.89,65726.79,70817.49,61732.18,68733.58,62277.25,75283.08,70769.14,72795.43,69432.3,70079.15,64209.67,67938.09,66677.45,68534.13,64214.19,66571.86,67754.01
261923,89586.19,98728.95,94161.1,90595.61,92423.44,87600.17,88165.09,94083.62,92181.77,97207.65,94971.6,89815.37,88470.85,93797.8,90616.55,86541.95,93295.76,89385.98,85954.86,87528.13,97770.43,89079.28,85341.93,79384.66
262924,109257.12,107855.33,104330.04,102509.14,105596.47,114780.71,109581.39,103183.57,101812.63,112960.68,96958.13,105618.38,102430.26,100174.75,108314.42,108617.29,101455.74,116507.11,94203.74,109395.24,107458.06,101845.38,102358.1,114211.02
263925,81972.66,84564.42,87405.14,85581.66,82077.4,84220.28,83799.02,74224.19,76684.04,81981.35,78490.98,78388.44,80813.1,73436.53,79380.83,84136.41,77396.63,85117.3,80810.72,88074.78,77157.17,80928.49,82858.33,78012.87
264933,80688.28,82831.54,88937.89,82444.44,85393.34,86331.44,84997.8,85819.0,84773.73,83765.96,81046.53,78077.69,75505.15,78043.61,80015.58,84330.65,89439.57,89573.34,86205.19,79795.13,83923.18,91154.49,80572.94,87904.01
265934,104966.25,105487.93,97738.45,92941.77,85105.93,86986.95,92140.97,93755.12,103026.38,98886.69,89425.42,99830.05,96951.11,93897.15,95346.39,93080.93,89295.13,103039.46,89424.69,102535.29,88124.28,92071.09,98087.39,94229.9
266943,77767.19,82171.28,79577.06,75410.1,78694.93,81145.96,72626.88,78314.5,75579.18,82469.56,79596.38,70249.87,78845.56,77873.83,72814.08,84516.49,77848.33,74492.44,78028.4,81009.91,76407.6,76580.21,77917.78,84993.08
268403,112678.69,116816.12,125288.36,114917.21,117718.05,111239.44,109034.64,125216.84,105034.5,108536.34,107928.45,110030.23,107998.19,109538.97,109433.28,120362.77,113344.51,114828.99,106648.73,113170.32,113806.3,119995.39,106301.6,113393.09
269404,101888.62,89870.61,90986.34,84886.34,86363.99,91147.4,86710.22,89573.27,92425.54,93978.87,95314.29,86031.02,87310.84,95202.22,81375.19,88682.24,96548.69,88137.33,91706.65,91234.7,90209.74,92690.85,86255.16,84348.07
270406,65908.14,64948.77,66951.24,64619.63,60801.46,65430.36,65365.04,63367.66,68826.68,60909.37,68927.94,63703.67,62905.17,61228.85,61762.83,66779.38,73254.97,62774.83,64107.98,63051.61,62430.55,66187.8,69501.19,58793.31
271473,76619.21,78598.65,72593.15,75973.32,73482.22,68776.0,71483.86,72812.45,75415.52,73873.64,80466.93,76179.68,78377.4,70732.99,73264.2,77536.27,80122.46,74880.62,73190.27,72027.6,70702.85,74857.38,78986.22,78299.28
272493,71412.75,75291.37,75891.87,71459.43,81397.68,70045.28,78063.72,79784.35,76294.63,79549.64,80771.08,77617.63,74215.01,80074.27,73736.66,79010.35,76192.9,75428.47,78353.15,79152.03,79485.09,79793.47,72488.92,79804.23
273504,76087.98,76894.7,76433.95,72592.67,78548.49,80017.2,71094.19,76197.27,79372.28,72821.43,71247.95,79357.56,71957.52,76106.04,81014.65,75744.94,69359.93,74733.32,73561.49,67305.92,75448.94,81664.93,76075.9,74711.83
274604,69882.94,77001.48,75649.36,70436.29,69022.94,68991.43,79015.77,67575.59,72066.19,68532.28,69019.73,69886.43,74926.54,67620.02,72112.49,71115.33,70520.65,75752.34,69193.0,73011.2,74976.33,74098.99,73913.68,72451.03
275613,96435.64,91445.06,94084.82,100195.08,104259.53,98557.6,104620.96,108823.19,94637.01,99874.95,111151.53,98877.2,99188.58,98990.7,93627.19,109133.45,91787.72,98067.41,95132.61,100257.35,105409.6,97589.76,99094.97,98773.59
276614,76828.99,75466.23,70632.14,75017.87,73971.36,74691.04,74475.47,76072.8,80433.46,72602.66,81003.51,77832.1,78789.12,73409.62,81452.86,76167.94,80784.96,73201.38,76215.89,75249.64,81495.15,71900.53,70274.93,76784.57
277615,62153.17,64202.65,61277.15,60697.67,65003.58,60369.96,61257.94,61190.61,64706.41,61213.14,62529.62,63674.67,63625.91,62787.4,55182.68,65491.99,64459.88,61587.93,62994.37,66635.95,61778.57,61412.26,63674.93,65742.74
278623,22565.68,25235.85,25709.27,25556.1,24716.55,25311.99,27462.29,24375.68,27683.03,23832.83,24682.13,27238.95,26211.69,27347.72,25104.72,24858.9,25578.83,24274.81,26618.23,28108.35,25179.33,26770.71,25593.33,29528.85
279624,44311.84,36389.85,43348.33,41178.98,44041.25,41932.17,43241.65,37648.39,41867.0,41803.58,41115.51,40115.25,41556.96,41404.42,42628.49,40902.51,39927.45,40169.09,44920.94,43896.67,39551.87,42303.66,42276.3,39552.04
280633,91358.3,82365.92,78873.75,85411.78,90527.73,82332.18,97086.98,77821.25,82249.77,90864.53,85324.22,81551.0,86358.88,89450.93,81511.7,85062.82,85932.29,90324.92,88417.97,80716.43,87057.8,95377.15,87125.99,89810.81
281824,113304.16,126266.59,112959.18,141386.52,130395.09,119423.87,134097.25,126362.05,132833.67,130148.48,126964.02,123189.8,134926.53,124232.0,123592.04,114294.47,111142.36,120026.34,115386.71,125821.31,114998.73,119982.89,121116.57,127075.42
282833,99668.26,102451.59,109621.26,92085.09,102656.97,98161.91,107839.18,97048.39,100420.01,99531.37,96534.23,93004.35,97323.47,98694.42,103604.73,104081.22,96169.94,95076.49,101367.96,98738.4,98763.11,97906.12,108919.75,95648.47
283834,108796.3,115447.04,112207.05,115371.75,115625.16,107370.2,110109.02,110114.83,118248.35,114770.99,108165.98,107010.71,123243.12,105860.52,116183.02,115747.99,108635.66,118312.06,116272.59,106022.0,100630.19,99999.75,112331.58,115764.52
284843,143465.3,137452.55,134669.88,136568.99,135312.62,130436.06,137400.71,136807.49,131488.87,140226.84,127093.49,132036.98,138387.39,136737.84,120122.85,132749.42,132958.38,128808.72,132604.08,142171.01,140506.23,137048.02,133907.32,149542.43
285844,166795.26,174787.09,178324.46,168160.25,187818.18,179742.63,175125.49,161612.15,160870.35,170915.15,149446.06,177447.3,179066.3,182044.92,175672.31,168631.93,178920.77,171102.45,162694.36,173785.69,185243.06,167866.49,170238.48,186528.89
286854,135879.88,150789.76,143861.73,149193.43,154361.16,141833.66,148908.95,140438.53,140679.3,138630.89,152669.93,138024.23,138778.62,149321.16,143314.17,135826.34,154469.2,148535.84,132964.7,145210.97,148489.98,148764.56,157440.18,150908.22
288054,161431.77,161876.81,168200.86,169600.57,165586.87,164224.53,164524.06,170240.99,157180.3,162642.53,157005.75,166929.65,169727.94,178284.27,160541.98,157221.46,179286.62,167978.32,153991.05,154773.22,142995.91,154445.0,169710.8,171776.12
289064,169046.19,155332.63,155689.39,149956.68,164257.77,165880.83,149162.99,164704.65,170257.95,160705.38,167614.86,178682.44,149139.37,165014.23,149008.12,169925.74,150716.95,161879.29,167199.42,159602.3,155901.43,171174.34,174776.33,173715.97
290134,138998.81,130746.53,150235.92,137758.12,129198.33,142406.62,135937.67,128976.32,128462.31,152223.98,145093.93,150309.59,135585.48,138019.09,147874.66,142701.57,143620.96,149296.12,133781.77,149630.54,136458.32,123752.12,144869.28,148681.46
291143,118512.4,115011.46,109888.08,114761.89,110194.27,111036.79,119918.96,119719.2,113470.35,122258.17,117727.18,120217.59,112552.1,121862.13,115001.22,116832.63,123097.96,115008.29,125404.37,118550.41,123561.12,112576.0,126359.94,115976.54
292154,116505.25,123376.56,129817.21,128463.89,117987.47,126778.02,129123.83,117905.11,121278.72,116243.2,122351.24,116738.22,118339.38,121065.05,115812.52,119270.13,117611.73,121955.38,130450.74,117011.48,131455.35,120594.96,116133.24,124110.19
293155,170664.33,175968.88,169189.45,170806.02,172658.8,174915.53,173011.36,172228.27,161443.08,177605.51,174212.21,162178.71,182841.18,188066.51,167152.33,178594.63,183153.61,172196.51,172170.76,165225.53,156493.66,176011.05,181041.85,164639.18
294163,92195.67,102443.23,98078.45,89478.15,103645.03,87584.94,96199.22,94841.73,91667.42,94331.55,100177.6,91940.62,94105.49,89318.89,94253.07,83831.89,93668.0,98376.82,100963.26,89825.92,91466.2,101095.89,99709.4,93623.81
295284,134194.35,131315.7,145266.57,137396.58,144700.57,139009.52,141229.84,145188.74,139043.34,129151.44,135560.51,136222.21,142279.66,135727.75,129503.71,137199.81,121695.82,145144.09,137321.55,138452.31,140994.78,142292.92,141231.0,138306.66
296285,127910.07,122253.14,126475.36,118091.55,123329.13,121792.35,134581.61,124491.3,115889.55,128559.71,123855.9,126941.94,116747.09,122199.58,126086.03,109073.25,123756.47,122497.21,120531.26,118889.64,122194.99,125423.52,138597.27,113778.99
297287,119715.1,141478.1,146829.96,139813.8,138254.04,138482.53,143188.41,145869.18,147386.44,135367.27,124131.81,137767.5,135345.01,133849.16,146186.9,137178.39,127431.94,134863.43,136545.04,138515.75,125996.92,138000.72,150060.49,138617.79
298288,107935.35,101879.2,104345.72,103034.03,110165.49,104431.19,108684.76,110990.24,111465.98,115764.07,118632.87,102532.48,103349.97,111858.1,101423.69,112120.94,101043.86,107060.41,119936.0,110706.2,106077.14,106392.02,112433.48,96352.21
299289,176187.07,179203.49,167360.61,164908.43,190320.96,174914.94,171412.18,162463.63,180710.65,152140.84,173719.94,174512.95,178711.01,173089.87,191133.89,163900.2,179568.12,171415.58,180363.08,181383.41,187875.94,175113.81,198266.21,179931.29
300290,178564.2,210190.17,181109.84,193458.59,187303.89,186098.78,189712.45,202584.59,193601.98,184154.37,189714.48,215267.78,200019.92,192519.7,203995.78,189950.38,182219.53,185931.47,190650.61,203508.41,203008.16,179676.64,199844.65,179085.02
301434,208806.36,190651.8,176236.91,201118.4,197101.38,218668.05,205604.1,206465.2,188607.1,174630.89,215538.52,214284.91,181894.96,201928.07,198744.43,218168.25,205374.53,206394.74,213884.87,210204.01,200245.57,204345.53,197548.79,198555.55
302436,42158.03,39016.34,38032.46,36364.22,40711.18,37258.06,39958.47,34930.95,42694.65,40845.1,35756.6,38367.01,43182.33,39215.47,41546.85,39590.53,40588.84,40199.0,45638.57,35950.58,34887.92,35987.45,40885.13,38355.67
303834,255511.57,246174.18,271896.26,263765.68,255210.35,269838.03,242475.49,247757.52,244036.3,248336.39,265686.1,253367.29,250373.73,235124.94,245274.05,240036.47,263600.49,263814.86,272784.13,254207.4,241395.88,242758.67,251662.52,252242.15
304854,101968.6,89586.17,96880.71,98090.97,90967.07,93948.4,90653.43,93837.35,98116.66,99551.96,106267.28,94111.98,95564.36,94089.51,92041.7,95808.51,98924.88,100109.27,103068.21,93920.81,90362.79,90246.87,94004.43,93539.06
305855,93536.96,91696.16,94065.3,93256.86,86545.64,90095.14,99128.86,90050.39,87505.97,100221.57,95994.76,93834.75,90609.27,98851.24,92413.03,95179.6,92338.33,92983.5,98293.9,88820.93,90692.97,95120.75,99628.1,98819.59
306874,96449.76,98831.03,106035.18,92369.93,103105.64,102112.05,100427.79,97060.97,92786.11,103656.14,89751.72,102123.82,97255.71,97668.44,100161.67,94449.27,93474.72,104626.91,97352.59,102075.25,111309.19,101304.59,96161.25,100140.53
307925,105254.43,115742.79,111012.82,111927.45,111556.13,111348.87,114177.14,118740.65,115365.44,112286.13,106028.54,115745.61,109397.18,109721.04,116069.53,113616.19,114120.75,120609.48,107955.44,110901.59,119049.52,114289.76,111999.49,111703.75
308934,123872.88,117455.75,125354.97,130174.21,124881.35,127724.05,125571.39,120559.35,118438.86,130670.45,136183.81,123186.38,138410.02,140545.49,125411.11,123315.09,118724.95,126055.65,125633.96,130521.38,130129.88,132697.18,127138.91,122036.8
309975,154923.81,164049.38,147441.29,148995.72,166153.79,155943.14,157245.69,144822.95,156381.43,138964.76,156225.79,157239.8,139718.36,150548.52,156970.53,145737.49,158138.15,156810.6,150110.34,142365.67,147561.12,150950.6,151890.74,154266.89
311085,126742.67,131628.03,118367.59,131265.37,132756.31,121492.93,117703.9,124651.61,116403.23,122115.69,117786.49,122423.66,118861.49,129294.08,122618.26,132172.72,125013.62,125070.81,119876.18,111962.36,123597.85,132889.35,118167.63,114340.03
312254,171201.91,159882.02,165654.12,171588.21,180277.0,178278.4,174944.92,172931.89,190615.76,167161.24,186552.34,171150.95,168067.85,168818.73,172750.76,168177.47,178331.86,166119.54,190052.57,152316.15,180879.83,173976.45,171737.13,174642.65
313264,199225.18,191424.76,211488.41,185351.94,201539.4,176704.04,177992.46,195345.98,211821.3,192640.31,203076.08,213582.71,203991.61,199097.94,208726.16,184116.14,209435.44,183746.55,189391.38,185540.49,191999.54,206124.32,214175.04,194658.43
314265,160572.88,168806.14,158552.41,159777.09,153181.31,172352.05,163699.01,172350.08,163590.5,166127.35,156071.39,167480.93,163412.39,167921.91,166432.91,154898.34,167037.15,171559.41,165408.19,161185.23,178485.74,176118.45,161729.39,169439.98
315274,151005.44,154063.89,138804.57,135829.36,167458.7,151167.29,145603.38,162449.99,155009.68,162779.44,146061.4,155976.34,140130.72,147462.29,170086.05,148959.88,155567.01,152089.8,148525.75,144659.66,153435.36,146196.84,177418.86,149488.32
316283,145780.24,143597.15,147624.26,140656.68,139845.04,141127.21,134996.92,136430.12,132324.71,141404.13,136909.72,150625.57,133850.56,143386.74,137811.31,141143.64,134704.48,133744.84,121239.48,136038.25,134882.49,126799.36,140575.62,147574.96
317284,156396.59,144313.54,155063.11,141562.11,146157.56,149067.73,151877.45,134411.71,154442.48,139063.4,144117.01,138880.49,147094.05,152139.25,150142.37,133888.85,162654.11,143640.32,135185.21,137582.67,149396.75,134896.51,155962.93,147552.52
318294,151437.69,150046.05,147114.17,158989.28,131816.39,146539.34,148497.54,140074.16,144359.18,165614.73,151710.42,138196.06,147421.49,144050.84,157171.18,166989.11,147268.13,149756.95,139532.93,148771.23,150710.86,143788.42,140870.04,150762.59
319302,122760.94,127982.86,127554.11,124384.9,129321.91,127592.56,130762.4,131880.36,124786.15,125646.68,129762.81,118738.44,119012.89,125192.03,130385.17,127928.42,131358.76,127510.92,120822.23,115807.48,114735.23,119887.88,127758.66,122115.47
320385,126083.34,133709.82,138751.67,137351.5,136844.86,126406.41,128288.12,132259.28,126208.91,142592.07,137284.21,125132.47,125468.78,139757.97,124345.19,132069.57,138502.84,132818.98,127531.1,138934.55,127362.62,129200.18,126082.16,124971.17
321402,140204.82,138984.79,140885.55,157058.6,150355.81,142967.0,146352.22,138511.66,135683.22,147151.44,130382.86,144083.37,134251.84,147506.79,147433.76,147183.43,140366.57,137604.15,152344.09,144631.54,132889.13,137414.33,140513.61,135041.28
322415,156978.14,146353.4,171917.75,171181.22,154427.89,163927.4,150773.6,166666.89,152094.95,165580.43,154387.74,170922.33,164409.44,154624.68,161874.83,165637.37,159244.45,161546.42,167483.94,174427.89,167981.84,164457.59,159910.34,152442.92
323416,169805.17,164576.69,176493.21,161682.78,168520.55,155316.71,153084.03,150255.21,193192.09,165383.09,165303.47,173018.76,170889.96,175557.81,172844.96,166460.71,172217.89,179119.58,180544.91,161939.59,182466.25,169565.99,178552.32,182553.81
324419,149792.26,132224.36,134485.04,149541.45,128559.22,146764.33,146867.13,144139.1,149818.73,142692.87,151749.42,149898.82,147551.93,142027.9,153807.72,138242.05,132121.18,147795.72,134227.23,139833.35,123473.4,135058.54,140730.84,147999.11
325424,138255.78,128833.79,141571.71,142394.19,143522.66,140188.7,144849.21,136924.48,138225.32,142741.58,140915.67,146977.28,138057.34,133588.27,136702.56,140393.79,131315.56,135517.2,142053.63,122370.66,138032.51,138163.15,137747.01,143408.08
326425,180703.34,159273.27,177904.66,174032.33,181836.54,178324.83,178350.8,183037.59,170249.85,188604.25,180818.2,189858.27,163266.42,172856.96,190197.72,184403.26,186633.14,194252.38,167684.99,195523.41,190893.66,189190.11,178086.61,174862.23
327438,132545.69,146751.29,120816.21,147628.7,147510.28,141820.59,146744.66,145815.15,150223.43,151899.76,157238.07,146095.51,142952.69,148570.17,145762.81,150796.58,159405.26,147093.15,141710.84,153845.9,136697.46,139976.41,152511.01,149776.61
328439,172033.73,154141.37,167948.56,167419.74,163993.29,176655.85,154277.09,173229.69,166615.47,159362.01,172989.77,165848.95,176977.17,163817.63,166530.82,169964.28,168679.4,162834.06,178730.55,153422.14,167802.48,167615.07,163250.36,159319.53
329533,206307.42,209040.58,207240.76,218191.61,192328.73,192966.69,195433.2,212076.02,197698.36,209733.9,198220.05,208756.69,202288.75,209498.1,190369.53,217295.29,211167.68,199386.35,217911.35,191954.88,208189.23,192741.25,212595.1,199451.75
330534,15901.59,15847.44,14735.62,15328.86,14873.83,15718.56,15789.19,15482.12,16768.65,15864.3,14188.95,14785.53,14519.63,14522.78,13564.68,14693.12,17034.27,15248.59,14724.69,15604.47,15768.0,15307.71,15674.03,16069.97
332114,256264.6,243915.45,280806.72,258072.72,270871.4,279325.4,256072.22,271756.0,269939.71,280440.9,264980.97,291749.09,255468.24,255216.76,258641.0,258636.4,270414.35,253130.81,258123.47,239154.32,259037.54,266992.87,265899.99,275018.85
333115,125710.49,136931.95,141981.49,140220.8,122238.76,138708.17,127702.17,134527.53,135469.09,129988.84,139293.16,131941.77,143719.61,135614.28,143628.89,134568.11,142156.17,131858.92,143816.7,137483.17,137770.27,139873.14,135074.94,126335.75
334124,108056.17,99416.39,99410.05,109812.69,106921.02,102140.27,103422.98,107669.46,98650.94,100601.29,113630.12,109950.36,100688.86,93716.93,106445.64,97932.85,111103.99,114006.23,99290.3,101135.84,101687.53,95109.82,96140.81,112892.06
335253,126810.21,126692.87,115800.18,116160.96,111767.87,111583.43,120125.13,122635.7,127063.05,108246.88,114449.26,118883.55,117552.01,122069.07,118651.28,123826.79,112337.96,106406.04,116687.34,112454.17,112530.14,108299.92,122965.72,104352.26
336254,110872.49,99548.63,112344.64,108188.28,111659.72,115498.46,99221.89,105240.95,96937.33,105349.84,105505.68,108561.27,108083.93,101134.41,109299.99,101991.26,109889.71,105085.82,108987.12,105837.8,102778.56,115788.08,99665.39,102546.71
337255,82384.18,83797.25,80636.34,69901.57,86433.08,82658.87,86392.2,74106.71,82286.06,81108.46,89559.62,79081.06,92713.45,76533.7,78157.49,81102.58,82009.96,79555.31,79173.83,93588.18,82763.42,80524.84,75071.2,83733.34
338273,100534.78,89482.01,98438.94,99273.43,99721.54,99732.24,83416.24,90342.65,96459.45,106912.43,101958.44,97659.72,92950.82,92020.86,93387.89,91569.72,102504.59,95258.41,101418.04,93568.82,99499.45,96456.59,101678.96,96387.75
339274,91326.84,97333.25,83541.41,104944.97,94047.58,91091.02,92805.45,100530.49,97837.31,86074.29,93607.55,98498.36,88460.0,95663.2,77764.01,82927.45,86855.54,83297.23,83284.67,95736.27,89542.4,88713.74,89264.22,94167.03
340285,91658.42,86238.09,83089.74,82424.8,95778.7,89404.82,86762.38,85817.44,82051.2,87366.92,89225.99,84308.72,76941.39,92025.72,89999.08,87434.9,89299.71,91037.09,92253.9,84935.57,86669.95,91973.14,82371.64,88842.46
341293,45868.56,48907.45,43736.89,44158.79,47855.19,44211.25,47008.18,47823.29,45255.93,43129.33,45921.37,44516.42,48769.12,49254.28,43206.89,44346.32,41406.91,45614.81,47983.73,42069.05,48389.27,49157.12,46811.0,43192.29
342303,53413.22,49075.5,50955.3,54185.67,49884.81,51511.26,50935.87,51654.16,51196.46,51176.06,54997.99,48524.83,53495.61,53970.28,47223.47,52068.9,48725.12,51241.74,50084.71,51657.03,53565.54,53690.73,52143.89,50708.4
343313,37095.4,32391.97,37334.61,33408.27,34054.24,38098.8,34163.61,36336.69,38993.16,33455.6,36173.05,33951.1,34267.82,34514.23,34691.69,40263.13,35462.65,32860.83,38127.3,35802.91,33513.13,35215.26,33830.65,33943.36
344343,18198.89,18425.66,19458.64,17340.1,17743.24,19890.48,16827.8,16326.82,19441.75,18703.57,19547.52,18471.93,17114.31,18996.78,18818.14,19040.79,19012.14,18735.01,16324.78,18156.4,18942.1,19084.95,18347.95,19623.21
345413,12766.71,12703.91,14786.75,14935.04,14252.35,13672.54,13622.65,12226.48,13604.22,12569.48,13230.92,13624.64,12652.03,13777.87,16001.66,13799.41,14180.11,14342.76,13672.39,15231.29,12826.58,13952.04,14345.73,14829.84
346443,4157.97,4552.89,4229.84,4272.83,4563.01,4389.88,4097.09,4631.09,4319.48,4182.84,4609.27,4074.63,4435.49,4094.82,4427.62,4357.33,4696.29,4682.27,4183.96,4681.35,4233.38,4367.0,4308.87,4301.64
347835,104044.15,106443.52,105943.4,108730.52,106465.41,98897.15,101112.32,110365.2,117183.09,115872.97,110222.67,115767.0,99333.65,110715.74,117635.92,99950.59,121431.22,123284.11,111598.44,109773.29,121021.74,109079.94,119836.67,108546.62
348836,81784.14,76051.04,76083.27,83724.38,73669.53,80768.62,80107.93,78919.4,81094.53,79376.33,82318.44,76992.43,86349.13,79339.65,84656.5,79805.36,89253.8,84488.11,76044.19,76407.95,78236.78,88434.81,80863.86,82411.97
349843,89506.3,100519.86,95804.06,101817.12,95680.62,92528.72,89339.31,84539.58,94551.25,87882.74,91376.12,101080.23,90394.87,99170.43,90802.03,95403.76,98366.36,92195.96,93676.48,90978.95,97614.32,94711.49,90001.78,85313.29
350845,87457.61,79070.37,86521.37,79968.06,84197.46,86783.44,77369.35,77666.86,79205.35,86655.13,82683.78,89051.9,83135.26,84738.92,92412.45,84740.12,87726.78,80975.06,84400.21,84649.11,86361.42,82944.7,87267.06,86215.56
351853,87262.89,90452.05,85114.91,95550.32,87765.15,86510.06,81674.32,89373.86,91071.04,89478.92,96289.78,87103.94,98419.87,95287.16,95934.72,89543.91,92248.61,80820.05,86993.4,87468.66,92399.34,84197.19,90127.74,94712.01
352863,74628.48,70051.99,77941.37,77039.12,75256.25,73419.81,70461.77,76321.42,77821.16,72396.92,77938.44,76605.73,66139.8,72917.8,70630.02,67758.78,73826.61,71369.26,68212.44,78368.93,78478.03,72501.55,80243.77,72785.59
353923,78715.8,84613.66,81871.83,91888.67,86943.11,87301.27,84986.45,86395.42,76731.02,74800.51,85904.58,78448.37,87975.48,91257.8,85293.98,87190.65,87699.61,86584.77,88546.33,81307.4,83993.55,80771.75,85506.76,85897.71
354924,80188.53,75777.0,75552.81,70630.9,73807.35,70522.41,69477.71,73547.57,75695.25,74804.56,77189.1,66677.66,70313.54,76405.41,71706.86,74942.12,70603.76,73064.61,77861.18,72164.62,73999.53,67545.15,68801.94,72724.91
355933,82507.65,74666.46,73347.51,73200.94,74014.0,76497.18,83696.13,83015.77,74818.29,69630.03,76318.22,82910.41,81504.84,75845.68,82640.58,77158.75,83278.93,85814.45,77365.74,70220.32,75876.37,80216.17,77365.4,80566.31
356934,84612.41,79111.47,80521.42,82356.44,75021.29,90912.7,83049.46,78641.41,78101.31,90250.4,84538.52,82445.29,82073.87,78790.65,82900.38,79045.0,79891.79,86126.63,80735.44,80651.18,80704.29,87852.98,87099.12,85976.48
358096,84694.09,70553.74,82951.07,89091.28,81044.53,81795.41,84222.53,76409.52,86331.59,76287.41,80276.55,77140.6,77052.76,80312.84,81309.92,80208.13,70062.01,88335.74,88779.18,80950.25,85793.15,83011.67,80493.52,78072.25
359104,87972.62,81332.12,86571.11,87601.48,85925.12,85790.1,87292.7,80106.23,83767.3,78194.33,79782.63,86439.7,81782.98,87151.54,83297.19,92773.38,92336.47,80309.53,90911.31,79650.22,77215.73,87351.45,86407.08,84949.9
360105,97892.23,87054.67,83680.84,94781.02,92023.28,86929.9,90006.2,99643.25,92114.0,80837.4,91663.83,86578.23,88602.03,96971.42,86989.86,89011.36,94872.51,90676.79,87437.11,85070.33,95291.4,92099.29,96961.26,89456.05
361114,74488.6,74092.96,69364.73,80908.94,78707.37,69398.37,66812.45,75052.48,73013.45,75047.11,69517.78,79078.52,68065.06,72158.87,69960.77,75268.54,70966.38,69358.15,76483.81,70142.46,69355.4,74876.62,80540.58,70865.51
362115,86126.19,81895.42,91218.36,87775.46,84802.52,83333.53,93557.81,83201.1,83398.82,82542.39,79891.18,80477.39,84357.8,82238.06,77653.89,85533.24,83527.64,84108.51,85885.49,90077.19,84861.0,83293.65,85789.74,88970.4
363124,57591.07,54099.0,58709.12,55287.59,53936.23,59294.33,53683.41,52216.26,62246.89,53753.19,57154.53,54771.94,56454.78,57849.99,57055.03,55232.9,56457.29,60440.31,51728.38,55468.71,59947.3,55510.94,57407.78,56825.44
364134,57603.86,63285.92,63296.5,57914.23,58365.46,56001.8,61635.86,60326.83,67647.23,56450.2,61909.13,65000.75,57663.58,58679.54,58122.02,57800.26,55567.65,65142.11,63283.25,59521.75,58822.39,58290.12,52974.47,62588.64
365144,77728.42,77624.6,71736.24,75079.67,72832.67,78150.65,74340.28,71388.36,81689.55,78485.86,76501.84,78572.44,83034.98,70428.36,71944.7,80187.32,75914.02,71170.7,73427.13,70899.36,71971.06,84005.08,73699.88,70755.95
366154,65254.7,65752.08,74242.68,75221.17,70019.96,70626.92,67796.44,64668.95,71007.33,60336.21,71258.24,66665.98,71825.72,69645.41,67085.35,68526.85,66496.67,73898.24,70367.16,69104.65,63460.66,73162.05,70993.66,63780.84
367155,71777.09,69060.94,70421.52,76285.68,72899.57,70526.72,67809.05,71871.06,71295.5,76276.67,70583.11,68920.34,76130.54,70567.61,77371.06,73138.28,74584.71,73794.85,70443.14,77619.07,70962.41,71761.46,76335.41,67428.86
368156,75687.59,70603.79,77131.96,78191.76,86463.1,84749.77,73449.05,77913.94,77515.47,77997.28,74407.76,78973.92,75532.04,76766.99,68037.9,82999.2,72753.06,80315.08,73362.16,70863.34,76383.44,76420.72,78613.11,79128.83
369165,72168.65,68402.1,68793.0,68240.86,75576.11,68603.65,62750.72,70776.08,78346.79,69413.29,75058.76,69574.63,71077.09,76679.47,69618.79,70696.12,69185.32,69195.27,61803.81,78526.0,68015.07,74503.43,68111.34,65425.37
370184,81375.51,85741.89,81179.64,79899.82,88258.88,88683.02,89125.26,86325.65,82738.26,83642.97,90242.85,82996.21,84014.74,93412.39,85849.06,86442.74,92877.6,85857.26,84706.46,77932.86,92648.32,84098.03,84375.97,85087.4
371185,83083.65,89012.41,80624.78,82718.82,83532.32,83606.17,82174.42,81239.47,85795.14,80559.8,87816.74,84018.15,94805.57,84732.17,75008.53,88237.65,83032.37,87871.76,81543.08,86744.57,85185.16,86021.22,86091.69,84972.12
372194,84954.25,86265.18,88451.22,86204.51,87416.58,85712.82,83314.75,81581.36,82155.82,87308.55,77330.51,85445.65,79444.6,81312.38,87457.48,86383.53,91062.73,86285.61,82882.84,84002.36,87471.1,81838.63,88040.74,87081.56
373214,82508.32,87369.9,85664.41,90035.33,91716.55,85573.71,89136.08,86949.69,87934.15,86967.92,90184.57,82111.01,83571.94,81995.57,93086.46,89236.68,88489.86,86644.98,92481.63,89517.54,92134.83,90602.68,84291.24,89196.22
374224,67542.42,62686.85,67700.6,66473.52,63567.34,76068.08,65938.68,64284.88,65386.94,64824.06,65958.98,72866.4,63269.9,65305.73,67782.16,66915.69,72000.25,65842.36,75593.29,66512.69,73375.63,68728.74,71739.26,68398.22
375234,63227.56,59640.7,52492.59,59475.6,56852.17,60093.26,57899.43,52015.82,64567.59,58539.17,62171.1,53697.9,57675.44,55424.38,53656.93,60659.97,63382.98,62339.92,58134.86,57509.71,58715.07,56897.79,59944.41,56577.62
376444,98683.49,95443.87,104736.56,95325.54,98115.26,91828.92,94956.13,97893.76,90111.24,94981.94,92385.41,90811.33,93161.21,96635.24,95831.62,98982.99,97298.98,98487.2,103075.61,101613.86,92873.03,97514.42,87303.24,90973.4
377445,57331.29,58662.15,58862.05,56514.49,55055.32,56545.26,55532.59,54085.38,55129.44,54158.85,58667.01,59081.03,63487.24,57685.93,60521.21,54847.75,55889.85,57400.7,55841.17,54552.29,53982.71,57657.03,59715.26,54253.06
378454,50194.73,51452.68,52377.86,54357.65,54531.31,50272.85,54774.8,53961.35,52775.73,44329.03,52054.49,54764.88,52272.12,55043.31,48477.75,48376.89,54747.83,55458.32,46579.11,51224.46,51513.53,50335.47,56228.02,45610.21
379524,66273.01,62541.15,63967.32,67827.19,66174.26,67455.62,66157.44,68659.35,66982.23,67633.18,66957.78,66654.42,61112.25,68520.68,68890.96,68971.42,63885.59,63699.82,69961.97,65494.24,66281.87,66170.45,62112.1,69252.28
380525,55228.99,54817.74,55108.01,57296.57,58695.47,57135.67,57433.19,51410.68,56686.15,59542.2,52472.2,56199.98,56667.58,53436.29,50648.38,57753.78,52505.75,55225.49,61602.22,54147.71,53330.43,55402.11,54829.95,50411.06
381534,44648.49,47867.92,41100.87,42063.06,43926.05,42579.86,43820.81,41200.62,41725.35,43751.62,44035.18,39063.87,40631.29,40325.84,41024.71,46286.56,41416.14,42538.85,43237.07,43212.39,44313.13,40464.11,43402.73,42299.87
382544,37463.47,38204.36,40580.3,41324.11,38013.53,37066.69,35647.16,39000.23,36916.04,37612.09,40640.47,38205.45,40499.96,38878.87,37487.1,37859.77,36829.87,36674.79,39514.22,38049.07,34616.42,36038.21,36751.43,39234.71
383554,48143.01,49295.72,46798.41,48960.46,50569.76,46470.25,51657.1,45303.56,45998.0,46634.07,49611.4,49932.29,46476.39,44782.88,51970.72,48079.01,49143.11,48119.19,48293.96,49078.21,48517.76,48060.97,47494.06,48440.2
384565,33337.15,33657.84,33371.72,32165.26,32564.64,31521.37,31960.98,34146.75,29959.01,32559.71,32605.04,32501.01,31859.52,29708.58,35099.86,31762.35,33698.82,32968.14,30059.54,29891.55,32884.55,32965.58,30725.08,31971.46
385566,43997.33,48056.69,45893.41,45860.09,46010.49,49392.61,42673.81,43367.17,41214.93,44532.54,44446.35,41322.31,44257.86,46935.79,44356.93,48686.38,44492.66,44731.7,47654.97,45912.02,42150.54,44431.66,43764.55,45080.59
386574,35083.75,33164.75,32010.06,34642.06,33682.16,32311.99,32839.34,31508.89,35536.34,31915.26,33079.1,33861.77,33458.64,35378.4,32724.83,33328.24,31403.76,32775.64,30484.27,35676.28,34365.54,32872.27,32790.96,31810.3
387584,47168.26,47723.07,53938.6,47545.6,51908.81,53475.27,50699.29,49000.27,47694.78,46779.86,52087.61,48826.63,49233.77,47361.05,44959.67,48045.17,51444.43,52318.16,45610.76,45775.57,47038.42,43445.11,49441.57,50235.52
388594,24440.66,24099.41,23079.02,22842.76,24175.16,23622.57,25147.32,21783.08,23930.14,24373.92,21088.47,24067.11,23432.91,23216.1,24926.63,22726.0,25113.55,23101.18,21704.14,23597.01,25182.91,23851.92,23363.61,24398.39
389674,49717.15,58411.88,57231.1,62670.71,57223.21,58015.56,56712.86,55767.73,56263.7,55423.97,56664.98,58366.62,57147.7,54228.48,57350.4,56783.48,63347.63,54946.11,57851.0,60717.04,53990.77,56967.43,63657.27,56269.15
390686,44952.37,39988.87,47249.59,42736.36,46685.23,47728.74,42752.79,44647.57,46259.17,46327.21,47933.25,51672.18,46300.39,41399.08,46098.86,49997.69,47176.21,44402.63,41977.95,46222.34,47823.16,45051.46,43249.02,45691.54
391694,33075.98,31393.43,32010.81,35164.55,31322.56,28379.76,32801.03,32681.48,31000.43,30079.75,29516.18,31555.84,31646.65,30405.0,34516.56,29448.65,31401.45,31093.51,31182.04,32262.87,32560.46,34406.76,32988.29,31645.92
392760,34208.15,33044.02,31424.01,29720.86,30378.42,33946.92,29778.11,32171.16,28681.51,30519.5,28278.34,31258.03,32049.67,28188.5,28702.53,29823.06,30377.52,30252.41,32605.33,31395.79,31084.37,33234.62,30747.34,29570.17
393794,39287.52,33879.37,36057.65,39735.34,37407.77,35780.37,39841.34,35939.73,38497.01,35842.61,41387.04,37258.79,36395.08,37778.03,41474.04,36465.97,34548.64,32807.9,37125.82,36025.13,37955.77,35941.51,39034.08,36147.66
394814,56330.0,56576.83,65459.01,56156.49,58191.34,57098.55,60085.79,61325.04,52937.18,54664.96,58780.34,60103.13,52361.19,56107.8,59674.5,58232.52,58792.39,61531.3,61702.19,55869.06,57678.32,53841.03,54098.12,54233.47
395824,47378.31,48017.02,51744.05,50429.01,49176.9,51550.99,48620.41,51206.79,50587.84,48535.64,50209.23,48507.14,56380.47,48388.69,54085.56,49718.27,53122.43,52219.59,55827.68,50050.24,52258.77,50091.92,55328.32,56515.67
396834,39212.47,36658.43,35471.39,37293.18,36417.94,37436.53,33281.04,37399.28,36543.76,37791.61,38485.94,37728.14,36741.28,37728.9,35799.93,35631.52,37178.63,36504.89,38851.91,35165.5,36414.28,38502.34,39254.25,34659.6
397835,46081.45,41729.55,47876.84,47975.56,46599.3,40917.55,42936.87,47033.34,46568.3,46586.98,41514.55,43462.57,43260.37,45128.7,45074.21,46005.05,43149.78,46031.51,44775.99,46924.09,45765.06,49083.83,40698.6,43441.27
398854,36037.27,34304.72,37901.9,38431.93,40449.64,37466.23,38594.19,36624.06,35631.48,33628.75,34289.16,35749.99,36120.35,38423.14,37864.74,39231.56,36035.32,36565.85,37225.97,38082.18,36996.45,37655.97,39248.86,35574.78
399864,45270.17,43713.4,44553.84,42145.77,42549.27,44504.29,45300.91,43017.51,43009.89,43581.56,40406.85,47645.15,43447.42,43297.52,40544.39,44602.86,42033.64,45099.42,44420.67,44748.73,45796.74,43262.24,46755.0,45577.04
400884,36866.35,35802.2,38123.91,38837.26,36267.85,36811.77,36433.51,39475.01,39574.29,36736.84,37698.76,34100.61,38773.2,38756.9,35164.38,37853.04,39010.27,40213.18,38248.75,37144.86,35433.78,39115.32,36687.26,37249.79
401904,53796.9,48755.97,48980.2,48979.27,52615.5,52013.8,47100.93,49139.3,49707.62,55695.82,47481.87,45422.43,50750.18,48050.47,48063.47,50204.37,48634.74,49542.87,53456.77,46728.59,47880.37,51479.19,48223.68,50931.85
402914,42668.19,41858.97,42470.01,42098.16,39114.88,39496.0,39984.0,35673.07,40478.54,41248.3,40166.48,40554.11,40481.4,39340.16,43991.8,42644.55,40742.55,39486.48,45438.48,38209.63,37940.67,40813.08,40724.07,41718.67
403926,36045.92,34658.68,31806.85,35846.81,33095.6,33538.93,36611.36,36150.25,32663.25,33078.98,35601.42,32732.6,32661.67,36324.89,34323.2,31549.1,33301.73,38126.89,34509.26,36563.32,33998.24,34269.92,36385.94,36311.94
405024,25600.7,26339.34,24772.41,24250.85,25557.69,23834.23,23366.99,26595.62,23810.16,25879.68,25379.2,27650.73,24196.51,23828.84,25664.36,25965.66,23288.06,22741.27,22737.03,23950.68,26974.34,24638.44,25515.52,24363.95
406084,39600.37,38326.79,38877.47,42813.08,40818.36,39141.32,38207.98,37936.34,39174.37,39353.49,39387.38,39844.26,37869.48,40406.47,35601.9,40434.44,38909.35,39730.37,37577.84,42546.18,39367.49,39078.92,37656.18,38745.75
407104,31622.34,31223.28,32466.32,33296.75,32481.55,30113.22,29322.53,31692.98,30475.38,30710.33,31010.91,32692.28,30411.28,31665.71,26326.71,33186.1,31861.66,31007.33,30214.12,32484.44,31730.3,30863.59,31627.69,31159.96
408114,40920.03,46205.21,46881.46,42569.23,44185.15,45579.66,46653.26,45517.68,47053.27,45830.54,47314.56,43159.85,44495.13,42845.74,42449.4,41878.47,44041.64,45333.52,45021.33,44507.1,43411.35,41556.61,44339.3,45675.67
409124,32428.25,32530.88,32232.25,35839.32,33842.05,31542.21,30264.78,36911.23,32579.99,36850.37,34244.75,35357.9,34390.86,35167.65,35516.97,36276.47,29305.4,32007.65,33748.59,34319.96,33512.68,32371.37,33195.91,33869.56
410134,30883.58,30951.47,34761.8,30371.75,32728.88,30994.75,33706.82,35413.18,34582.96,34302.24,31718.07,34580.46,35128.25,30754.0,34604.52,31924.6,30395.57,34310.41,32926.72,34821.7,31699.33,32039.99,33095.44,32432.49
411298,39881.63,38331.96,41890.12,39467.0,37924.79,38794.83,41547.28,39052.15,42487.45,40670.12,38903.91,41782.53,38624.96,37385.77,35945.81,41394.59,41414.01,39556.09,38733.26,37784.71,41898.1,40971.24,36738.71,37205.44
412314,28342.88,32677.13,31443.4,32885.17,28200.05,32263.03,32839.37,29594.27,32922.92,31508.61,31927.75,32373.85,29078.42,31983.26,29712.13,31018.71,34522.04,34318.36,29504.5,33548.21,29859.03,32721.48,29672.75,29707.91
413325,38265.09,37190.89,39209.04,41146.36,43620.27,44551.55,40090.88,39894.27,43570.73,39606.83,39930.65,42522.68,39485.88,39490.98,40305.78,40665.63,37973.34,35766.67,42826.95,39690.24,40264.1,41665.09,38968.99,38105.55
414334,28472.36,27146.73,30098.38,31065.97,29902.51,29795.52,31695.77,30646.01,31166.34,29436.37,28927.38,28572.3,29176.23,29562.6,28772.86,31716.54,26974.02,30087.32,28677.95,31104.33,29032.12,31871.04,31724.58,24284.09
415344,37315.62,38542.12,37054.43,38221.12,39531.12,37424.87,40277.91,37941.68,41653.31,39142.65,37977.64,41439.34,40546.59,41659.65,39940.5,38150.27,36441.65,38093.7,42450.44,42673.51,41535.09,41356.16,39864.92,38742.77
416354,20512.79,21848.97,22505.31,25032.41,20773.76,21290.56,24103.87,22532.21,22686.72,23433.19,21174.67,23094.71,24375.91,22923.89,23527.52,23783.79,21737.05,24424.15,22294.67,22775.41,21541.82,23170.12,23457.79,21432.72
417454,26544.84,30695.12,28709.45,28947.71,28796.76,28454.23,27416.58,26517.31,26822.41,24389.05,27202.39,28741.58,26976.06,28867.01,30192.07,32020.67,28356.23,28959.86,28818.37,27778.04,26234.09,30600.08,28637.33,28732.24
418462,32858.06,33710.19,29725.65,31835.36,33195.47,30450.61,32959.75,32313.66,34786.53,32380.9,32590.34,32898.57,31574.07,32300.54,31507.49,29133.32,30956.26,32695.53,32018.54,33119.59,30529.66,30371.06,32674.35,31867.54
419483,36876.25,37965.0,38920.92,38315.23,33078.58,33801.97,37890.62,37144.38,34734.15,35516.46,33542.25,36749.04,35793.69,36430.26,35938.58,37142.8,37836.98,39248.62,38708.8,38654.41,36531.06,35052.6,36654.98,38683.15
420492,27263.64,27405.34,32178.99,32270.11,32319.56,31799.06,28332.47,29303.24,28344.26,31111.5,29968.7,30819.45,29668.81,31147.39,29229.4,29252.23,28799.11,30627.37,29130.02,30727.5,28415.02,31560.19,29930.43,28194.49
421503,24299.95,26973.78,25465.98,27349.66,26160.93,27837.93,27856.81,26579.8,26066.05,27041.96,25087.69,27271.98,26551.01,24673.05,26055.0,26871.46,27357.44,25395.56,27497.86,27306.99,26038.96,26193.95,27960.02,24949.59
422511,12921.96,12452.54,12498.39,11983.17,11727.72,12168.76,13798.37,12990.3,13621.71,12914.43,13107.46,13486.91,12491.41,14208.72,12648.58,12093.77,12872.34,12676.4,14530.0,12935.94,13153.04,13114.71,13323.21,13282.92
423531,6085.67,6823.36,6519.91,6467.13,6425.98,6536.93,6310.04,5948.8,5611.95,5548.86,5841.34,6342.98,6055.55,6732.87,6280.5,6322.36,6716.57,5362.81,6321.63,5833.27,6275.94,5912.47,5888.28,6047.31
425712,5884.31,5917.43,5127.36,5425.54,5583.24,5907.18,5459.62,5676.59,5362.35,5727.85,5365.72,5627.49,5761.4,5575.81,5049.26,5763.02,5574.55,5204.78,5446.0,5605.85,5333.7,5295.17,5534.91,5576.27
426721,3900.0,3786.5,3549.88,3392.28,3906.71,3669.54,3546.17,3491.59,3743.33,3717.63,3614.36,3747.3,4035.63,3635.84,3504.89,3717.48,3479.31,3667.39,3341.67,3498.7,3642.46,3716.6,3647.46,3609.68
427992,183.91,163.92,171.86,166.97,171.18,166.29,160.17,170.44,174.03,180.98,171.42,167.33,166.19,168.35,173.02,162.56,163.61,174.94,168.6,172.93,160.76,176.98,162.42,176.37
440865,26350.3,24462.52,26643.54,27109.9,26308.39,26211.93,26780.72,26552.62,28281.13,28589.01,25791.46,28262.92,24146.26,27066.11,25776.46,27988.98,26901.25,24969.8,27612.49,26903.65,26880.38,25110.59,27716.77,27969.56
441866,13965.58,13882.61,12116.14,14044.87,13331.33,14104.09,13765.81,13228.92,13228.98,13528.99,14947.86,14490.26,15660.38,13430.47,14222.71,15150.83,13257.61,14134.77,13678.16,14955.84,13746.56,13750.69,13428.85,14212.1
442946,45286.43,43797.24,41635.41,48323.74,43596.91,45640.37,43540.95,43926.66,44703.45,44265.4,43721.74,41782.9,41456.48,44966.71,39545.6,43116.29,43087.08,42333.68,40581.85,44237.14,42896.61,44478.98,45048.16,43426.15
443956,44070.98,44412.62,44906.35,48625.93,43045.81,47821.04,45799.82,46174.37,44924.8,44967.9,45586.84,45037.71,45740.83,46103.25,38626.98,44303.8,43771.72,42799.96,42536.26,37964.45,44725.79,45777.06,40538.74,42656.67
444965,47131.48,44908.78,42833.88,44531.01,46762.79,44107.56,49164.25,41636.65,46147.77,47892.93,43828.43,43460.0,46890.68,47243.39,44125.05,45368.09,39643.39,45228.09,48832.14,43607.54,41330.83,46744.49,45793.65,42003.45
445966,39271.29,41747.72,42464.18,45435.28,45610.07,39585.15,41358.6,42972.75,40952.89,39312.58,41101.1,40147.27,41304.28,38340.3,41857.19,43172.92,44508.39,44226.65,41191.48,41146.72,41923.45,39771.75,42536.27,43057.92
447066,46233.08,47372.98,44487.45,43537.11,46105.61,46079.54,42794.6,45103.61,47679.73,48136.97,43411.59,46789.91,50879.03,44206.9,43859.21,48376.52,44586.03,45796.46,50623.22,46605.84,45992.67,47146.19,46668.45,48635.37
448078,41123.41,43172.61,48284.52,43739.43,43606.66,47304.75,40128.69,45829.74,44676.74,45293.28,45411.05,42561.62,41230.26,46281.15,44301.68,41642.72,45105.4,45812.52,43808.76,43614.84,47144.06,42752.81,41578.18,48813.25
449086,56336.11,56023.41,55627.75,59019.37,59571.76,51771.69,56147.19,58879.06,56137.51,56941.85,59394.64,48747.28,54730.43,57310.46,57593.44,55743.83,54627.43,56584.56,57022.43,52299.37,53307.52,55235.62,59909.91,53162.2
450087,36759.68,36672.78,40875.83,39493.15,43108.46,41090.54,40978.27,38821.41,39014.03,32957.63,38099.04,40289.48,35746.95,38301.89,40479.34,36745.17,37665.7,38761.92,38263.63,41021.16,42154.75,40228.93,36504.72,40811.47
451096,48299.22,49717.49,51970.26,47753.49,48189.73,48810.17,51081.7,47319.85,48917.21,52370.84,49289.7,46926.04,53306.42,52142.74,49060.08,49615.26,47366.58,54052.98,53405.07,54059.88,50391.43,54981.01,48774.82,53855.31
452137,58323.97,58387.47,66277.4,60251.89,60312.82,60065.76,59379.91,57411.34,58511.05,59043.93,61595.44,58336.7,56174.12,60914.77,63820.88,63600.08,62490.23,55155.29,56297.8,52810.57,55500.48,64117.51,64721.9,58506.5
