0,125754.32,115402.64,117471.63,125743.6,113567.77,129380.55,114722.83,127000.39,121908.45,124689.99,111833.15,115626.62,114107.67,109214.68,109644.3,120845.84,116308.6,121509.31,108953.38,121920.58,117739.52,104801.5,118830.57,114330.77
1001,905.19,899.44,879.05,906.61,868.18,851.8,894.16,990.95,869.36,958.35,865.83,848.55,802.72,868.03,863.49,908.77,899.5,972.34,915.53,892.76,833.34,915.95,914.17,939.92
7116,1191.34,1217.89,1192.39,1242.5,1213.53,1305.31,1248.99,1169.09,1163.8,1210.01,1242.79,1307.74,1142.31,1240.59,1121.87,1209.68,1314.42,1203.11,1286.61,1215.15,1246.38,1360.23,1248.39,1213.52
29973,129417.75,129294.66,136266.15,138147.87,131824.33,128489.1,122967.17,126055.04,138442.88,132781.98,135985.38,132361.89,115840.22,134487.83,131808.77,137657.19,129986.15,132857.67,137067.68,132610.72,134561.67,132112.52,129919.92,145450.41
30983,104491.55,107864.6,114966.25,111477.31,106682.33,112875.85,103006.82,113097.38,117931.57,110051.27,107298.64,107988.82,105945.23,114023.72,116471.28,107281.6,103204.06,116864.51,105567.19,111782.78,107103.25,109012.11,109721.81,100735.14
31993,63011.54,57522.31,66082.68,60668.41,61592.65,66673.3,64797.93,56795.66,60970.7,57085.0,62117.61,59871.79,62117.08,60946.88,55652.26,56392.86,60745.21,61752.02,60072.37,59420.86,59215.01,62686.9,56728.59,57282.17
33003,58415.0,61492.17,64567.01,61881.8,66782.37,60578.18,61163.45,59618.76,61334.32,58274.35,58303.21,61614.79,59493.61,59482.57,62107.4,64784.25,55802.33,60855.84,60672.97,57389.06,59029.53,61122.76,56827.48,62530.41
34023,93188.98,95829.05,93642.8,81854.25,90806.91,84546.95,89268.91,91066.38,93489.59,83526.44,88158.16,86207.11,95681.7,86858.84,89833.0,87091.75,81231.13,94756.27,94261.98,92538.58,84564.36,92326.0,92739.2,86318.51
35172,93962.44,89560.4,89542.08,97593.14,92589.23,98842.21,95422.51,89158.63,92331.85,87900.86,83783.33,89471.98,88466.27,94405.26,94208.31,97534.86,97736.94,79854.72,91378.85,83808.06,87036.45,91373.39,94326.65,90404.0
36282,102777.17,104839.96,104761.68,114893.66,112198.75,101270.8,108844.22,107444.01,114528.03,99944.82,107068.37,110164.68,106602.91,103863.5,104859.58,111222.98,106896.26,107351.28,110044.06,113643.94,105169.69,109912.64,107691.2,104686.87
37422,134842.24,123586.94,132014.54,133452.51,127805.76,139401.97,131737.64,125345.08,126244.26,117178.81,121532.34,141658.17,118127.73,133581.3,128731.91,122681.72,128446.01,130028.12,125791.76,127093.62,125957.35,122946.52,122970.79,130323.37
38423,179170.75,176002.35,164514.59,157052.16,170064.9,184723.59,162806.95,176385.96,181467.48,190361.83,172458.69,167506.11,177909.44,176414.57,163501.21,165851.63,168127.61,175152.31,163559.45,171349.84,186177.38,168017.24,166118.12,175980.89
39432,137330.94,128186.84,136814.95,134582.33,134052.77,136419.96,121105.99,129752.3,131610.52,131434.98,134430.12,135868.65,132416.33,137917.61,129048.37,146118.39,142184.73,127176.11,136524.52,138729.77,137554.49,145567.03,127998.92,134412.54
40437,115511.07,108903.57,100605.51,104285.86,105950.16,114439.15,97996.11,98825.85,110184.4,106891.14,104094.31,105569.13,109349.98,102385.1,113485.43,113318.18,113325.74,103122.81,97919.02,105434.64,101697.12,116111.28,107646.85,106343.22
41591,179048.6,193159.13,196597.71,190233.28,182355.54,197021.15,182009.65,187370.95,187392.59,193968.31,186617.06,179449.85,192300.3,184756.11,170511.94,183657.75,204451.63,190559.85,186609.58,185196.56,195555.47,196450.12,177361.12,185396.69
42592,103614.64,108754.92,111039.57,110548.3,116071.78,112804.91,110730.39,114119.88,114781.6,120034.75,115854.62,107178.94,116005.23,114167.11,114605.0,108032.67,107633.95,114438.99,112249.93,118563.11,123734.42,118229.43,108634.03,115895.1
43651,122866.47,111635.46,131366.0,121267.01,128156.31,123899.94,126454.28,116671.64,129195.03,126020.58,116965.87,130746.15,114932.36,123199.41,116595.54,129064.39,125800.65,125511.73,121813.09,131196.12,130916.68,128846.77,129588.64,124684.57
44831,126665.84,127559.7,138019.39,132989.78,128281.23,123226.5,133430.73,117865.11,126097.67,134253.76,134949.57,129250.6,131832.8,128587.98,124320.9,129094.29,134578.33,121443.22,125330.49,118482.25,125984.09,128807.11,129205.82,126760.05
46001,148881.83,157286.43,148676.13,152222.22,159233.47,151336.57,159260.16,146319.65,163367.86,156488.71,151234.48,155126.21,151568.76,159606.72,162237.78,151900.05,149999.74,160946.35,138221.98,148757.49,149545.4,149291.18,156140.03,157958.13
47002,105657.4,108912.27,100609.87,108396.82,112324.4,103369.7,102078.93,102225.98,115569.89,113800.64,109190.35,112229.91,109163.52,109344.07,109821.92,109075.74,115381.58,107606.33,109365.16,115954.06,107902.61,106627.39,104489.54,96923.33
48009,107966.19,119506.35,108588.94,109743.92,99792.99,103886.09,117201.25,106893.25,116246.72,104731.17,99676.72,104539.34,107669.7,111805.81,111838.62,111154.74,112778.01,109488.63,103862.87,113545.86,106385.94,105460.12,113596.56,105455.22
49010,94228.75,82803.58,90419.91,87980.62,93336.79,88552.6,95781.37,93301.88,91252.0,83666.79,91093.81,94066.45,94594.32,89332.76,98281.7,90908.42,91014.88,92565.81,91990.13,91739.56,88277.95,86317.97,91015.9,91294.04
50011,94783.0,89082.97,93242.22,94555.56,95321.96,99612.18,97787.09,94336.63,94145.35,99110.33,100778.41,96755.34,89934.71,89332.8,96291.65,97041.39,99097.25,98985.47,101784.21,94891.63,93586.29,85816.64,97318.87,96307.46
51209,122050.95,134269.25,126279.04,137129.43,141331.23,120352.45,131060.47,121146.04,131143.44,134582.65,130854.19,116542.48,119447.98,131082.99,130177.28,131934.53,126239.5,135311.55,128730.42,132046.49,132831.76,149241.03,134581.42,120102.0
52289,156959.19,154701.2,159879.02,159383.39,151036.53,146054.54,147221.64,142889.11,138440.49,143103.8,146505.23,136719.67,139400.37,149579.8,142193.65,144857.99,133178.6,150452.88,143679.97,153899.52,154425.71,149992.79,143817.68,144986.0
53290,115541.47,111180.72,113749.2,107983.24,98431.71,108203.17,121005.76,118983.48,108839.7,112613.16,108570.53,109976.04,106735.3,115886.33,107462.8,113324.33,106350.78,120710.56,127286.72,119533.9,119726.91,118430.94,100495.59,121006.3
54438,125633.47,126717.05,134430.97,129487.82,128585.76,130645.54,133187.41,130388.55,136823.95,137164.31,127970.32,122384.7,148731.63,129439.54,132487.08,130251.75,140179.84,125826.74,131581.75,138106.06,138748.28,128418.17,142086.95,140108.43
55557,142651.77,135308.91,141677.98,138499.78,133849.59,142953.71,149844.45,132998.32,130535.37,136257.03,139343.36,143939.18,138687.81,132719.95,132460.9,135455.82,139503.42,146613.1,140456.02,143107.34,145539.7,142913.45,140134.01,130069.17
56558,142495.41,164606.17,141426.5,161505.99,159314.22,152382.22,156905.4,160502.26,158328.44,154892.78,144327.63,160272.6,146492.06,166040.82,156312.1,166563.39,161507.26,150512.04,161884.3,141449.12,135924.21,153987.94,153388.6,154918.68
57568,118612.85,129635.85,120924.45,114704.65,124104.27,121067.65,131826.33,118608.65,125997.06,132906.37,121414.28,119829.75,121553.87,128480.98,119023.85,134392.39,124984.52,125571.87,123261.02,137607.01,120603.93,130321.18,129759.97,117583.11
58617,164600.71,170817.82,179965.94,162178.06,176320.54,178194.68,170925.22,167278.72,164829.86,161457.64,170813.38,157194.49,156497.39,165277.54,180304.88,153083.76,161151.46,170969.85,163522.48,168174.67,168918.55,160738.97,167072.0,166205.66
59618,123731.61,120890.61,120573.6,129843.82,125145.8,133592.04,104441.36,121671.18,117141.91,125459.72,139496.62,115308.83,131029.3,122493.14,128497.37,122402.85,113624.81,116835.41,114924.88,116236.07,119596.01,120007.18,119198.62,122208.19
60637,118855.86,111313.16,119428.82,126500.21,109647.48,125922.95,116802.55,110454.84,113154.82,104913.28,109311.02,120225.29,116930.96,104314.12,116186.24,113349.92,106216.72,115574.92,108234.13,116336.76,115615.05,126523.08,113650.21,124006.94
61648,123282.92,122802.91,116278.04,124198.89,115880.67,119437.26,109812.64,122912.09,128991.46,107618.73,132854.89,133472.58,122422.63,119914.5,121381.82,112174.61,111538.16,120078.74,124026.8,129960.61,130477.06,108269.95,110314.0,118128.82
62649,118052.6,129303.01,120720.6,104214.08,110273.28,120759.56,121311.97,111377.67,119939.07,123718.05,117713.41,120415.65,118058.38,115964.68,125296.12,122389.48,121633.38,124656.53,120545.33,123541.15,118808.9,120273.29,122731.85,120484.12
63827,114421.72,135538.69,135729.21,126436.01,111832.51,129414.11,147427.04,130124.02,121177.11,134287.64,120309.13,135278.18,124790.51,146737.07,125537.69,134701.07,120019.94,132849.8,125187.13,128839.08,124349.72,124662.68,131663.21,128733.57
64878,106223.28,105607.94,110957.46,95843.12,96115.35,100109.64,108929.32,110255.37,110685.53,98371.9,116408.06,111350.82,103891.58,106111.98,102266.56,108958.09,104136.26,112223.06,98990.57,103776.34,116305.75,105616.7,119628.76,98336.58
65887,64978.44,63903.32,58817.77,53967.39,59545.03,61396.4,57209.29,60902.61,53766.89,56928.12,60123.43,59258.52,61947.61,59076.57,62875.12,60867.48,56325.8,61860.2,56807.68,60868.02,56225.13,57525.6,64074.11,59491.83
66897,76531.34,83199.6,87013.05,76143.71,80174.85,78169.36,88077.11,80677.01,79793.26,72436.98,76931.11,82229.14,80186.0,80027.63,77519.83,84289.0,85062.62,81113.8,77195.64,91194.59,82283.92,84900.14,77993.24,82020.5
67898,65620.77,67204.86,73303.41,65591.69,66188.67,66572.8,64848.14,65058.16,69819.19,64299.46,65692.5,69521.34,62332.95,69926.59,64113.82,67712.21,72876.96,64501.31,69121.74,60354.24,67184.19,72616.98,67355.4,67614.83
68907,101324.28,107518.14,104845.89,95032.45,94377.04,97022.1,99158.72,107093.17,96276.04,90177.49,89762.45,101807.3,86414.12,96540.74,101010.02,99735.4,100434.16,109899.0,94341.07,102886.4,103386.27,91145.88,106444.4,102218.84
69908,97928.3,101193.85,107581.7,101923.32,104737.25,100009.45,110269.28,101066.98,99606.33,95519.75,100856.76,101536.52,100009.49,102967.04,104254.27,92528.17,98882.41,100888.46,112403.83,104876.97,91003.99,102876.39,96950.16,94515.94
70916,128125.51,118766.66,126472.79,119325.27,126531.44,134756.87,113592.73,114341.46,123168.84,129306.41,132107.73,119420.82,114990.86,128329.34,128137.02,120842.07,126949.32,120118.77,124532.39,116274.75,127176.82,118113.1,128642.28,121316.28
71926,111608.99,113349.51,95320.71,96112.75,110445.13,100923.49,106608.01,102762.87,100027.78,105581.08,103642.78,103585.46,102175.71,100591.21,115332.96,100044.09,107599.48,104875.32,105893.61,110207.4,96903.66,101699.04,97481.58,108619.29
72927,97187.5,92987.08,97380.84,95292.93,90087.68,91804.83,86065.86,87245.48,91670.73,88253.03,93084.8,83022.53,89865.58,86627.24,87445.05,94328.51,94539.13,96903.27,88839.7,92528.75,100507.77,97206.25,95767.34,93205.79
73936,84190.72,85132.44,94036.54,75750.65,83335.79,85464.9,88883.06,87167.98,85942.34,87267.81,85367.11,89867.98,92810.62,94454.9,86539.56,90521.52,91356.62,84638.32,89506.38,89932.64,93533.05,92643.81,95058.84,84090.73
74946,146877.33,144268.47,143408.78,140397.53,144111.04,150963.5,142329.89,147396.21,149199.22,150145.08,136230.97,162444.84,131569.69,149482.07,150038.22,131598.87,139587.02,142827.26,137546.6,150077.6,140452.63,139423.95,138841.04,139953.47
75948,67040.09,76183.97,67828.28,70074.27,69293.62,69863.38,76173.32,77475.8,75710.61,72124.39,69576.03,69817.97,74011.19,75189.59,68378.74,75488.66,75164.89,74220.74,75102.4,71501.19,73568.75,71978.89,78305.95,75703.22
76955,132021.19,130868.49,116532.26,127498.29,117625.36,138562.3,125343.71,136687.21,132482.86,127794.12,132929.29,140025.57,111038.33,140724.76,115110.96,123092.45,136883.07,131348.09,119782.65,134700.8,133544.75,124538.34,136130.44,124458.96
78025,145337.86,161799.59,149406.42,159729.88,138254.57,147586.17,162615.21,136657.37,165998.41,149626.12,157083.2,138737.53,142344.97,161927.02,149672.89,143290.63,148508.8,159396.32,144996.99,152233.58,135618.5,143326.87,152935.18,145399.51
79034,93473.61,98045.75,101536.51,99973.05,98699.48,97747.24,102971.9,93151.54,99612.38,98764.57,99437.65,94729.14,91334.41,94741.17,93413.0,97133.05,98550.18,103657.8,100869.25,104320.58,92310.53,103547.3,97941.25,100470.37
80214,114572.98,127316.07,124331.23,123348.09,126129.82,127434.5,137010.08,120091.02,123066.86,120101.42,119591.08,139846.31,129320.72,139799.82,129797.58,130322.62,122738.42,128926.29,124278.86,127653.19,129488.4,123510.1,120255.67,128952.42
81224,157649.4,166051.45,180941.25,173336.44,173133.59,176471.4,177734.69,153575.9,176042.02,174031.37,171031.53,147380.27,162794.9,167159.33,169665.23,175193.89,182111.3,169212.7,174391.19,175478.68,159245.26,171600.22,178559.83,168865.27
82225,91575.65,90528.21,95317.58,95153.69,101091.64,90689.82,92629.7,85342.0,93464.8,101756.04,87892.87,102965.94,100078.24,102189.68,94607.42,90953.45,87036.15,93920.49,92389.23,91843.8,87081.12,86056.14,101215.08,87778.18
83244,91568.35,82966.63,93545.47,93177.08,98572.89,87679.01,87739.5,82922.22,87734.95,90419.4,85567.21,80335.87,93715.08,88520.85,89590.59,87564.7,92587.81,93362.46,88764.5,96232.5,91573.7,96230.0,82915.25,90845.55
84263,76643.57,75302.13,78163.99,83411.1,74589.15,83015.33,85894.08,80778.25,78512.56,81552.79,85446.9,82536.5,84574.99,75539.59,79784.76,69002.6,83862.65,78991.13,80670.95,79049.35,79446.64,80506.37,86215.79,86129.54
85389,184159.33,174091.55,186356.97,181393.42,170966.53,174430.44,186635.09,172794.09,162789.76,181803.86,171154.85,183183.97,167233.45,182663.57,184513.28,180794.54,182113.08,186145.98,182302.56,168419.83,160746.31,192757.71,178707.06,175537.21
86394,116464.88,117777.92,118291.43,118345.21,129048.56,119722.53,117466.32,116604.65,106605.5,117907.87,116975.07,123539.86,121669.3,122483.92,119175.12,117174.18,119440.42,114050.22,112490.52,117765.42,119118.71,117851.38,120449.82,115423.07
87404,106703.1,116881.68,111443.63,101667.51,104794.01,112508.56,111703.73,100170.64,106405.78,108964.66,105980.61,105999.0,108760.79,122529.23,104063.54,119947.63,102958.07,117554.09,106676.94,118114.77,108112.38,112604.08,125457.44,111939.75
88405,133532.89,136974.38,140629.33,146409.56,145027.09,145725.32,142578.92,145458.79,130838.67,143965.12,148905.44,128478.71,134235.63,134676.66,130179.4,145382.22,141046.58,139922.12,142863.7,136298.97,134856.21,153469.73,137096.09,132215.92
89414,118964.0,125720.8,113320.35,119896.59,116250.97,121988.68,108563.4,126743.79,121150.31,116811.99,119474.42,106640.57,113718.77,133259.52,117347.03,110734.54,121875.36,112130.35,115368.35,118251.21,120399.46,115974.93,113634.33,125672.33
90434,133748.3,133501.57,128416.52,140244.01,124367.15,127828.65,129110.66,131148.87,124330.42,145935.77,134495.1,117144.62,133696.99,134938.63,142390.48,140713.83,129732.08,134290.96,130818.52,135983.51,136504.96,140035.06,126193.3,138376.13
91443,128888.92,140249.57,130736.76,127725.57,120088.13,140870.2,134313.27,133623.71,127467.84,137330.65,133188.91,127953.41,131546.42,122545.64,133077.98,129975.51,124062.87,127602.44,120920.32,136023.88,126749.84,120846.88,123003.18,127578.63
92444,135357.71,130900.92,141945.55,135806.98,137951.88,142955.85,133717.27,135238.4,129498.03,118689.09,125638.82,142731.74,128678.46,130090.97,139185.65,136617.7,133888.71,132867.23,134067.27,137045.09,128560.82,133306.06,133719.1,130220.73
93454,132842.93,119906.22,124734.22,117276.23,117487.71,132581.64,123982.8,131983.05,129838.36,126689.4,124722.74,119380.56,130114.72,121133.31,126230.59,124750.9,123942.5,128468.87,120613.38,129747.86,125685.32,127056.99,122993.16,138162.33
94455,118574.56,123483.65,140666.73,141858.83,136705.72,139491.38,132678.86,135807.05,130064.69,132061.69,133014.41,136889.2,126481.43,135146.94,138250.65,143595.57,133106.99,145156.25,138618.92,139918.06,134480.31,133166.19,137907.18,124651.24
95544,140129.9,139961.14,138901.93,139777.43,144578.91,150363.82,148947.97,143145.53,155193.76,134475.45,140600.85,134541.41,138396.89,128845.34,147761.25,132652.52,142668.62,140487.68,144221.27,138844.71,143514.22,138055.89,139032.66,135515.5
96545,168185.81,167561.97,170148.99,171574.49,161573.27,159934.54,158252.37,170408.46,170822.32,161422.03,157581.34,168705.02,170133.08,151044.76,171317.44,162936.02,162738.16,166017.63,162331.8,165371.78,164958.33,166029.46,167845.9,168823.33
97546,147804.3,144476.21,136478.25,147189.2,132872.93,136891.75,143424.12,130867.88,140226.35,131893.17,139136.65,135297.73,134163.04,133188.93,140118.17,143043.01,144781.62,133921.83,135094.61,144931.34,135009.24,155088.49,145803.12,136008.69
98654,187493.31,175212.82,175428.31,172173.57,168381.51,167856.04,167697.55,168306.37,181864.56,173159.15,156927.24,167026.43,180170.03,156230.56,182420.47,171681.76,170083.13,172037.4,176231.6,163589.65,160491.95,172951.45,181499.19,172685.39
99655,169410.17,170620.87,168571.04,170998.96,169279.12,169500.58,168809.81,173816.63,153205.2,182286.36,173872.74,171943.86,157089.97,161387.41,177318.27,174478.18,161329.83,179950.42,179474.38,172242.52,167783.57,173516.36,183225.27,165895.38
100656,159637.97,130505.35,139848.88,154090.38,146161.95,150347.24,137354.07,158554.18,147595.91,142219.81,149086.54,145366.03,147565.34,139931.7,146550.43,141052.54,132401.55,156262.81,147671.11,149373.16,138571.54,145743.05,146124.92,150180.74
101804,152137.29,148514.6,155769.14,158427.83,145834.18,148435.75,149250.46,144689.06,159197.56,146032.95,140037.47,150759.63,148734.37,142784.54,141500.55,157175.27,146887.39,154841.63,158553.85,157994.24,154261.62,157053.18,164454.5,154460.75
102814,132799.28,154227.0,148758.91,146658.63,148924.55,141216.22,148172.29,142811.19,144157.84,147397.57,146949.85,143930.83,133504.84,147723.64,152470.43,133071.94,146328.88,146429.24,130016.6,147820.23,147218.74,125994.02,142742.15,146260.57
103914,191188.8,168619.29,181648.23,195552.3,185337.87,168636.32,183101.2,168659.21,156605.8,177078.67,173810.69,197744.0,177410.79,209343.19,196943.34,180154.24,190267.86,185428.16,185590.55,188605.4,176556.24,178060.74,178864.89,180323.12
104915,192586.8,161852.03,194189.03,172812.78,173018.37,191147.73,191515.92,174328.6,170853.71,202259.69,191576.03,201143.62,186065.13,204062.81,194162.29,183324.02,179153.78,192141.31,194086.06,199017.01,182065.63,174748.4,182746.55,210959.05
105924,140614.9,137201.93,158413.63,142763.96,144198.79,143422.41,144030.56,135943.96,130370.38,143494.87,128828.27,155421.52,126824.92,142290.69,142754.09,133656.65,146573.41,149467.45,144354.84,149929.18,147852.11,151636.62,145634.16,130865.82
107114,202209.62,188990.29,193419.39,210135.22,183972.07,190962.73,208136.44,218941.52,185442.66,195227.33,200346.27,216194.0,202839.44,197222.63,188136.58,214500.27,185681.03,189229.47,199969.68,202111.1,196174.1,193418.82,197450.29,193805.62
108124,147738.75,144215.62,150384.22,144232.9,141315.92,156689.16,147941.22,135996.24,142197.38,141903.52,145056.61,143692.06,147641.43,140817.33,141547.9,160177.4,145773.93,146252.77,137024.27,149150.51,159531.99,142149.73,145415.3,153155.65
109233,161483.45,178018.29,183614.99,187714.07,162713.5,180913.71,173790.58,172138.6,195560.02,183282.14,191504.01,190691.43,172461.67,169426.93,182890.28,183965.69,175179.16,165827.45,154907.63,180838.11,176161.57,164708.55,203253.37,181280.15
110234,141415.14,121920.23,138431.32,136961.66,133380.99,143212.27,136729.8,129660.77,135995.03,136310.95,135042.9,132280.19,132340.53,142896.24,127851.99,128290.59,131845.34,141381.66,139473.68,143545.24,132737.71,136027.84,116380.47,137435.05
111484,265887.54,248819.22,274853.27,256226.13,269114.06,275479.32,271340.18,252500.79,258465.67,263922.56,256264.43,244657.64,248736.48,255294.21,264172.49,246165.36,248821.67,281950.78,251683.11,228645.28,266402.97,251218.57,268739.87,269510.58
112486,64805.8,71376.44,64316.74,67722.28,73632.17,65409.89,69350.45,68557.61,66522.94,69505.13,66848.88,64850.89,66169.96,67882.19,70334.08,61735.39,64992.31,67495.22,70407.84,69168.6,64691.78,68171.12,70635.63,62619.93
113493,159465.14,160947.7,154865.51,164361.87,156400.0,161552.71,160167.24,169871.67,156581.13,156235.06,157183.27,158583.1,163237.57,155986.35,144763.76,153237.48,139077.98,153348.79,160789.42,157410.84,149490.74,161229.07,156059.61,147736.16
114495,171974.18,189878.49,189046.31,180217.55,185255.65,172534.42,177656.82,185532.04,178853.28,188952.92,154133.37,169225.92,184452.63,181938.16,180751.04,163242.93,187867.62,194118.13,171249.72,200243.56,185500.02,183947.67,187590.67,174525.56
115497,198394.42,187225.02,188829.08,195464.63,179475.81,175072.26,198850.83,186451.99,188261.29,188739.72,182998.51,178064.72,188213.11,193167.24,189726.39,196858.65,181866.08,184394.48,184624.55,187368.22,191932.22,190283.81,180781.67,166480.28
116503,186733.12,176385.25,184315.27,191069.96,179984.45,174541.18,188988.41,187265.55,183109.28,208192.04,173600.57,162488.94,180654.77,168709.65,178832.75,181140.2,186480.39,183579.42,174443.33,193244.34,175810.37,181855.77,178182.86,171803.37
117504,240648.42,234153.69,239873.07,232359.82,242711.47,245618.9,237977.06,221030.46,216537.69,243686.49,248385.6,253325.05,227789.31,217712.3,251064.65,234203.86,227158.73,239445.86,247693.12,235902.29,217483.69,245489.22,252038.0,241933.73
118505,188371.96,187515.51,179496.38,188362.25,175351.6,174095.13,179862.98,185836.81,188091.18,178141.24,172994.84,204606.77,203832.66,194931.24,175033.21,190369.62,185686.05,175155.5,178736.73,191385.43,183947.9,187960.26,190741.97,189890.42
119507,215801.53,227482.61,211185.5,211040.63,211670.03,206982.28,231176.93,243274.61,221199.06,240688.19,231411.04,236268.18,222532.64,225897.23,243250.84,247308.02,213591.07,225632.76,217303.87,233237.49,224246.68,228560.3,216623.11,225585.89
120512,159697.27,152310.09,148106.29,152928.64,160395.53,153836.8,162582.88,147269.51,159374.44,156780.56,162294.91,145168.86,147378.83,163774.11,163851.55,157826.52,166217.42,155964.89,156356.64,156894.61,146412.89,164713.4,169971.01,159043.39
121513,161186.03,151085.55,162990.89,170933.59,175850.58,171230.32,169219.53,174398.87,163659.98,171370.42,176440.55,151400.03,172291.9,167048.78,165132.04,174853.62,152920.6,155501.63,167161.77,168079.48,155509.52,153375.44,166788.71,171878.48
122661,211650.73,213605.46,205508.68,216712.35,186759.71,193016.84,174239.18,198443.3,203766.92,199157.68,202785.72,198592.27,194718.77,197905.48,209090.43,204680.02,216046.27,188958.87,188924.12,211746.77,187426.69,208047.67,205635.37,187768.75
123662,131647.55,141253.05,134138.83,146446.8,146460.17,140841.23,146355.39,145241.89,147369.65,151962.56,146059.34,150971.7,126946.6,134355.45,144896.24,145538.48,137420.04,151499.76,138115.33,147790.03,153466.0,139125.53,147713.45,142616.87
124663,179773.08,184976.14,173997.09,159772.4,178595.43,167872.77,166224.36,177343.54,172055.04,166988.96,163779.02,152211.39,174932.91,160967.21,176361.36,154239.63,166781.04,161786.45,176880.59,172186.67,181484.68,165208.66,180541.19,167419.0
125665,157928.35,162764.15,168739.9,164676.42,169859.42,162501.36,157137.33,165343.27,173237.25,151740.0,163784.5,163463.2,155323.09,173231.84,163730.4,163392.88,148191.9,161194.47,152469.42,154201.49,162850.62,161559.51,163490.18,170152.77
126672,185362.08,165855.48,186751.22,186439.49,192625.42,186678.46,173381.15,160446.87,177386.7,159392.0,173227.58,208393.97,175507.03,158867.54,183383.91,177830.26,174948.69,180677.9,194706.55,174673.18,193045.43,174547.44,177791.0,199598.38
127844,186948.22,182819.36,202931.54,201757.06,194219.63,185492.13,193921.92,189044.54,201116.92,179603.46,196233.75,193069.97,198640.52,194286.05,181099.13,186759.67,184702.67,197301.96,188010.26,179980.16,190194.9,187200.7,192308.73,183315.6
128845,157181.23,169049.23,160527.13,154141.12,167977.55,157327.54,169481.64,157983.13,164786.68,187268.24,175764.19,163462.6,178730.71,172777.85,167617.32,166329.0,169083.91,158547.13,172285.1,158225.27,188265.81,153228.28,161741.35,187661.76
129846,35319.21,30164.22,30784.63,34330.41,31596.35,31552.27,33251.11,32813.47,30936.83,33928.7,31109.27,34401.41,33183.76,33844.19,35164.68,34945.37,32406.97,33926.1,35356.39,31608.0,33375.24,33983.48,31813.26,34227.78
131123,251952.07,296494.57,290564.62,279986.38,298267.78,297784.66,292310.12,274787.96,297930.64,300388.35,314967.08,283037.97,283839.2,294238.38,307938.08,280366.02,297258.94,277012.14,293683.93,293316.99,311052.38,283727.14,283066.04,294524.4
132124,173515.31,166335.62,156557.17,160797.4,180039.74,168880.39,159742.62,170500.1,179438.03,163315.91,163914.65,171619.33,167326.24,160343.38,173441.21,166331.37,161661.57,164821.48,186559.31,163887.35,158681.83,162446.23,183237.68,158539.95
133194,212454.42,219623.66,215985.68,231202.88,214705.1,221838.96,238165.34,225038.95,219942.23,228894.27,233480.17,240378.31,229791.89,213666.48,228903.84,238307.85,218128.04,206117.64,221125.81,226627.61,213950.54,223253.22,221051.79,219113.06
134195,182741.85,177346.62,165969.5,189129.54,189706.99,183636.58,179702.43,187102.67,165856.31,185670.97,182303.13,173646.3,175935.88,172607.81,171233.46,180154.59,174663.73,158306.9,176502.11,185868.28,177895.37,173502.32,173609.19,183331.11
135204,204206.32,211908.63,195513.36,183564.75,197376.1,163375.68,176648.47,197768.79,193862.88,198319.04,191050.88,190135.03,183526.99,200057.15,209945.76,193401.19,185058.33,190124.07,181098.96,182107.76,204378.65,205299.87,203508.82,201027.48
136205,170067.05,154999.49,164233.03,170128.66,156772.71,161515.74,164285.69,148126.02,153162.6,155042.22,149679.56,159039.21,155706.08,153685.76,157187.35,162043.0,148169.09,163466.59,147341.32,166573.94,151436.42,165030.5,161198.51,147773.98
137214,205034.75,212611.95,200518.15,225823.72,203341.54,220430.41,218763.27,191919.16,223297.27,218824.5,222872.98,230597.17,218554.29,219497.07,206663.56,221888.3,218505.06,221664.31,219843.28,226860.15,198588.5,206799.35,206526.37,212231.26
138215,177058.34,189654.55,158501.05,189874.96,178723.92,186195.28,182736.28,177375.39,169747.58,181209.03,175148.55,174024.2,181798.37,173591.8,176936.72,178726.15,184640.75,166057.53,203535.76,182384.48,174069.54,181949.1,197501.43,192520.63
139223,974.95,920.77,970.3,932.96,937.12,994.77,893.93,893.71,961.07,931.23,921.11,891.5,895.46,866.92,982.0,941.84,866.11,842.82,942.18,868.91,963.38,963.05,982.19,928.61
145140,219938.42,245844.37,244381.13,241034.25,228305.41,213262.15,248896.01,233795.82,243650.48,223563.02,264506.07,241660.54,221633.13,237121.71,230006.11,239027.25,226487.07,255506.68,237568.65,249419.51,265994.48,247522.06,247626.73,249010.52
146253,83124.08,82192.48,81731.97,80823.27,84137.29,83585.35,82228.22,86453.31,83737.21,80408.15,87959.73,93667.39,88056.8,83513.59,81297.11,79481.31,88737.74,81273.45,79336.12,85453.0,82550.54,85498.45,86008.74,84594.39
147271,155398.63,156214.14,154788.39,165465.25,164988.14,151108.44,165864.51,165561.53,161924.71,161801.58,168371.76,160279.64,166857.82,158433.79,165920.11,168759.87,157875.23,170562.78,167217.11,164502.44,150639.57,170278.03,164795.67,163111.95
148274,139224.9,142661.0,143820.09,136556.14,135110.16,146793.19,151421.28,158210.8,120997.51,139398.04,136979.06,151576.11,136081.15,138477.69,157315.37,137462.47,134629.31,134937.04,146984.23,148831.29,153366.36,140607.04,147714.11,141586.17
149275,155671.32,162520.29,161199.05,171427.93,156266.66,160843.17,152161.61,145305.52,163873.93,155635.77,156133.49,169747.04,156946.21,151797.77,166398.69,164213.79,155775.09,168012.26,162045.51,171972.05,158111.02,153422.3,162296.69,161660.08
150334,175014.59,163047.0,180478.31,176634.71,178404.51,169348.72,168622.36,171006.26,171888.6,173938.82,189842.29,157982.13,182217.06,160977.16,176400.1,181228.71,174266.62,175643.83,188095.86,168734.43,162083.46,177716.1,182692.0,199113.77
151342,147371.44,161945.02,155259.36,150589.22,154247.37,139696.03,155074.07,152045.74,156091.63,171258.7,157031.52,148461.52,156161.86,145579.41,139234.11,154825.91,162774.28,142498.69,149630.81,160393.82,151266.61,159080.43,154307.18,144596.67
152343,173266.65,187241.98,180360.51,197205.37,172611.03,181718.7,178221.42,186422.06,191798.63,190729.5,177033.39,191671.56,188756.72,190488.64,183873.41,185982.74,176045.57,176983.02,168960.5,177253.13,179759.21,192172.0,170548.45,182628.94
153344,44304.05,44593.19,37975.77,42334.04,45140.09,38129.2,39982.27,38735.4,41546.62,43435.38,43095.35,41870.38,40288.22,39058.98,42136.15,41784.15,43385.9,40368.03,40560.37,38922.37,44160.42,41372.7,42236.54,39793.99
155086,243321.65,244107.96,241689.57,244397.73,241100.88,233523.3,261377.86,236661.24,237362.91,237834.56,234849.04,229612.4,231100.22,246516.76,233814.68,237283.24,214571.65,269132.49,248504.66,244926.38,265426.78,227742.82,269122.4,253362.07
156092,54797.42,53142.61,46519.57,51422.06,52278.6,53855.0,52760.08,52004.84,50033.82,51339.55,55208.33,52005.58,55869.66,52378.6,53364.18,55290.9,51678.07,52371.07,51634.18,53210.7,53406.96,54204.4,55545.07,52286.33
157102,50364.42,55224.71,53905.29,59898.49,56474.7,54140.94,58608.9,48330.73,50171.97,53657.39,50385.63,51705.77,54028.16,49394.82,52954.1,49404.1,51218.23,53405.92,50384.23,48623.65,51953.42,52646.13,52413.55,54689.34
158222,76876.99,66883.14,68405.54,79525.35,70777.54,72601.88,67947.05,67855.92,66712.35,69851.12,79445.05,69541.15,71968.04,78265.66,70781.26,71975.36,71425.47,70322.01,77255.92,66635.06,68660.21,69320.05,72835.81,64101.97
159252,74436.24,71501.49,66238.17,79798.6,69636.11,68402.24,66374.11,65437.27,73007.8,77886.17,67145.18,71301.95,64320.36,63664.58,67762.7,72187.54,76509.14,65900.13,64764.29,69947.63,74932.75,70568.18,68409.82,70065.24
160253,93678.06,91101.88,84256.18,78983.77,93192.29,87263.9,90309.3,80368.15,81398.52,82849.72,91039.83,92697.26,83347.31,93712.62,83411.76,86887.45,92602.04,79668.25,87274.22,90787.62,85415.63,81180.43,85327.74,84211.26
161254,78071.42,76760.92,84223.43,79929.5,82416.19,81017.2,80526.86,87911.29,83573.63,85523.26,74214.53,80840.81,75429.01,76142.39,77852.0,84577.65,77630.56,83522.64,80572.46,85411.41,79853.46,75952.76,90111.25,83153.71
162282,71544.66,72713.5,75339.44,72784.67,72559.42,75607.01,72656.51,70022.25,76020.45,77179.2,66403.56,74090.24,75015.55,79466.92,71611.75,79601.74,77298.13,78599.77,73210.5,68064.3,69367.4,70684.57,78695.26,74922.16
163453,88720.08,92753.07,89491.84,86903.83,93631.44,87312.5,86266.6,83820.76,88741.03,88449.99,86783.17,83679.61,85891.26,91346.12,91131.84,84727.74,95696.51,90031.13,86953.05,89712.68,86422.63,83794.43,87960.21,90231.83
164472,84528.3,82049.08,83576.48,85578.45,83815.16,93220.1,77446.97,87439.08,85101.65,88978.82,84515.23,88934.84,87531.22,85697.65,92417.48,90824.71,89572.36,81837.21,85159.61,94653.68,86397.79,86304.91,86334.15,82301.49
165562,74421.45,76527.02,94335.8,74564.81,80690.4,81918.43,76259.89,81362.27,82083.12,87926.91,76541.34,82538.29,82467.16,85148.14,83073.58,74289.03,79002.99,79555.17,81263.61,77862.67,82115.15,80080.49,83136.85,78626.48
166563,92104.25,84471.03,87238.15,81339.9,97677.58,97621.68,93244.26,93532.34,90925.77,94016.31,100087.84,95426.31,90361.43,92637.55,89851.13,90455.78,92265.03,88335.71,86362.43,84093.94,88742.38,81876.12,90870.83,98725.35
167564,64870.78,62476.0,63086.16,64709.81,66056.46,70267.27,62230.85,66697.54,68226.14,63969.69,68399.52,64841.04,60791.27,66960.11,65910.71,69024.26,62651.94,63485.68,62165.22,62843.18,66412.1,67321.31,70404.43,57013.59
168772,90784.73,80448.97,85762.98,84521.54,83574.19,88291.91,78873.27,75468.45,77746.38,90329.57,84776.15,83264.41,75441.41,79888.58,89429.89,78659.68,81398.88,83129.1,79389.39,77506.85,87328.7,88703.7,84562.03,74850.76
169843,72576.27,65585.36,73704.69,77311.72,78500.23,88591.85,77875.31,72096.97,70002.63,71606.63,73040.72,80725.53,80230.57,72802.45,80348.58,81128.7,75526.67,78282.38,77781.61,77603.09,70946.36,70328.7,76559.12,77003.75
170853,80533.05,80319.6,79664.09,80611.12,86337.02,93962.85,85333.85,92803.67,90897.92,90485.0,79621.46,82844.86,82875.94,80695.93,81432.86,86814.06,88989.87,89820.76,79241.15,85608.65,86540.64,93858.97,85766.96,91902.69
171854,77396.45,73955.24,72674.15,80518.67,77928.33,78588.56,68055.51,74317.42,75274.59,79291.98,83725.58,76394.25,81440.88,77628.85,80968.32,77096.22,70051.83,76534.55,75881.61,76600.3,77354.56,79483.79,74564.18,76398.09
172856,65000.29,65371.02,58687.13,60342.02,62125.4,59162.32,55406.26,59590.67,57351.36,63935.79,63215.29,65843.98,60554.58,62030.36,60752.79,64316.81,64107.2,59651.4,58211.56,60555.58,59913.59,57105.21,65624.73,62286.18
173972,78300.23,81868.36,81423.07,77022.47,81531.39,81922.08,83635.33,81088.47,84843.67,77684.85,80608.2,80589.46,89372.92,81791.55,78306.86,82295.31,74513.72,77494.19,77654.58,77220.26,84489.04,75816.75,83120.32,71562.81
175052,57053.23,58496.62,61709.4,55969.38,60360.21,58493.53,65473.93,62044.22,64949.68,58732.38,61400.73,59988.51,60723.69,59158.23,55753.0,60356.47,62310.1,55717.84,58317.48,61394.97,58780.26,56903.9,58029.46,60711.8
176073,76823.46,70741.08,73969.91,80086.61,76161.33,72203.48,71972.81,74125.94,74849.05,72789.07,77442.56,81114.71,64726.64,68128.19,73399.71,78536.86,74757.71,71508.7,69970.17,73568.19,74736.42,75296.67,67525.62,73004.29
177074,66561.06,65759.87,60708.07,60169.9,59275.15,62603.6,61097.29,63919.73,61094.49,62110.83,60418.54,61966.07,58482.91,62985.59,59630.08,58377.53,63956.0,58344.81,61424.6,60095.39,57541.08,66280.29,62727.37,66973.68
178222,72170.27,72518.96,69583.39,71622.76,72164.8,73423.56,72197.44,76019.79,74415.12,71718.75,74277.87,75899.52,68684.97,72260.4,72856.69,70439.86,72567.66,71112.45,79848.62,76735.91,68407.68,78506.25,73423.74,71450.52
179223,63558.99,64530.73,65320.15,61614.23,50911.69,68837.48,68733.58,65994.73,61061.93,68066.0,63766.29,61900.55,61032.96,57417.26,62620.94,63424.21,62091.19,66348.18,66844.98,60585.78,61441.45,58752.3,59704.37,64907.09
180224,38441.36,39110.25,43656.1,38280.91,41045.14,42459.25,38230.4,42115.65,43961.36,38175.0,44908.96,38900.38,41851.9,41797.94,39910.11,43939.22,38934.41,41837.28,41057.71,37279.07,41503.17,39354.62,41966.65,40686.3
181251,43281.92,42108.1,51106.03,43936.32,44845.89,46924.43,47415.32,42951.48,49333.72,43977.57,43653.16,42519.44,43727.57,44013.85,44722.14,47233.14,45611.48,46711.71,39593.58,43920.88,47539.26,42355.17,46997.54,47875.48
182312,64774.34,68459.8,62341.14,60483.98,67590.48,62982.12,60002.86,62723.82,68790.6,62678.31,59728.81,61905.13,61974.66,59295.92,59487.96,65147.35,64705.98,66022.78,64377.24,65897.18,61112.78,66594.59,58987.7,63627.1
183372,54872.3,60306.89,55652.18,56353.6,54363.93,56290.78,54988.96,52288.66,58192.24,59010.99,58949.0,59531.47,58062.73,57573.15,59118.32,58939.64,58796.48,54081.52,49969.93,52760.39,55064.11,58855.87,58078.36,51796.6
184373,59279.48,61985.31,56385.55,55586.23,59015.37,59446.15,59540.07,59604.09,56278.91,60648.68,56818.68,54195.81,58067.73,56564.16,59413.86,57040.66,62093.85,59828.42,54392.4,59065.76,58413.9,57798.57,56838.87,55478.22
185431,63097.77,74111.98,64822.34,65295.48,71161.16,56468.04,65844.67,67516.46,65212.47,66673.02,71420.86,65783.76,68902.06,67249.55,68717.84,69836.94,65901.66,65606.12,72043.57,68321.0,67334.77,64177.21,67999.38,67862.26
186573,59787.56,63749.93,63842.08,63384.26,65553.21,65213.2,65515.78,62367.3,69011.24,61401.43,65800.15,65973.36,60975.83,61425.78,64679.6,67056.45,70514.17,63326.94,65424.42,65417.07,68051.04,61439.65,61763.33,63973.67
187582,79504.99,72087.86,82599.07,76334.98,75473.49,80228.15,81491.86,79532.98,75369.18,78458.41,76332.76,69239.87,80877.48,80863.59,84436.44,75976.98,77860.59,77512.99,76006.98,78781.66,75806.5,80138.02,76945.33,76002.9
188584,61585.42,55675.46,56426.66,55277.01,58068.62,62218.16,57504.88,57044.92,56907.35,57055.52,57007.05,56445.06,58066.47,56157.87,59144.98,55415.27,54771.85,54232.42,60460.48,56339.5,59047.9,56022.25,56910.82,53828.52
189732,69235.84,71141.94,72259.26,78557.02,69858.06,72401.92,70399.91,70511.68,75294.81,68756.66,70386.06,70629.53,69861.69,72428.94,66719.83,72013.2,74814.43,65324.29,64661.0,74772.42,70147.58,71677.84,72528.4,72201.75
190733,73125.69,81829.61,67875.47,72166.85,73040.53,70834.73,77969.2,76647.46,76328.79,75335.93,68565.26,73671.96,73924.04,72174.08,71459.36,73640.37,70466.89,72911.44,68240.79,71834.1,74316.33,73105.1,67703.43,69728.57
191831,67318.29,74152.31,73678.68,71282.58,71079.31,67951.98,71331.31,65586.61,71282.6,66839.94,69272.66,61963.66,74137.42,71730.45,69572.26,68370.78,62922.82,63604.86,71979.19,66866.4,63664.77,68490.23,66352.02,70675.1
192892,70716.62,69821.6,73013.85,74460.23,77160.94,71664.29,74858.66,76535.01,71815.72,72996.44,81762.08,80332.8,74730.66,68304.23,77229.47,70560.77,72240.77,74846.42,73477.26,71327.47,74864.32,76148.06,75829.83,69861.17
193972,73259.29,68566.54,65645.54,69542.62,75938.64,75971.44,76313.62,72089.51,71881.77,68558.18,72338.45,73211.97,77206.04,72035.43,75237.29,76119.83,73811.63,77054.62,76477.95,81402.23,76018.14,80355.78,73167.71,74877.29
195061,62814.79,67415.36,71091.42,66024.2,68837.08,65335.19,71636.72,65553.26,63036.58,56723.91,69178.34,63419.41,59790.75,65385.63,67878.12,64657.7,70219.62,69229.7,64581.94,67733.73,69645.55,61243.75,65245.95,66196.55
196111,60433.38,54394.19,59539.09,54827.76,55814.3,60256.89,61825.45,63534.43,62436.3,60176.76,63948.31,54095.33,61020.15,62550.4,56581.66,59572.29,55612.78,62535.05,56580.12,60357.48,54831.43,55180.65,55882.88,59542.18
197181,63627.11,67021.82,71455.18,68694.52,68089.88,68410.97,64639.14,65531.01,65341.73,62742.28,67564.11,69858.84,65196.18,69951.12,63457.93,67276.7,66402.35,63281.14,68600.05,65001.89,60722.45,71084.83,67175.94,63498.73
198370,84922.03,82907.79,84482.59,77596.58,80035.1,80213.84,85264.58,76698.45,85434.48,76962.19,81920.56,86954.04,74458.52,78423.87,72940.73,89388.07,82053.53,78505.67,79898.33,84845.06,79968.15,79255.16,81099.26,80489.72
199371,66883.29,75108.55,79904.88,74069.75,70985.31,76427.02,73795.8,72155.82,76142.56,71626.74,74911.04,68551.09,75744.5,77981.27,67070.54,74777.73,66183.31,71643.69,69794.66,73400.76,73931.64,67703.68,72387.11,71362.58
200372,45567.6,47341.35,49298.89,53919.48,51647.74,47310.4,49766.38,46658.18,49205.78,47855.12,54159.81,53823.78,49231.12,52002.15,51671.23,46812.17,46948.57,50034.33,48068.58,51194.14,47434.07,53162.9,52367.95,55946.46
201373,79763.56,71777.95,76534.49,79506.74,74258.62,79132.84,72449.37,80485.02,77049.29,77961.11,73688.14,72066.15,78282.54,70957.99,77329.6,80508.92,71718.6,72768.16,77683.46,80284.67,70777.51,71543.69,75847.0,73593.35
202375,64384.1,63649.81,59858.42,64669.29,68167.01,61139.23,63820.8,66236.25,63621.19,70299.65,69316.59,66952.26,64093.01,65040.9,67990.66,64260.98,69758.0,62173.7,67188.82,62432.11,62383.59,63942.79,69173.43,68033.83
203570,87365.24,80126.49,86315.3,85573.07,84961.01,81555.26,84698.06,78208.77,84095.05,82082.21,78576.52,84208.81,95275.57,82097.62,83846.79,84922.9,91101.78,90861.92,92069.85,81395.91,89021.9,86122.17,87333.03,78322.77
204572,61208.63,55786.1,61728.21,57413.8,62569.98,59403.89,58997.27,57039.37,63526.82,54319.92,55514.19,60104.18,57805.44,66800.47,64426.64,58431.43,59011.32,61112.27,61736.51,60408.98,56154.36,57282.65,61489.45,56334.79
205573,74979.02,71658.0,61911.13,69987.85,64241.67,70039.88,69636.89,73925.64,70619.76,74094.78,74075.73,70624.7,70719.34,62543.84,73287.71,75986.63,70762.9,72157.39,67402.76,66808.53,77611.88,73788.2,68026.98,72243.81
206590,53498.18,57841.34,58603.8,58462.87,55267.76,54270.49,55607.24,57080.41,52066.17,55819.81,58005.57,60018.38,56108.71,56563.36,54733.99,56546.55,55335.36,54714.93,57734.86,51694.37,55119.92,61680.13,58423.52,56974.14
207690,67991.29,62044.67,71694.98,66244.98,67629.44,65373.33,69875.03,73392.38,69375.09,68527.33,72682.5,67919.29,70621.88,67795.49,71170.23,66851.85,65996.22,71175.7,66465.31,71858.6,64092.25,64454.89,71703.18,69389.54
208841,77496.41,72625.74,70596.43,72797.7,75751.97,67202.92,69070.43,70032.88,71202.58,71719.28,78718.38,72112.18,74154.55,81642.55,71786.66,70046.52,71779.48,82958.75,73486.51,72955.48,72698.22,84552.75,65875.82,70319.67
210020,102340.28,106063.55,103529.49,105223.82,96923.4,105760.96,107862.14,99109.87,94842.48,94686.84,97256.69,106695.7,99093.16,105334.3,103855.44,101182.91,99496.72,96931.07,104818.19,96981.24,101314.74,99644.27,96161.55,106228.0
211021,64249.93,63957.25,65118.32,68617.41,65449.98,65275.64,64236.86,65001.6,69418.5,61609.72,65778.18,67749.2,64685.23,64299.05,65293.49,58057.16,70659.87,67332.67,67387.81,62529.54,66413.42,67182.27,74800.37,66731.42
212129,74074.02,83926.24,85914.2,87381.44,83368.48,86254.19,77604.55,76855.04,84203.93,83125.43,77338.43,72565.2,80375.25,83717.12,83802.15,76352.73,78995.94,91984.4,81727.37,82246.17,77283.9,86381.99,89574.58,85100.34
213130,79757.48,81730.81,92267.49,94093.61,89519.4,94625.66,83393.68,88382.6,91176.3,84058.62,85131.27,80762.05,86225.95,78921.78,88102.94,83734.88,85414.91,89376.32,80377.58,82808.51,93733.04,83428.66,90211.58,96315.67
214139,47865.58,53859.87,49005.72,48450.01,46126.36,48831.66,47217.27,48868.78,51076.23,49246.75,50783.44,51953.8,45773.61,47389.86,51188.73,47045.09,49793.93,47774.73,50730.17,50176.04,48506.41,51092.79,47819.16,48995.64
215239,62411.09,54937.3,57793.63,55103.26,55581.05,57062.72,61236.26,57827.82,60266.41,55983.28,59372.71,57484.27,53193.68,54219.59,54785.36,52785.87,53949.37,58886.17,53644.62,60748.8,51253.23,58363.64,57324.52,55986.64
216249,36533.01,36895.36,35548.88,37469.21,38960.01,35206.22,34366.59,37563.4,36279.28,36987.46,35064.57,35032.91,33638.74,35668.11,37545.85,34589.75,39385.77,35168.71,34023.81,34161.01,35842.79,34381.19,33268.45,34431.29
217262,39803.33,38009.39,40977.07,37281.85,38130.5,36357.29,36900.33,36801.77,38468.23,38774.93,36922.5,38654.43,40326.44,39400.54,33692.28,35122.4,40539.52,43329.21,39652.14,37392.96,35337.5,38173.69,36222.42,38174.0
218269,51553.09,47888.7,43046.06,43576.95,43767.84,46103.02,47299.68,44372.53,48128.5,43874.95,48788.38,47426.33,49825.65,44989.37,46120.25,48138.87,47024.3,44634.21,45515.5,45968.58,45142.11,46992.84,48620.71,49418.75
219270,47966.16,51580.56,53176.15,45742.81,47646.21,47817.73,47231.04,50669.05,51684.08,48022.62,50419.36,48697.35,47671.04,49152.05,45639.46,51507.25,45746.16,48350.94,51203.66,45869.25,50083.03,46691.59,47990.29,44718.79
220289,83021.33,81419.33,77480.27,70758.34,77893.99,79743.67,81140.75,74559.04,81741.71,81185.73,76130.32,78496.95,82855.82,77240.34,75376.28,81518.22,74387.27,80747.42,79984.35,80527.99,80205.52,74445.17,85205.32,83742.28
221291,67745.52,63877.29,61952.4,66977.23,68903.22,66225.01,68086.36,63944.26,65966.23,67209.33,61488.44,66413.81,63486.37,67401.05,66260.32,64241.05,61221.64,69630.98,60044.98,66780.73,65605.06,62381.75,59198.51,63662.83
222358,65542.02,67759.67,72500.2,82653.66,76301.32,75274.09,73651.75,76450.46,73171.23,78486.22,79185.24,77569.43,67817.09,75220.7,77892.5,80879.18,77196.81,79307.25,71857.17,73219.0,74816.1,76363.03,80105.27,69870.52
223559,66602.31,72339.35,74807.3,70126.89,77519.19,68521.95,67779.02,71113.55,64813.67,71681.42,69612.06,71482.7,71053.22,81528.57,69308.36,74200.69,70450.23,71339.3,69071.79,68314.39,70412.0,74473.36,76500.48,64751.16
224749,75695.56,69031.09,72553.09,71928.7,73279.25,76546.49,70805.85,75241.08,73721.89,75686.31,66003.92,66974.04,73240.52,68741.51,76012.88,71237.54,69540.69,76531.32,66569.1,68334.84,68435.01,69303.67,67849.15,71592.89
225849,82960.03,80489.13,83602.36,75037.95,86067.52,87652.09,75813.22,82210.15,92446.61,83837.58,79866.28,88401.4,79140.39,83526.79,79100.84,81382.79,81563.34,85532.27,85386.68,83118.47,82559.47,81843.02,79793.44,85164.44
226851,68390.64,62997.84,73446.57,64698.96,63402.7,64748.73,60981.03,63599.25,59878.45,67456.18,69605.13,62879.41,65617.55,65314.38,66155.62,62917.4,66514.37,63363.09,67909.61,63800.58,65322.08,69966.85,70625.64,63181.69
227852,58233.68,63206.85,62860.49,61639.84,70333.93,66800.56,68857.22,69758.63,64084.8,67660.68,70549.77,64490.31,67465.64,66581.79,67920.51,70408.26,63788.4,64680.85,74572.84,70176.23,67179.55,66127.42,69747.16,67450.04
228858,71055.36,71746.06,62931.81,65456.43,67120.91,63110.07,63882.7,62287.76,75382.24,74180.4,67347.28,64399.12,68910.32,65207.67,66816.46,69746.36,69195.44,61001.73,63454.54,66196.37,63332.78,70149.8,72231.87,62567.78
229859,75212.81,75740.22,59713.75,67814.15,71978.92,68085.92,72463.21,67897.49,64497.95,62256.87,67961.86,65011.79,72442.63,67216.39,71121.14,67826.33,69629.89,66292.21,71930.76,72595.22,66200.75,65987.65,69412.02,62463.4
230918,65183.34,73362.69,58398.89,67228.96,61537.28,64826.28,59941.71,66262.96,69836.15,70719.24,73040.87,64945.71,75736.83,69871.67,64075.57,66584.22,65856.68,62315.06,62014.28,64263.43,62688.87,65526.78,64654.95,62090.36
231919,54353.87,53480.34,61088.0,50404.86,54534.24,56242.04,54948.91,51602.18,53586.13,52778.39,50544.53,55497.24,54148.08,56972.6,55185.31,53357.06,51859.46,53950.94,54372.35,55518.67,53883.16,51353.87,56279.28,54689.04
232938,78508.88,76814.02,76521.03,83757.27,80395.6,82291.7,69058.37,81895.67,72470.75,80656.55,80450.39,89487.21,85063.08,73169.83,82782.89,75198.4,78385.83,84369.12,79704.47,84072.52,72481.01,76799.68,81138.48,79367.94
233939,65824.28,65147.17,62373.56,62382.46,62154.97,60404.64,64414.77,59839.83,57594.76,65522.87,59291.2,62457.26,65737.66,63742.08,59104.08,60196.96,60365.18,62854.68,63211.8,59632.73,58566.82,61807.47,61477.26,60641.62
234948,57704.15,58978.74,56143.89,62025.18,55417.81,59530.62,65610.17,58415.33,56367.36,60829.68,59654.93,63316.61,60803.21,60838.15,54709.6,62432.75,59915.15,63273.9,56451.65,63045.25,60711.07,60733.54,59813.26,64536.24
236068,82865.79,77991.94,79221.03,82068.69,82509.87,75298.03,80322.31,76832.87,82004.8,86308.34,85139.11,88007.23,79196.44,81826.53,75074.03,78513.69,86888.84,79174.49,82738.1,82676.56,81653.71,88875.38,79694.53,86422.57
237078,77636.52,77062.23,81113.35,78982.3,78204.98,70634.37,83965.62,81645.24,74595.67,73320.09,74948.02,75690.38,74639.51,75884.95,74234.26,83399.63,80210.18,76006.36,76445.99,77820.42,75984.92,76506.57,79630.62,76542.81
238148,102034.0,99093.46,103543.95,101847.2,100598.92,106163.79,100296.43,102202.07,104210.03,95683.03,103993.31,101692.7,94394.32,95328.52,102037.9,104361.83,98031.58,104461.84,101743.54,98128.66,108552.18,108963.51,100374.39,98774.1
239150,87401.3,87736.62,88171.61,90176.69,92899.23,91182.09,88310.2,95862.85,90277.12,82568.93,95783.27,96823.96,88108.08,88334.38,90033.93,98409.68,96460.71,86655.58,84667.61,90074.3,89671.35,93916.82,86493.97,84894.87
240158,96862.99,104718.39,92836.99,101192.64,93534.94,99577.74,88954.97,92189.59,95617.84,95162.27,92200.04,93533.33,93969.6,96945.7,90657.41,94498.84,102675.37,88726.97,99679.62,99322.62,99080.91,94182.33,97988.15,93519.0
241248,97240.89,105272.41,96997.11,92120.75,97992.76,99796.05,105164.62,95753.94,108266.34,92611.0,97975.88,92628.19,102715.57,100287.69,98811.31,91939.48,95901.92,94422.65,98651.52,96920.53,95367.81,89034.37,93698.89,92732.37
242358,80135.99,94870.52,80927.89,90555.88,83498.24,91462.68,90137.35,94211.43,87740.31,93206.97,90369.77,93000.54,87332.55,94977.17,99011.35,83757.83,88758.31,87347.49,91602.38,85324.52,97268.26,85163.49,89087.47,95470.55
243528,114023.97,116980.68,104892.27,108310.71,119366.82,124014.94,113875.66,107623.83,118012.01,123829.16,108905.78,120115.18,106456.51,97628.87,116537.86,119848.98,116726.5,114714.56,124928.3,115629.27,109497.43,110654.78,119903.12,117038.31
244537,71621.65,73535.17,66402.4,67422.54,72545.11,67915.93,70576.45,64425.12,66694.88,69519.46,73486.98,70506.45,74746.67,66908.13,68810.41,67561.23,67005.93,75053.65,69088.2,70833.22,74007.05,73494.74,63820.45,69580.35
245538,74211.28,74022.36,77686.44,81499.38,76470.42,69126.01,81137.19,74874.72,77390.45,79352.67,71912.19,78780.06,75347.9,75017.96,70307.49,76066.7,69827.08,74507.14,79917.67,73826.47,76526.13,79311.26,72448.27,74933.34
246547,71869.94,73193.59,77363.12,72652.56,69222.84,74597.91,66659.29,70504.31,66741.67,69096.27,75088.63,71498.46,67796.43,64106.58,70928.34,70301.94,65321.41,77828.55,68175.54,66972.1,70471.4,69849.84,65377.51,73672.7
247548,78712.55,85622.88,84871.19,86154.51,88722.61,85204.55,85347.49,85432.76,85161.45,76717.89,71048.63,75496.86,81468.68,82790.98,85075.84,77271.61,80210.29,73621.62,75150.55,79457.98,80302.77,76472.26,74546.24,79252.34
248557,91450.46,88466.83,90138.89,95972.48,96567.68,94614.24,91706.01,88256.95,91317.82,93962.76,93234.52,95929.25,94685.58,97251.81,93081.62,96073.47,95209.22,86259.74,92672.81,93954.28,101523.72,91198.82,94962.95,98846.91
249567,83820.55,82533.89,84375.99,78328.12,86184.8,85239.15,81725.01,82038.68,84839.58,77719.66,91102.44,79657.82,85356.79,79696.57,84575.42,76600.36,91861.51,90566.69,81841.67,86539.2,83138.43,90452.06,79664.09,81008.34
250576,125238.05,133259.81,133829.14,129727.54,117445.97,117203.79,118868.0,130937.75,126052.95,126461.55,126826.2,124307.88,117054.35,115884.02,142111.16,119419.24,135129.73,126585.95,121686.83,122703.5,133383.24,120890.87,124237.29,118762.92
251578,117407.19,125780.16,115160.93,115613.58,131462.85,114806.31,124008.55,124699.89,126532.8,125773.96,129737.13,124322.72,116993.77,124469.31,123624.63,126582.45,126445.2,123483.51,121689.75,117846.81,117569.78,113415.6,121577.62,125999.87
252579,144599.91,148942.04,153719.06,153708.12,150708.56,150213.51,156485.37,137271.47,140813.33,142970.94,141109.87,130925.88,140987.76,144008.57,138909.34,150103.08,140369.76,142675.64,146517.29,138872.06,134278.95,140182.94,149108.16,134405.03
253586,112775.29,130381.08,121428.37,127197.41,119325.9,124828.06,111493.6,110747.94,119618.36,122748.01,117069.33,116646.97,119227.98,115474.49,124040.5,111318.14,114905.33,113089.66,111050.93,113410.6,109877.35,121758.81,115044.44,127433.67
254587,116106.38,99637.26,108359.83,116618.22,110692.6,111275.97,119453.7,106694.26,97730.46,102851.17,113957.48,104040.38,107448.49,111314.74,111988.3,111074.24,102701.93,106078.84,113257.82,111206.59,103815.15,104322.75,108182.9,108135.35
255596,94216.97,92775.8,90364.14,90863.95,92013.53,94367.91,86572.97,89989.47,92078.26,95436.82,90444.84,84523.8,95224.21,97608.26,82819.22,83137.86,93765.76,93034.55,88294.11,90103.36,95998.76,91053.47,91665.69,92730.76
256606,105909.66,106037.73,103605.09,107647.52,111853.18,110365.43,115959.75,109124.74,105599.77,109212.59,110962.33,109708.66,105951.95,111130.13,108522.7,103655.93,107415.12,108636.09,109089.15,99256.18,107511.4,99033.23,115284.08,115273.14
257615,79134.24,81358.21,79255.71,74355.34,79899.51,86083.28,83868.01,82607.28,71148.84,74816.33,80033.69,77782.09,84332.45,87652.06,86441.05,82298.68,83426.21,80506.13,84510.19,81146.24,81192.12,83737.5,78860.23,82850.89
258616,89407.23,85227.74,85881.23,84070.23,82504.54,84294.31,90711.88,87895.74,88728.59,88094.57,90397.07,91485.1,90991.04,87584.78,90951.5,88852.94,94267.08,83721.6,88681.7,84771.95,79796.06,88506.88,87927.54,82494.52
259666,94830.38,105610.08,108170.49,111357.43,102326.77,103839.75,111032.53,109820.64,103053.04,106882.76,102889.94,115182.54,99606.68,103257.43,114484.53,102650.87,113679.71,100620.47,113499.88,109605.88,103238.28,103543.27,114063.77,108754.63
260667,78470.26,81481.41,85416.4,89018.65,78933.58,76306.35,79889.33,82045.19,76594.13,86841.52,80260.08,83074.31,83458.8,86042.68,78881.05,78976.88,79919.71,86055.61,80518.5,80151.91,80050.35,83803.88,73155.7,92576.07
261676,111872.81,104692.5,98487.18,104243.41,102076.78,103589.43,111273.87,101004.71,113202.4,101074.18,104739.62,108966.54,105517.56,106022.63,106137.39,108003.07,101618.5,116904.93,105832.48,107530.21,103873.88,101137.84,103786.76,107102.55
262685,74858.62,75385.84,72998.37,77204.74,77554.82,67636.63,76397.14,73025.84,73671.95,79394.92,75692.56,74761.69,75135.66,70344.58,76514.11,75452.09,69451.12,77945.71,81311.64,75686.78,76508.14,79551.71,78239.32,80813.48
263696,107151.86,88002.58,96750.78,102074.3,93684.01,105591.33,88278.44,102656.34,99217.69,103660.15,98220.95,97193.43,99165.61,91629.48,97644.77,99113.21,96294.56,97396.29,107975.46,103671.05,101262.51,99799.77,100389.39,101306.15
264705,85900.61,79923.76,81361.99,81642.01,81662.59,80520.02,80852.34,81812.99,78460.4,79990.01,76611.75,76232.75,75173.57,78128.28,78774.17,80486.39,77433.78,82082.75,82446.96,82570.83,82738.43,79669.57,77804.84,81498.76
265706,91594.54,94626.45,104810.75,99066.76,97041.27,88867.94,91168.45,90293.02,88572.07,95902.33,96045.89,93112.59,99941.97,85909.26,93998.93,104693.53,92141.68,101318.57,87756.23,95993.71,94158.25,98505.08,109172.6,96591.35
266716,88009.42,84359.38,83422.82,80797.53,84208.8,88910.17,88080.74,84301.74,88874.52,81491.45,75130.39,83220.91,74465.98,82133.22,80353.23,72116.97,78236.02,81341.85,76667.48,82427.9,83961.88,83055.9,78533.11,86009.03
267725,88179.33,95726.07,83233.57,88551.64,89895.69,90634.38,92376.87,91615.54,89154.5,96446.45,84788.76,92229.1,83441.66,85538.12,85704.51,88818.84,81508.07,89095.44,86921.96,90312.71,85505.17,81260.32,92135.47,92412.78
268726,77922.13,81081.02,72509.16,74141.87,73209.48,78035.08,80530.75,72533.43,75826.05,82622.23,72334.64,73465.19,77011.38,76400.0,79611.23,76333.24,75350.73,76221.19,75976.7,78479.91,72654.46,72529.37,82217.29,77790.16
269755,252.68,286.4,273.79,235.86,275.6,253.86,248.37,243.8,254.73,254.11,254.44,245.93,251.59,279.9,235.61,248.83,232.29,227.3,245.41,239.63,237.75,254.09,262.85,248.1
271475,234603.11,236004.52,240102.51,231725.0,243629.82,245878.93,254115.18,245492.55,242398.81,228702.53,216392.52,250377.16,253423.24,229981.33,226696.43,251245.84,248044.89,229729.62,258374.29,235964.88,247913.8,254232.42,263403.33,206283.84
272484,124823.27,130528.88,127234.47,139975.49,121763.91,124377.04,128097.72,118430.19,119407.64,133697.31,118294.17,133951.69,118878.34,125281.87,116695.07,117519.14,128932.35,115923.99,124541.8,131717.39,128011.68,121493.67,132259.25,127664.03
273485,107751.91,101037.24,107924.32,109392.33,91015.87,99195.46,100172.93,103306.49,97065.92,98780.33,100803.91,105179.01,95871.89,106452.57,93278.95,99364.38,100846.47,114400.54,97839.4,98702.27,102127.05,101665.16,100068.0,97571.76
274635,127823.95,124987.89,131060.04,139660.13,134497.25,139250.85,130461.46,140639.88,135346.95,124090.78,130430.42,124690.34,128322.63,154297.81,121965.16,151920.46,131509.42,125336.65,144778.68,122542.6,141573.36,140353.26,128847.55,138896.02
275636,126630.67,139226.93,152327.89,138344.18,141840.43,142696.07,143467.11,135767.28,140079.81,145997.16,138658.49,138042.51,138593.08,138958.67,134731.31,146278.62,132770.58,131706.14,138561.04,133173.67,126578.31,140869.58,140517.34,152174.92
276655,153142.22,165583.48,157346.73,151793.21,162601.48,172394.63,148173.12,166409.78,146991.02,159681.22,157451.76,164933.92,176572.85,159185.86,152294.48,155155.77,157145.25,147321.79,161302.49,159139.11,162226.14,161388.59,155201.07,152916.58
277656,110917.09,111940.52,117783.14,101430.26,120529.54,120791.2,110805.44,106123.56,113291.38,103219.62,112877.08,112788.12,120370.73,121382.84,119395.26,123492.21,102393.94,117981.73,117848.89,111051.02,107962.3,115026.76,111475.76,97209.06
278657,93949.15,99500.47,105224.8,99618.84,94605.69,99769.64,94619.62,113589.34,100473.08,90710.99,106521.54,100280.65,99055.42,101681.82,97891.87,97173.79,99768.98,100769.59,97728.41,91874.5,99449.1,100845.13,112565.4,97385.01
279667,92107.7,87127.19,85275.16,89861.09,91195.45,103616.7,92729.28,94321.51,100475.97,95198.91,87124.76,89999.89,90833.77,97749.98,89374.37,94899.41,94837.14,89474.55,94757.7,96157.38,82744.31,96299.96,87704.31,95626.31
280676,60725.75,62580.58,62994.76,69355.32,69459.96,60479.76,58549.24,66100.08,64743.09,64377.66,66198.47,62654.66,61465.74,66303.85,59924.78,61433.67,62321.13,66398.72,65675.4,65668.63,66654.63,65229.47,59423.06,59584.31
281677,65369.5,64374.03,59407.01,63753.08,62747.98,62583.74,67579.91,63067.26,66393.83,64242.71,64729.04,69527.39,65120.29,69768.7,67223.04,70667.38,65832.7,65356.39,66751.94,58776.26,62781.3,66518.41,63978.89,67578.06
282686,84210.02,92636.46,83286.17,83660.87,85335.66,80156.21,81662.94,83403.14,86752.56,77737.41,89436.49,87510.56,94206.65,85350.0,84714.2,84967.13,88005.18,81607.4,75579.15,88267.1,85365.76,88457.27,87813.61,80788.37
283687,64314.63,63552.07,64900.31,66092.14,67775.56,68494.33,68819.43,63037.55,66299.66,62207.63,66496.59,63196.55,65147.67,69832.81,66722.9,70179.61,63024.68,68007.25,64120.71,67385.38,67271.34,71784.58,64816.74,74461.56
284696,83948.42,79204.42,85828.07,84366.12,85928.19,83287.93,86973.61,85148.86,82266.76,82898.8,83567.84,78051.62,86036.73,91152.43,86469.01,86747.45,80288.83,89411.68,88139.29,78948.94,80826.94,81479.43,93001.0,86997.55
285697,67549.31,69712.52,63814.44,67120.93,66515.66,62265.57,72025.25,72301.87,70107.67,71417.66,68961.8,71199.71,66617.77,72131.36,66528.64,71253.84,62421.78,65480.33,68958.58,71907.05,62882.94,68724.31,65810.53,70022.16
286706,93610.79,99503.64,86524.97,92364.83,88880.94,85876.93,93021.05,83861.64,90778.01,88424.22,88408.04,91243.47,84064.58,95161.57,90390.22,97325.23,91710.3,87151.0,94445.9,85820.92,89054.65,86172.78,91567.37,92604.68
287707,88033.81,83874.35,81330.46,82139.24,75746.84,83253.8,81879.71,81038.24,87110.92,80431.48,83706.35,84366.52,83754.8,77108.61,84290.92,79785.17,92693.29,80958.52,77166.37,74874.41,79717.46,79930.3,80581.06,81967.02
288716,93014.99,90890.26,95626.45,97344.16,88283.21,99283.61,104066.02,97034.17,90680.36,91763.57,89006.23,96133.88,109563.6,90077.27,90593.87,93664.97,93676.84,96323.76,94411.49,97312.0,96899.13,100258.35,95617.06,96543.61
289717,90373.04,99378.56,90135.24,98024.81,97240.62,96953.63,103807.77,101680.3,94497.36,93521.85,92905.32,89822.67,93773.03,92683.04,98773.93,98356.56,94300.99,104097.36,90200.55,90903.89,94267.99,103642.93,93802.65,98812.94
290726,15947.78,17896.94,19285.49,17592.29,17636.12,17827.05,19261.35,17687.94,17807.19,17564.28,18557.89,19548.33,17838.75,17614.04,18965.85,17852.57,16889.5,17179.12,18531.32,18676.39,17321.75,18995.03,17628.05,17870.83
292965,51307.83,51087.79,53309.7,49816.2,51068.49,52194.55,46573.65,50925.95,50411.78,53201.86,53286.05,49615.35,52394.63,53382.36,50877.97,55640.39,52388.39,53366.68,50819.6,56712.31,52101.35,50249.3,51655.95,50099.07
293996,95344.08,104013.92,99315.54,104095.66,93070.9,100218.9,97327.83,96368.74,100999.67,102711.88,97773.78,93371.17,94108.48,97616.86,92338.05,101360.01,97004.68,97040.86,98796.19,98918.18,103646.54,95557.62,99309.05,95681.43
294997,92039.89,86788.27,87064.1,91814.35,91107.61,83704.1,83448.86,88538.69,85559.22,98062.35,87444.53,86094.36,87575.66,90421.27,87789.29,95255.76,89467.0,90540.98,88192.79,84882.62,88000.88,83071.04,85765.67,88594.87
296006,69301.91,66534.28,69012.27,67023.17,67497.22,69420.77,70130.08,63313.91,73056.44,64245.41,72496.19,66298.26,69125.63,67488.11,63377.48,67936.86,66899.42,69384.15,69610.22,76576.22,70344.02,67012.69,72088.32,69174.27
297016,81307.88,74731.73,73930.31,87385.47,75939.1,79745.41,87615.16,80096.13,77151.29,78612.24,81940.56,77060.42,81384.56,79940.0,77903.01,86017.72,77491.69,82776.81,80724.51,82400.59,82966.01,74657.88,83306.24,80383.37
298026,44063.78,48870.68,52969.38,50368.29,52123.43,49151.43,51696.2,49327.25,55064.31,53035.88,49838.94,52668.95,46561.78,49591.68,52201.87,52150.18,53901.49,53787.86,50679.56,52661.08,47959.98,51597.81,51200.72,51088.91
299045,62415.36,55966.37,63718.32,62769.57,67867.54,73714.57,63118.61,67898.82,67912.6,66783.63,63500.86,64702.83,70839.51,67228.71,63040.18,62455.62,66480.6,65310.49,61984.56,66220.01,63808.69,64624.92,64286.82,65496.03
300055,59233.85,58795.34,59110.32,60301.96,58096.64,60448.4,56384.28,60075.59,60958.17,63301.59,59010.23,61580.45,63340.9,59976.5,57988.52,55476.7,56408.46,61182.1,63103.55,65012.68,59395.74,58937.41,61337.99,66922.3
301056,81181.56,73433.89,83774.06,83472.01,74853.13,82003.29,80755.14,77258.38,75631.01,90095.76,84294.8,81581.35,76237.64,87840.17,75508.47,80391.64,77749.99,76057.82,79938.84,78738.22,81389.39,77118.33,80740.59,80786.3
302057,80017.06,76833.25,85311.09,81720.7,78478.95,82793.34,78882.09,74802.99,81919.62,73927.56,81850.76,83343.68,81797.38,80230.38,73437.18,81910.22,78016.41,87839.73,79344.82,81135.31,84057.09,81088.53,69307.5,85671.44
303065,47122.33,45170.03,46362.55,44012.07,47488.84,46322.97,44075.68,46272.99,43070.34,45616.69,47366.0,45410.18,46455.18,44260.56,44878.72,44812.78,44775.63,44451.89,43373.66,49016.77,45343.21,43923.71,45817.17,45984.86
304074,43242.25,40914.7,41008.08,43175.94,42311.57,42213.24,42598.36,39184.29,43269.95,39746.11,42310.02,37222.77,43172.83,39418.75,41731.32,38307.38,38898.23,41054.06,36802.54,40880.46,40504.81,41300.88,37445.57,43105.75
305083,3530.12,3480.5,3322.95,3580.86,3421.05,3338.52,3404.67,3298.28,3420.51,3490.28,3660.27,3610.08,3850.26,3495.66,3452.14,3511.91,3240.0,3484.55,3481.62,3508.84,3348.77,3594.03,3574.37,3726.4
306688,65739.4,62516.12,63615.69,61597.8,63704.43,62663.25,56472.98,64650.47,67170.96,61337.14,57533.38,56090.81,63357.65,62082.95,59404.87,66094.99,60902.79,62496.05,66303.89,63403.65,57437.41,61807.95,64239.92,61369.07
307702,24477.27,23734.35,19771.0,22939.77,23491.05,22503.33,23881.91,20964.22,24289.17,19903.83,21988.2,22371.84,22886.8,22082.05,20919.37,21596.02,21268.34,23156.8,22448.78,23081.92,23026.57,22868.83,21375.45,23953.09
308733,22412.88,23811.2,22582.58,23804.74,26332.41,23720.0,25007.69,24171.47,23580.9,25153.93,24618.42,24324.13,25121.29,24385.24,23027.37,24255.92,23885.57,23381.05,25011.3,24528.55,24559.61,24209.43,24154.98,24599.0
309742,22983.61,23837.86,23018.36,25954.73,21129.2,22903.95,20489.11,20903.32,23145.19,21897.41,24329.28,23880.23,23939.36,22365.05,22361.54,25285.71,23885.22,24524.51,21431.78,24911.18,21814.13,21018.04,21859.69,24570.07
310752,32802.37,29668.9,33836.78,32050.87,33963.27,35444.75,34936.8,34047.1,33262.5,33008.56,33728.14,32209.91,33134.47,32329.31,37808.01,31382.42,37914.98,35119.03,34157.83,37061.81,32510.28,32038.9,33982.56,32032.52
311753,32178.55,35837.08,34290.14,30705.33,33859.8,30374.73,34323.05,31535.61,30764.96,32822.85,33947.12,31165.96,34650.87,36638.97,34659.64,34102.18,35697.84,33129.82,30611.51,30859.39,31037.24,34260.02,34070.05,31468.8
312763,28330.45,30743.94,27514.01,24999.51,26917.77,27950.33,30329.27,28773.0,27585.96,26603.58,28572.89,27779.11,28030.65,29215.01,27122.44,28903.29,27627.94,25081.88,26616.63,26918.82,27162.74,27932.14,26965.98,25882.58
313783,37150.44,38538.48,38272.58,38502.21,36969.75,37707.69,36919.39,36080.93,37413.98,34267.5,38485.93,34097.33,40003.62,36777.41,37585.63,41518.41,41789.97,38076.84,35306.16,38642.97,36092.28,39907.65,39953.3,35387.61
314802,22371.77,19839.85,20729.52,21763.98,21247.23,20110.53,19271.35,20894.44,20715.5,20662.38,20570.98,20287.71,19984.18,19495.32,18701.2,19327.92,20878.98,20289.25,19398.64,21727.05,20824.52,22151.07,22134.93,19535.53
315943,30381.78,31422.0,31454.28,31509.98,31324.52,31163.47,29577.26,32044.36,33275.89,29858.15,29604.42,31621.0,27462.18,31603.4,28553.37,30560.61,28628.23,30132.01,30338.39,29741.76,32256.22,29521.01,31136.04,28901.66
316962,33954.8,31208.07,33431.39,30914.11,31818.99,35215.85,31887.57,32461.18,30260.07,30633.37,29900.74,32060.21,33881.1,34099.19,34150.98,31504.39,31569.01,34609.5,33387.33,31855.12,33041.63,32886.74,32906.25,30973.66
317972,24052.06,24061.12,25826.0,25623.46,26230.46,24598.19,26748.75,26151.78,25806.77,24462.56,25955.86,25068.07,25160.1,25006.9,24484.42,23524.44,25222.72,24914.65,22816.11,25422.82,24525.31,24091.11,21970.66,26489.06
319005,23762.06,23322.24,23068.1,24679.82,25416.56,22647.63,24906.86,25167.43,25574.28,22048.61,23529.12,23065.94,21283.8,23743.95,24402.42,23764.61,23005.28,22400.0,22764.1,24152.58,22958.75,23635.99,22470.89,24259.96
320013,19860.07,18180.59,18593.23,18501.5,18243.5,17781.24,17221.52,17631.91,18437.97,18217.1,17440.8,18135.97,19503.02,18345.84,17388.32,19625.65,18437.67,19698.12,18265.83,18936.56,16747.96,19001.25,16840.69,17637.82
321022,19348.25,19920.58,17867.33,19357.9,19845.56,20273.06,18215.8,19498.17,21060.26,20034.95,18513.86,21282.42,18924.54,20168.6,19419.12,19733.78,18654.1,19314.16,19510.82,15781.74,20914.92,17800.22,20000.1,19477.94
322032,23268.48,29785.17,26571.12,28789.1,26413.7,27761.79,25910.66,27075.82,32029.88,27451.37,26797.46,27126.9,26683.0,27971.32,26325.2,30802.74,27669.46,27645.44,29546.81,29019.96,29254.97,28762.32,30046.81,26941.76
323052,19141.2,19259.75,18961.17,17798.65,19448.46,18580.31,17986.28,19098.84,20074.7,16786.67,18699.71,21314.9,18077.24,18787.14,18483.53,19176.84,17846.04,18478.14,19712.56,19057.44,18976.7,19691.54,18463.79,18594.97
324072,17138.28,17187.83,15935.6,15613.78,17472.66,15939.29,14227.0,16339.55,15717.76,16001.67,14475.92,15050.07,16689.56,16326.29,15600.64,15384.8,16743.52,15867.0,16648.56,16368.99,18066.47,14780.21,16727.12,15351.84
325091,10920.8,12270.54,10971.2,11398.74,11525.6,11526.81,11313.86,10884.84,11875.88,10749.47,11494.99,10688.84,11041.31,10883.51,11711.29,12065.62,11085.94,11384.56,11941.62,11390.05,11489.38,10725.1,11257.31,11280.71
326101,16133.61,16001.39,14081.89,14921.58,15730.13,16089.55,16371.74,15612.49,15579.1,14908.28,15939.9,15950.43,15523.82,16113.7,15149.14,16387.2,15056.09,14428.34,17099.36,15319.3,15317.52,16130.11,15372.79,15404.92
327131,13770.44,13530.66,13871.08,12297.11,12507.44,14111.17,12972.8,12359.52,13837.72,12869.35,12536.05,12931.9,13515.89,14679.12,13319.39,13180.22,13375.47,13865.03,12646.28,13270.15,13273.29,13658.44,12485.22,14360.28
328161,13252.63,12407.22,13863.42,12305.88,12620.62,12628.29,13773.96,12673.07,12108.89,12106.85,13211.82,11130.55,12892.25,12904.6,12572.1,12781.41,11770.51,13215.78,13138.27,11907.75,12674.82,11422.02,11448.37,11273.39
329181,9954.23,9883.21,10869.63,9763.62,10728.48,10578.32,10587.68,9856.58,9688.6,10173.68,10975.93,10904.05,10593.23,10505.66,9766.0,11421.15,10618.7,9806.14,9758.84,9658.27,10118.17,10408.14,10350.25,9917.37
330211,18847.22,18258.2,17087.6,17724.06,17521.78,17965.02,18645.8,17524.45,18498.6,18692.3,16402.62,17884.33,16918.55,20031.88,18371.37,16327.84,17277.61,16694.27,19174.99,17498.37,18106.86,16408.52,18159.33,17755.95
331231,14687.64,13941.61,12554.46,15210.8,13514.92,13687.61,14143.99,14100.57,14094.62,14596.3,14647.63,14106.44,15331.51,13556.95,14545.53,15280.69,13179.74,13881.04,14605.0,13587.35,15554.66,13789.79,15010.88,14352.58
332261,10673.43,10341.84,10375.62,10502.24,10269.94,9915.66,10741.43,10032.43,10029.41,9763.56,10265.95,9971.1,10707.67,10929.84,10401.73,9472.13,10197.23,10154.38,10652.04,10488.91,10849.68,10772.16,10944.74,10056.03
333291,9190.43,8996.66,8505.62,8888.12,9206.56,9787.42,9050.16,9353.58,8601.53,8655.14,9298.1,9411.77,9170.0,9807.97,9094.03,8501.68,8467.31,8980.83,9253.89,9493.26,8954.42,8468.16,8314.3,8567.22
334352,9836.25,9909.87,10391.82,10373.84,10330.76,9215.75,9374.04,9901.25,10735.14,9829.42,9851.8,9653.81,11274.58,10161.43,9508.89,9801.06,10243.63,10880.31,9780.64,10460.89,10378.3,11332.63,10471.19,10127.84
335371,8968.82,8432.7,8596.03,8132.53,8352.83,7657.82,8389.81,8198.46,8866.69,8026.2,7696.88,8867.95,8166.73,7462.6,8078.99,7830.29,8769.5,8928.09,8531.65,8307.15,8091.47,8261.43,8430.42,7729.29
336620,7261.66,6834.09,6773.81,6680.84,6810.07,7143.69,6632.69,6197.56,6981.63,7320.04,7225.4,6618.23,7096.61,7095.75,6442.66,6448.27,6807.08,7044.8,7391.13,7116.63,7016.01,6931.42,7107.83,7255.25
337760,8313.36,8878.5,9491.15,9015.02,10192.06,8727.12,8545.81,9566.54,8766.17,8601.03,9361.56,9155.33,8162.75,9134.45,9511.84,9001.12,9620.4,9333.18,9563.76,8953.13,9440.58,9483.01,9574.12,9253.54
338800,6781.77,6698.66,6937.44,7249.17,6903.38,6843.92,6670.8,7010.2,6362.12,7076.27,6527.08,6602.41,6441.45,6812.55,6630.27,6561.76,6855.78,6604.73,6613.63,7080.03,6487.55,7046.14,6845.96,6608.58
339830,6629.1,5698.23,6689.94,6927.22,6713.65,7328.29,7184.71,6819.72,6161.69,7114.11,6448.49,6236.66,7026.35,7015.72,7188.15,6131.92,6500.13,7135.75,6885.66,6009.65,6317.9,6513.21,6282.72,6257.22
341010,11120.66,10954.89,10381.22,11428.27,10954.05,11050.06,10736.86,11128.5,11463.66,11608.84,11099.26,10843.04,11118.55,10177.78,10810.84,11377.36,10515.41,12167.44,10820.62,11196.16,11319.77,10612.91,11395.31,12017.09
342040,8263.97,7578.17,7847.35,7861.63,7450.61,8193.87,8270.44,8447.75,7748.23,8016.69,8202.67,7329.84,8393.74,7823.11,7447.78,7696.57,7274.84,8827.98,7818.38,7958.28,8009.95,7951.52,7342.91,8453.66
343050,11255.17,11642.82,11211.54,11722.05,11277.13,10192.69,10657.07,11770.47,12057.12,11472.44,11598.16,11541.4,12143.0,11904.85,10721.18,12205.97,11035.74,10913.29,11029.13,11781.68,10950.29,11576.49,11357.93,11658.16
344060,9892.54,11339.39,9906.98,11103.01,10644.48,11144.59,10965.37,11353.04,11213.87,10377.43,11116.23,11324.39,12325.51,10175.93,10688.87,11491.64,9910.36,10800.28,11921.84,11086.79,10997.3,12282.13,11079.97,10848.97
345100,10416.43,9691.43,9670.6,10020.56,10845.18,9418.8,9549.75,10465.65,10395.83,9858.9,9386.32,10212.8,9936.26,9676.24,10657.58,9963.16,10164.34,10401.76,10237.93,9473.94,10230.64,10007.76,8890.31,10309.45
346110,12264.67,12012.67,12074.92,11252.78,12076.51,12865.8,11055.01,12083.81,11040.37,11518.78,11498.54,12403.64,11572.45,13020.53,11427.51,12312.27,11829.8,11818.49,12170.57,12387.95,12447.02,12247.01,12643.86,10786.48
347130,11930.2,12560.76,11524.97,12198.75,12042.77,12332.14,13077.58,12337.44,12193.12,13408.66,11797.72,12909.11,11474.91,12400.47,12089.95,13184.87,12072.3,11807.71,12538.17,12531.82,11931.36,11534.33,13263.45,11742.23
348150,6772.73,6470.42,6743.36,7038.86,5906.08,7032.07,7214.74,7160.07,6991.45,6516.35,7068.59,6625.44,7099.88,6424.45,6997.79,7085.5,7067.74,6486.6,6836.66,6566.16,6293.26,7149.52,6705.73,6967.82
349160,7610.64,8454.14,8397.69,7278.11,7886.88,8779.43,8268.28,8015.05,7710.95,7968.88,7971.54,7481.06,7315.5,8231.05,7336.38,8382.22,7889.38,7738.06,8527.53,7781.47,8164.67,7393.34,7813.01,7846.9
350200,6263.13,5255.16,6113.81,5276.98,5993.37,6045.81,5706.98,5646.23,6457.4,5669.27,6272.69,5855.09,5906.03,6270.88,5867.4,5860.42,5541.95,6736.93,5726.76,6044.15,5949.72,6015.54,5554.68,5996.87
351220,10169.56,11092.64,10914.56,10042.02,9815.33,10741.05,11561.72,10812.63,10862.52,9547.59,9801.01,10132.97,9880.14,10618.36,9966.66,10644.67,10161.72,10657.39,10756.83,10763.37,10267.84,10925.43,10728.5,10064.43
352230,14667.5,15919.6,15374.59,15632.88,15712.5,16912.98,15221.43,17443.21,14727.34,15866.56,17187.86,16094.27,16865.73,14995.96,15105.92,14879.24,16520.69,14707.0,15777.68,15399.14,17182.01,16412.74,16810.3,16399.56
353240,23807.6,22476.58,24808.25,22324.96,23374.37,23095.24,23042.67,23414.8,24304.48,23704.13,21758.63,23001.16,23928.32,24224.94,23119.89,23342.47,25253.39,25561.47,22602.3,25004.99,24388.94,23913.88,24118.09,25256.83
354250,19953.46,19947.59,22342.38,22986.06,19948.11,20557.77,21319.9,20369.51,20094.66,21154.81,22290.65,21329.71,21067.15,22568.53,22136.83,18663.75,19381.7,22349.02,21759.37,21426.71,21310.8,19957.93,21552.27,21919.84
355340,23310.36,20673.22,22491.5,22698.11,21000.89,21842.51,22043.21,22064.91,21832.27,21744.14,23410.92,21525.4,22109.33,21950.19,22453.06,23840.75,19411.65,23209.02,22430.33,23031.73,19254.93,22010.44,22895.89,22323.58
356371,18150.1,17391.79,16168.27,16726.83,18565.96,16873.64,16910.88,19262.46,16824.65,16921.03,17415.97,17837.89,18110.11,17107.66,18377.25,17857.67,17430.6,16632.74,16404.76,16539.74,16640.96,16564.16,17623.97,18482.99
357393,11318.44,10121.65,10739.16,11220.75,10845.93,10730.0,10785.82,10879.11,10475.59,10637.65,11180.39,9846.72,11237.26,10527.88,10449.58,10032.74,10149.07,11256.88,11102.16,10735.43,11524.56,10016.28,10379.6,11244.46
358430,11108.29,11162.34,10199.29,10739.61,10065.62,10279.53,10494.81,9441.21,10805.29,11300.76,10656.17,10373.35,9396.42,9266.15,10248.09,9496.79,9447.07,10158.19,11528.21,10354.25,10794.61,9879.62,10385.72,10230.76
359459,10203.13,10525.73,10170.28,10647.77,10203.09,10356.48,10025.2,10821.86,10422.58,10275.36,10841.19,10011.75,10275.4,10585.55,10365.41,10207.66,10635.78,10574.09,10644.87,10840.09,10453.02,10477.0,9731.02,10318.26
360490,9204.32,9622.17,9574.45,10295.33,8706.91,9935.82,10233.76,10434.13,10065.92,9909.18,10181.27,9931.33,9661.51,9587.45,9043.98,9860.89,9524.84,10349.42,9864.77,9496.78,10318.77,9268.46,9526.73,10796.64
361500,10605.86,11762.82,10370.05,11389.09,10517.61,9921.54,11161.02,9897.96,9844.79,11086.72,10063.87,10417.93,11164.38,11296.4,10177.66,10310.68,10435.2,10918.49,10887.12,10848.2,10977.4,9416.78,11021.18,11291.07
362501,13220.01,13001.3,13843.9,13651.16,13434.02,13868.76,13883.45,13646.49,12491.05,15480.43,13307.99,13755.0,14332.54,13506.33,13523.71,12263.99,15004.56,13123.73,14326.75,14689.18,14309.33,12585.7,13664.6,13888.1
363520,11290.79,11271.83,11512.3,11699.83,12035.71,12463.51,11558.0,11081.56,11696.54,11454.9,12461.98,11974.45,12685.91,11949.17,12474.72,12358.07,11348.85,12349.66,11620.9,11694.84,11611.22,12231.73,10431.1,11748.97
364540,10437.57,11940.89,12116.8,11318.91,12576.71,11267.24,12018.9,11839.01,12790.48,12068.09,11621.34,12258.9,13256.19,12255.09,11857.75,11854.82,11861.83,10913.24,12415.21,12057.08,10995.06,11765.84,13288.16,11879.55
365580,9230.94,8298.83,10051.19,9877.7,8984.78,8595.64,8823.63,9642.62,9328.53,9459.4,9732.89,9893.85,10167.11,9331.96,9169.18,9580.14,8861.35,8714.28,9703.7,9367.32,8549.51,9871.91,10062.95,9228.45
366609,13436.35,14452.54,13655.95,13096.88,12265.68,14145.4,13787.51,12543.92,12754.83,13568.49,13307.56,13504.45,13790.58,13334.09,13254.79,12584.89,14664.58,13620.54,13729.36,13665.27,14089.33,13106.76,14595.17,13506.36
367619,18314.9,20777.99,21862.76,19190.16,18282.97,19755.7,18940.51,18639.93,17491.41,19775.1,18183.36,19505.2,19352.93,18489.51,19381.31,18884.18,19887.33,20070.57,19237.27,19439.52,19339.25,19000.26,18574.15,20361.77
368629,25139.72,26555.53,26010.65,25060.37,24654.05,24330.54,25839.56,22634.8,25994.48,22721.17,26291.83,23255.07,24492.05,24479.89,23511.43,22634.09,24142.08,25152.66,24801.17,25431.29,24364.72,24812.06,24680.49,25303.27
369639,29789.55,30857.37,32715.4,34785.95,28074.13,29409.51,32700.11,30262.78,31176.65,30152.27,31509.96,30584.91,29112.97,32380.6,27674.78,28177.3,30725.37,31339.42,30295.67,34259.92,34118.75,30637.3,32572.59,31414.24
370649,30404.39,29825.78,30060.96,29731.63,30719.61,32258.85,29246.39,27516.75,31570.16,28849.75,29137.69,29270.94,32570.41,30359.36,25740.83,32397.98,28553.88,30018.51,30241.27,30616.9,29534.61,30507.25,30042.97,29786.12
371808,19782.87,18586.19,17463.02,19435.13,20159.73,19749.57,19309.3,18678.02,18618.7,18881.83,19310.97,17396.83,18221.16,20222.53,18612.73,20360.35,21306.57,19419.9,19241.31,19908.54,18743.45,20926.5,19062.76,18280.78
372818,15617.04,16098.11,15912.08,16052.39,14638.05,16331.32,16904.62,15415.46,16404.88,16386.7,15458.5,16268.17,15319.21,14431.2,15926.21,17016.04,16068.17,17080.64,16153.92,14292.23,15620.79,16304.04,17377.03,16166.07
373828,18723.07,19528.31,19495.67,19323.61,19298.37,19235.5,18103.81,18326.31,20413.12,20104.61,18256.83,19106.16,19057.63,18355.36,20688.27,20420.65,19405.42,20172.8,19217.36,18843.68,20337.34,19188.75,17970.98,19130.05
374837,17126.48,14618.69,15443.36,17691.35,15514.85,15717.94,16544.79,16690.19,16489.61,16613.27,16679.28,16791.68,16347.81,17583.45,15364.53,14811.03,16855.42,17507.42,15993.25,16817.41,15788.57,16779.1,15752.76,15445.42
375857,15295.45,14888.28,14892.76,15290.02,14905.02,14857.3,14339.47,14961.12,13693.89,14337.22,15458.43,14114.37,13242.0,15172.54,15532.14,13852.51,15120.52,14803.37,15008.78,15243.63,14388.56,14734.85,15717.14,15272.22
376877,15188.75,13813.51,14626.54,15049.81,15573.87,15357.87,14827.84,15375.05,15745.75,15738.64,14845.74,13992.32,15050.19,15098.85,14500.16,15502.41,14653.05,15397.68,16349.71,15822.72,15942.55,15542.79,15858.67,15418.95
377901,7712.1,7577.69,7597.43,8020.16,6900.6,7285.84,7058.03,7439.63,7336.61,7022.5,7066.06,7062.39,6899.09,7698.19,7613.02,7522.76,7599.99,7329.4,7174.81,6936.03,8498.19,7112.01,7162.81,7890.56
378981,8992.62,9647.6,9833.58,9229.62,9409.27,9126.13,9299.81,9060.08,8941.14,9818.0,8620.45,9382.22,10081.94,9914.25,10096.97,9579.1,9965.76,9422.3,8955.8,10306.0,9600.26,9597.73,9748.12,9520.27
380001,9515.81,8907.75,9170.22,8758.82,9013.51,8902.7,8166.29,9823.72,9661.2,8627.33,9131.17,9319.47,9982.54,9109.46,8560.05,9301.56,9479.35,8889.74,9568.19,9723.33,9518.44,8385.97,8934.27,10283.68
381023,4234.22,4702.28,4700.41,4563.07,4380.37,4585.8,4828.12,4990.38,4703.47,4866.27,4822.01,4838.7,4904.01,4702.62,4014.22,4134.61,4341.02,4101.07,4348.12,4166.49,4953.38,4354.93,4825.7,4786.72
382080,8255.26,7453.44,7357.95,7086.28,7908.66,7120.18,6903.26,7809.43,7613.2,7559.49,7320.42,7550.28,7578.89,7253.21,6738.97,7776.61,7853.76,6843.68,7912.46,7982.12,8341.81,7943.17,7939.4,7621.07
383120,7382.44,7724.43,8059.16,7691.16,7503.56,7517.97,7982.71,8652.7,7417.39,7944.82,7577.8,7582.21,7897.56,8328.21,7145.86,7830.79,7636.43,7677.67,7038.35,7624.42,7556.3,8163.78,8276.77,7792.43
384151,7755.01,7599.54,7503.44,7569.55,7977.97,8068.9,8385.72,8272.99,7946.95,8169.31,8455.17,8601.87,7760.58,8324.43,8396.05,8224.07,7987.21,7641.06,8834.58,8130.47,7963.36,7921.89,7484.52,7297.24
385180,12421.91,13788.48,12617.53,12264.57,12647.35,12879.92,12561.99,13070.85,12021.45,12551.39,12179.8,12792.31,12086.77,11891.79,13290.24,13267.79,12711.07,12931.48,12440.41,13054.03,12529.94,12709.26,14295.02,13969.41
386191,9934.53,10952.95,9636.3,9339.51,9433.47,10398.93,10044.22,10158.13,9694.2,10137.4,9625.51,11120.26,10058.11,10047.76,9783.13,10001.08,9527.73,10648.44,9840.68,9775.44,9734.91,9791.53,10487.2,9640.66
387220,12466.33,12853.31,12547.58,12620.26,12669.64,12766.84,13170.39,14026.15,13626.53,12040.08,12982.66,13685.73,12493.68,13387.05,12391.52,11139.27,13802.97,12812.75,11960.25,11944.35,12463.13,12330.54,11969.4,12292.46
388240,7552.73,8626.6,8388.91,8921.45,8101.99,8059.92,8316.96,8190.37,7953.98,8680.08,8493.11,8853.73,8203.67,7889.83,8200.14,9337.3,8725.6,8435.66,8088.4,7449.25,8730.62,8657.27,8085.64,8486.77
389300,7336.37,6803.31,7049.9,7362.62,6823.09,6573.24,7645.05,6627.27,7010.17,7347.42,7386.33,7549.76,6738.77,7156.55,6523.3,7639.4,7528.33,7075.15,8005.95,7297.17,6851.31,7637.11,6743.99,7016.14
390591,755.23,832.64,757.98,618.62,754.23,790.34,717.64,787.46,762.61,788.63,793.08,791.96,815.14,774.5,784.39,803.35,765.37,847.63,815.28,735.39,804.96,748.69,796.49,746.37
395849,22033.07,23872.69,21606.53,21060.89,22502.06,23778.01,22959.0,24666.23,22012.71,22119.39,24216.83,24781.48,21594.8,22516.48,21662.04,20512.29,22321.4,23893.59,23125.01,22636.9,23419.48,21948.46,22730.93,22464.51
396859,27588.61,27563.43,29093.26,29682.18,27970.19,26919.85,30167.64,27566.65,27757.42,29545.4,27157.91,24187.25,27485.31,26512.65,30846.13,29205.24,30978.27,32043.06,28204.54,29344.47,29633.25,29333.79,27667.0,29356.33
397869,17204.82,16658.96,16280.36,17885.11,16326.84,16701.66,16523.69,15993.5,16895.4,17169.97,17240.09,16009.11,17986.72,17562.41,16208.93,15343.12,16443.14,17809.67,16153.69,17135.85,16217.61,18060.96,17244.06,15966.39
398899,11393.86,11349.41,11329.1,10088.5,10781.19,10682.07,10617.49,11400.81,10760.78,10768.62,9967.54,10807.33,9828.81,10790.44,10857.34,10083.69,11143.08,11685.4,10726.25,11524.65,10573.06,11532.97,11080.44,10524.33
399969,9115.4,9076.22,8496.37,7986.06,7972.39,8795.97,8819.61,8626.47,8492.85,9456.62,8930.1,8359.81,8793.27,8912.11,8142.64,8681.76,8755.32,8547.42,9004.45,8664.86,9387.78,7648.19,8573.19,8894.61
400989,21316.54,22145.24,21866.43,21661.08,23374.7,23619.04,21014.23,22021.41,22465.4,20496.11,21366.76,22448.18,23899.05,21033.83,19683.38,21415.94,20238.48,22330.1,23353.56,20536.04,21656.98,24597.41,22834.51,23315.95
401999,35713.81,39142.78,35875.34,34998.09,32162.25,39250.4,36158.67,36242.99,34790.28,36896.18,38148.22,35796.49,29902.41,34448.46,33932.68,35176.99,33405.83,36181.04,34795.02,36431.13,34926.96,34789.39,34988.66,36728.84
403001,28581.3,28308.28,27645.77,31013.58,28947.59,27971.27,29226.32,29089.26,29289.9,28961.83,31589.93,28738.2,27847.71,29571.18,28196.92,28501.15,29245.54,26577.13,26025.62,29966.78,27920.07,30394.28,27713.72,27707.38
404209,22518.65,23627.25,22484.54,21710.77,22163.45,23071.24,25694.18,23708.14,22669.11,22468.75,20863.07,22980.61,24752.28,23132.46,22275.41,21858.68,23617.3,24256.58,25357.0,25321.35,22054.0,20852.46,21304.52,21794.4
405210,18158.0,19358.57,18866.56,18333.63,21022.59,21326.04,20999.11,18363.5,17731.64,20666.37,18036.44,20380.43,19650.34,20104.25,21723.81,19985.73,18567.16,21042.23,21039.93,20684.29,20174.77,17759.12,20622.49,19893.51
406219,9392.19,10678.78,9796.01,10449.93,9909.72,10301.74,10108.57,9750.77,10539.6,10100.57,10665.4,9407.93,11313.7,11009.72,10454.4,10645.92,10191.21,10802.78,11274.25,10685.74,10896.32,10687.46,9884.93,10354.43
407239,3540.73,3522.73,3731.98,3198.52,3373.2,3347.66,3392.29,3616.54,3671.49,3575.55,3207.03,3378.36,3160.69,3170.4,3433.49,3436.4,3205.05,3409.42,3176.88,3237.62,3277.8,3185.31,3442.63,3442.84
408609,87.69,86.53,82.61,87.13,80.8,90.07,84.48,83.02,94.2,83.9,84.08,86.15,81.82,82.68,85.91,82.83,84.42,88.75,91.23,81.41,86.06,83.57,73.2,86.9
416478,883.23,928.38,911.3,874.03,867.78,945.1,860.85,896.53,924.61,900.4,891.42,876.12,848.85,792.7,796.19,1017.13,902.79,923.95,894.66,817.06,856.04,849.13,894.58,913.61
417518,2363.35,2202.31,2272.11,2306.05,2301.61,2348.02,2218.13,2397.41,2354.28,2296.57,2345.05,2290.39,2169.6,2255.59,2289.75,2162.77,2321.39,2193.97,2342.68,1997.49,2359.01,2245.35,2337.5,2169.56
418538,1457.82,1512.39,1427.62,1404.44,1461.89,1528.35,1243.01,1547.28,1445.55,1429.8,1480.43,1349.35,1347.61,1503.52,1562.0,1564.6,1479.34,1413.04,1546.29,1325.71,1419.17,1395.77,1469.5,1434.06
419818,2809.13,3112.11,3020.18,2818.39,2762.04,2876.45,2769.0,2759.8,2701.83,2758.54,2687.09,2761.62,2932.49,2834.41,2909.41,2782.14,2461.14,2783.07,2756.83,2975.11,2870.89,2667.64,2706.05,2871.92
420957,2915.21,3273.42,2903.82,3464.81,2852.96,3114.18,3125.22,3093.93,3027.53,3066.01,2981.05,2976.38,3319.29,3079.68,2920.2,3079.56,3082.77,3195.28,3086.98,2960.7,3179.72,3260.91,3078.22,3197.86
422018,3135.41,3465.72,3208.46,3129.31,3278.63,3089.28,3059.33,2937.76,3418.84,3068.92,3258.22,2981.72,3250.71,3508.91,2889.98,3443.63,3113.98,2957.87,2993.48,2999.65,3114.7,2974.87,2973.82,3049.04
423058,2034.67,1990.2,2083.19,2063.83,2001.64,1978.69,1981.35,2045.3,2187.67,2164.67,2232.88,2068.7,2056.57,2039.1,2181.58,2075.12,2157.54,2058.37,2144.47,1935.68,2084.42,2026.25,2137.71,2114.62
424395,4966.09,5444.88,5033.93,5102.86,5196.43,4945.46,5066.25,5031.09,4480.83,5044.39,4988.69,5176.22,5136.13,5207.83,5482.58,5263.35,4784.82,4808.74,4659.69,4789.37,5188.41,5132.39,5284.19,5150.79
425415,5145.46,4708.66,4757.43,5215.3,4492.76,4623.06,5076.53,4957.68,4458.86,5012.44,4146.03,4641.06,4760.61,5015.08,5208.01,5086.41,4963.05,4672.67,4594.8,5019.69,5188.54,4602.67,4883.95,5202.21
426455,3049.21,2914.54,3003.5,3103.99,2867.06,2746.01,3034.46,2917.6,3000.29,3028.95,2873.4,2937.81,2871.94,2895.3,2922.44,2830.1,2843.33,2906.86,3156.35,2903.22,3250.36,3148.28,2974.66,3281.75
427714,2399.35,2285.88,2475.93,2580.65,2133.86,2380.21,2340.63,2486.97,2553.11,2632.75,2547.24,2390.41,2491.0,2308.54,2291.82,2319.94,2487.38,2492.97,2283.04,2272.05,2275.72,2374.16,2598.45,2189.88
428879,2025.74,2212.55,2082.73,2038.52,2116.57,1901.58,1991.25,2116.09,2089.85,1836.76,2216.29,2109.17,1980.01,2170.3,2115.98,2254.56,1998.47,2271.12,1902.17,2219.31,2095.69,2306.56,2089.46,1985.36
429995,2334.01,2168.76,2298.66,2169.93,2130.06,2154.92,2194.83,2084.99,2192.24,2217.88,2201.72,2199.42,2267.74,2109.1,2226.28,2352.23,2127.4,2288.96,2357.4,2132.69,2007.7,2127.55,1980.77,2129.45
431034,2087.09,2230.46,2296.02,2164.94,2267.97,2155.93,2177.95,2105.24,2375.48,2162.24,2221.35,2371.42,2400.36,2255.61,2404.16,2414.91,2378.11,1927.7,2182.35,2390.17,2222.98,2316.72,2224.09,2119.52
432075,0.0,0.0,0.0,0.0,0.0,0.0,0.0,0.0,0.0,0.0,0.0,0.0,0.0,0.0,0.0,0.0,0.0,0.0,0.0,0.0,0.0,0.0,0.0,0.0
