0,65767.31,68124.8,68204.45,62356.23,67122.61,67625.72,66979.19,65016.33,69363.1,69259.48,70658.26,66492.88,65272.35,68150.96,64030.95,68284.08,66097.28,63798.86,69033.94,65354.45,66017.07,68756.74,70159.0,65961.28
1008,173.96,158.98,168.71,169.38,180.13,177.26,171.59,174.62,158.94,176.41,169.78,177.71,183.42,176.46,167.38,182.96,175.9,160.92,171.62,171.66,169.95,159.71,165.68,189.95
31574,1058.26,1214.7,1127.1,1058.1,1074.04,1087.27,1167.59,1083.12,1169.6,1148.58,1046.58,1011.18,1026.0,1143.26,1131.31,1211.36,1159.27,1162.98,1120.86,1103.77,1173.91,1051.55,1019.65,1025.64
36545,51651.99,53641.99,50493.95,52526.22,58327.64,53891.95,50986.97,48487.22,49796.22,52654.15,54587.9,57499.81,56167.93,50666.13,55331.13,49088.84,50497.95,49326.5,49083.76,50791.63,52068.03,56705.03,51741.7,58172.6
37708,31836.32,32943.59,37697.47,32947.04,31615.73,32327.17,34409.34,33192.92,34213.13,33211.2,29318.54,32657.88,33871.23,33307.25,34551.91,31440.92,33833.65,34344.8,32548.67,32231.58,31510.77,30870.05,30200.2,33508.45
38725,52982.02,49665.77,51684.98,51901.49,46697.76,45355.17,45860.61,49258.77,49747.66,55078.27,49260.71,48828.83,51695.1,48702.44,48757.61,53271.29,47541.95,51489.5,49910.01,47870.86,47444.85,46453.52,51281.23,50378.01
39729,47806.59,44407.26,46139.0,49716.14,46903.79,45817.23,45204.12,48991.95,43315.37,49449.89,45733.57,42019.19,46294.88,46783.16,46813.13,47954.61,45391.58,44205.68,46987.28,46151.11,44503.29,46210.12,46305.07,43239.11
40736,41062.31,43007.98,45223.34,41690.31,40040.92,43161.57,44026.82,40202.22,41596.06,45547.28,39243.98,43408.13,44767.13,47019.96,39898.22,40588.29,45043.0,44553.74,43615.95,44880.29,42872.15,40631.81,43632.08,39346.31
41748,41445.59,42617.66,43171.43,40570.97,45034.48,45670.48,45008.14,43674.2,42954.15,45119.12,44349.36,44094.3,42979.08,43503.73,44981.04,43109.35,44217.93,48051.09,44572.99,43728.52,44644.07,42331.92,46237.96,42996.33
42761,44219.16,43083.03,43361.74,44861.45,44772.89,44468.9,43305.96,46578.34,44116.73,43159.35,41051.45,44867.74,38417.17,44464.8,42537.95,42610.66,41330.56,42729.79,44348.96,46852.98,40708.02,44777.38,42765.3,44207.63
43768,33197.45,36517.87,30519.16,35447.49,37213.08,33159.27,31770.58,31593.75,30037.54,34587.84,34064.83,31356.35,35937.58,35169.2,33845.74,34549.31,33283.45,34500.52,34625.64,33145.26,34101.08,32858.63,34720.44,34264.21
44780,40161.53,45053.14,45583.91,38538.42,42261.2,41426.4,41364.85,41302.38,44672.56,39194.12,43556.07,40696.08,44045.45,39333.43,41988.78,37929.81,42598.84,42479.7,41622.35,43042.31,44740.51,38038.95,43305.1,42117.1
45792,31770.86,35147.61,33146.26,33046.13,33491.85,32087.69,35233.96,34311.06,35923.27,34739.47,31514.64,33730.58,32228.16,34570.66,36062.75,32356.45,34595.83,35659.16,33460.36,34003.06,34168.93,32626.46,33709.22,33368.57
47024,47890.62,49648.36,46187.74,40848.71,48569.31,48571.95,50381.88,46296.97,47192.49,47988.61,45818.12,46489.38,49006.57,44560.1,43559.23,41463.4,45994.1,45780.69,47121.25,45710.51,44937.82,52314.6,44428.95,45706.51
48034,54418.02,52935.31,48569.07,52762.6,54912.47,51459.91,51435.55,52684.28,53367.11,50734.83,48411.26,54976.42,51774.49,49007.48,54363.93,55785.59,51848.44,50594.01,51102.08,52765.17,52974.9,52354.45,51513.07,48963.33
49035,61171.8,54571.43,52966.44,57544.82,55689.16,54257.95,54582.28,52605.94,50826.99,51775.89,50322.22,55212.94,57103.27,51705.46,50024.77,53836.58,53247.36,48623.61,47047.94,54573.46,52580.75,50607.58,50841.05,49909.24
50047,40673.9,43626.07,40325.98,45286.15,39405.41,42398.12,46530.09,41284.68,43976.97,41518.06,45198.74,41235.83,41755.58,44521.63,40799.17,41764.88,43060.92,44031.77,42212.06,46151.73,42760.61,43568.9,43154.61,45188.44
51055,58751.06,53720.9,56153.75,55559.0,54508.01,55653.71,56403.38,57482.85,51635.21,56655.27,55457.53,58556.97,59254.54,54864.16,55580.88,55363.44,57617.0,55645.26,57103.54,57707.72,54273.14,58556.79,60737.89,55346.86
52066,72720.66,59658.58,59835.36,62617.17,62112.58,64762.58,59617.11,64024.69,69305.06,64489.68,66360.3,68337.19,63344.74,56681.33,58221.65,63424.15,64220.61,59998.23,64270.29,58426.95,67584.85,61165.89,64277.48,62939.47
53075,27792.97,28697.48,27824.58,26743.78,29174.32,26115.92,25003.21,28607.08,29324.16,26048.43,26939.52,27602.38,27714.29,27389.19,28562.2,28306.77,28553.19,26052.15,26486.25,28527.51,26703.78,24290.74,28616.14,26629.43
54078,20740.94,21288.17,21637.72,21153.65,21648.83,19637.65,23392.73,21767.65,24778.58,21787.42,22312.92,21971.41,21027.98,21197.22,22010.2,23042.79,20749.03,21946.46,21798.78,21304.41,21415.37,24084.1,23293.75,22508.49
55107,2024.64,1843.53,2032.91,2030.14,1645.24,2049.78,1822.2,1989.11,2120.45,1746.08,1879.65,1880.14,1948.44,1990.75,1881.59,1912.58,1872.7,1813.5,1866.66,1982.73,1837.05,2023.6,1977.71,1935.98
62618,10708.22,11929.9,10870.51,11810.67,12057.6,10901.19,12805.54,11691.61,11918.24,10449.78,11807.9,10786.46,10985.39,11458.9,11577.39,11392.82,11484.97,11542.49,11631.78,11652.82,10840.02,10810.2,12216.0,11139.4
69410,76662.02,77212.57,70263.23,76812.58,78953.12,77515.17,68234.92,76732.67,77254.76,82225.02,74739.55,74910.44,73456.23,71966.11,68910.75,73408.02,75767.48,75868.62,77296.26,78502.43,74323.32,76022.42,74449.16,74098.62
70418,85628.28,79839.87,96400.49,95500.09,86056.56,88927.1,81041.81,78909.63,89743.44,87433.04,85482.91,94072.07,86105.53,85136.15,92608.64,87485.97,88312.82,84649.0,83547.61,92637.15,88874.78,85970.77,86042.59,93126.4
71431,104426.16,109839.43,101831.14,99624.21,104174.08,99149.17,96596.34,98090.36,97480.29,98254.41,103860.07,107819.87,106462.41,100150.52,105774.92,105858.9,103285.38,103232.39,101226.89,99577.71,105054.06,99747.95,107952.58,102922.9
72438,62948.25,70793.74,62774.71,59565.87,66412.22,60921.2,64710.77,57447.79,62236.35,62250.81,57016.12,58163.32,63520.45,61677.69,61554.06,64114.52,61865.16,60947.42,57228.62,65778.03,67040.15,64126.67,62772.8,57830.44
73443,81100.94,75522.13,70200.83,70111.72,74721.27,72819.31,80984.5,72594.43,70583.63,76928.51,74132.06,71052.08,72514.43,81220.55,79074.44,83150.07,75560.04,80850.3,74613.95,72238.28,81988.19,75172.39,74596.18,79359.29
74450,25870.22,27605.97,27369.25,27453.02,26545.48,25616.49,26348.66,24972.33,27449.47,26600.79,28084.43,24785.37,24958.0,29936.41,23506.77,27190.08,26366.15,27157.14,26938.35,28607.9,24122.57,26216.91,25690.73,24741.58
75474,10114.48,10278.5,9293.46,9628.83,9633.45,9967.6,10437.34,9836.44,10000.5,9564.07,9830.78,11082.71,11713.9,9735.85,9520.28,9684.18,10502.53,10334.2,10574.78,10048.6,9830.19,9545.31,10211.65,11120.51
76478,18337.55,16655.29,18063.06,19002.38,16243.69,17190.28,16511.27,17412.35,17402.97,17193.9,17342.65,16204.45,16358.72,17079.94,17940.59,15907.91,18171.73,18578.12,16865.68,15592.83,15920.01,17390.81,16208.36,16743.99
77510,10699.81,11243.08,9643.87,10724.59,9927.13,11527.87,10960.08,10518.18,11039.25,9790.91,9228.97,10356.41,11009.36,9541.68,10038.49,9693.64,9941.01,10623.83,9865.25,10428.34,10040.24,11080.65,10466.26,10202.29
78662,29672.9,28421.81,28452.36,27185.4,25063.99,27929.18,26358.14,26281.22,29274.59,29167.63,28283.64,29901.48,27117.29,28050.01,27408.8,28543.21,29226.2,28607.19,29422.92,28042.2,26251.61,28979.58,29913.11,27769.42
79670,27256.0,26878.81,28891.81,27429.85,27607.38,27269.31,29477.99,27224.4,26644.63,28756.04,27965.78,29319.1,25651.75,28494.64,30341.19,29030.29,28797.05,28374.9,28679.35,27664.58,28551.24,27586.78,26231.7,27038.51
80678,14924.59,16570.5,15237.64,15727.0,15284.74,16301.81,14213.53,15416.59,17207.99,16739.32,15393.59,15430.36,14271.91,15236.06,14880.53,14790.37,16076.3,16524.17,16648.87,15778.43,15749.45,16250.0,15117.7,16003.09
81690,12151.86,11532.29,11652.48,12994.26,12678.21,12768.42,12839.74,11787.44,12923.23,12058.95,12677.14,13576.35,12624.84,14584.1,12814.6,12161.92,13729.29,11776.89,12407.33,12412.51,13731.16,12331.08,12643.76,11908.12
82710,8160.17,7667.33,8280.93,7664.07,7049.18,7850.89,9187.56,8256.05,7599.83,8046.26,7750.43,7539.0,8374.17,7319.66,7885.76,7825.0,8297.32,8118.61,7711.79,8000.16,7751.16,8065.81,7906.73,8632.21
83719,19747.54,20128.22,20736.64,20097.77,19866.95,21143.72,21503.0,20842.66,20197.68,20597.85,19914.68,20337.91,20905.19,20926.53,20218.44,20246.35,19981.46,20654.8,20688.97,19248.46,20332.71,19803.35,19887.01,21196.62
84730,19540.15,19110.32,21580.66,20063.21,19282.13,20774.24,19149.24,20208.0,19317.23,20583.64,23183.37,20433.83,20436.79,20300.91,22670.87,22354.01,20377.88,20393.4,20438.98,22956.87,21324.09,21217.13,19470.4,20216.74
85731,21166.7,19176.6,20504.29,22153.61,22263.36,21509.24,20180.39,23774.68,19996.73,22385.31,20497.24,23491.95,20301.2,20921.67,19641.84,21675.52,22125.22,21044.93,20709.83,22834.17,21488.5,20492.0,20476.55,20894.49
86750,14816.97,14394.57,14274.95,13478.66,14725.88,15257.3,15009.43,15201.02,14619.93,15367.28,14975.26,15397.5,14298.48,15270.44,15555.85,14929.01,15534.6,14577.66,15752.11,14733.63,15195.85,14002.58,14848.81,14463.49
87770,20346.56,20227.04,21786.14,20298.96,21399.98,22495.1,18839.27,21897.36,20829.61,21019.37,20823.09,21937.57,20797.47,22047.95,20907.35,20494.08,21951.37,22755.61,21234.15,19731.47,20766.1,22605.71,22285.09,20636.31
88771,32241.54,30665.47,31822.57,31458.54,30283.98,31914.61,32947.96,32690.23,30247.32,29623.72,30542.55,30124.18,31259.3,29920.76,32098.04,31333.15,31672.65,29788.19,29745.51,32771.28,30092.28,30930.32,29557.84,31373.42
89910,43663.78,43303.35,43681.74,42942.69,47230.09,47503.0,43637.64,45675.02,45258.06,43564.53,43495.01,45766.4,48081.65,46565.55,41921.11,44377.77,39958.17,43519.33,42744.49,41455.52,44762.05,47240.92,46916.02,45326.77
90918,81413.62,85125.97,81035.9,86833.08,82438.73,81194.22,82281.84,83515.16,80253.75,77727.79,83680.96,81780.36,91954.29,81870.61,86307.67,84859.31,72535.27,82991.34,77616.73,80141.66,89254.29,76575.99,78903.94,81855.59
91931,50512.23,51388.97,48456.43,55154.1,52926.54,48540.66,51817.19,49371.01,54335.19,50863.52,47343.01,48478.11,48951.48,49842.9,50164.74,60094.37,46376.8,44936.98,50670.15,51413.01,48787.04,52114.35,48695.33,49028.78
92950,37248.78,35184.05,36468.92,33703.35,38505.77,37891.24,33842.11,36571.28,39753.46,34805.75,34364.78,35270.13,38034.38,37375.54,34369.44,37343.21,37121.43,37600.06,38902.16,34813.5,35928.92,37698.35,35260.08,35043.74
93958,17723.34,17548.67,16320.01,17822.0,16593.22,15150.25,16139.01,17201.92,16197.83,14794.88,15073.38,16209.04,15770.38,14890.12,16862.88,15790.65,17180.21,15270.31,15827.11,16562.96,15849.3,16087.48,15705.77,16508.44
94959,15704.82,16698.52,15885.11,16724.26,16338.48,16519.1,16112.88,16162.22,15069.61,16621.46,15176.31,16713.92,17014.14,16170.71,15775.85,16264.62,15927.6,15673.47,14735.79,18346.54,15782.95,15403.01,16335.73,15797.54
96078,25430.07,23627.97,24240.44,24138.28,24279.02,24800.46,22327.21,26782.06,24817.98,24875.92,24781.96,26528.09,23591.01,22544.7,24944.68,25990.5,22903.82,24868.8,24324.9,24686.62,23986.59,23016.32,24159.88,23988.81
97090,16852.82,18913.25,17160.13,18611.63,18026.69,18223.26,19240.13,18101.57,17295.53,17596.64,19163.16,17900.08,19319.5,19601.5,17345.29,18298.25,17908.86,18214.5,17559.27,17971.36,17507.27,18229.76,19475.76,17457.59
98098,40378.13,37197.2,40785.99,39443.32,40328.1,41385.14,41759.41,40117.31,37851.32,42997.59,38746.93,41575.98,39142.38,39815.76,37839.24,40847.28,37805.61,38876.16,41871.61,41732.07,40790.98,41722.83,38233.09,40403.35
99119,45011.13,43299.58,42204.55,41819.9,43030.48,37519.24,43142.84,40806.58,42539.25,42515.02,45459.27,41418.47,41076.48,44183.1,38465.8,42548.82,42310.22,43997.19,43304.4,41317.76,43176.3,43589.61,39634.33,44076.28
100130,34067.54,33769.96,35475.71,38125.74,31161.53,34466.82,35921.44,35447.58,35490.76,36277.12,35910.15,34519.01,34124.77,37083.37,34841.78,36095.99,34415.26,36641.58,32650.22,33133.7,37072.54,33894.01,33479.07,35525.07
101138,37495.81,39605.22,39599.75,37234.0,36593.33,37755.76,38751.89,39191.43,36517.83,36315.43,36802.43,37044.15,39724.87,38446.92,38727.71,35328.09,34708.94,37847.96,38269.48,35637.79,38041.16,37879.04,37699.49,35486.6
102151,34666.02,38267.59,36492.76,35421.98,38009.88,35497.78,39112.91,34836.9,36287.06,36627.04,36522.87,37769.91,37326.0,34955.11,35214.66,35263.29,37408.0,34886.0,36905.43,33422.15,35605.47,38506.7,34111.56,38239.25
103158,30392.17,28153.1,30364.17,28057.88,28443.67,27557.91,29040.32,31509.05,29283.16,30894.45,28879.39,29999.73,29427.36,30586.58,29802.28,29326.9,31092.34,27151.51,29465.17,30970.86,27026.57,28147.63,29661.51,30044.48
104179,30934.1,30171.34,33081.43,30256.07,31918.69,26578.57,28750.01,30539.88,28031.54,30244.38,28512.11,29399.29,30076.14,29593.22,28886.64,30823.01,30134.47,33767.52,32450.37,29907.69,31180.81,32954.02,30566.62,33345.4
105190,51007.08,46784.55,52093.89,47184.0,44287.21,47730.1,49821.19,48350.61,46331.23,47503.35,45713.53,48704.38,49666.35,42102.3,44451.89,46046.9,49946.34,48806.06,47142.01,48055.39,47879.97,49014.0,48730.32,47258.45
106191,51922.7,46095.57,49463.98,47812.71,49371.05,47859.14,49881.55,46358.35,49602.34,48688.24,48936.88,48615.26,48973.68,52633.87,51162.59,48695.82,50744.67,50648.99,48584.83,49960.59,50276.32,49107.53,47998.37,50239.11
107210,47469.57,44876.56,47149.5,48603.13,47728.4,50534.32,49861.96,50000.28,47000.0,46959.86,45847.79,44538.34,47673.01,48218.45,50102.67,47806.43,50274.08,49275.85,52795.7,50603.28,48475.84,49226.89,46642.49,48652.79
108270,54017.77,58320.71,52669.44,57281.26,52334.96,58102.43,59794.47,56844.36,53804.01,52911.82,61216.19,57056.78,60296.43,57003.04,55779.14,56998.12,58896.74,59672.51,58265.95,49470.68,55082.17,55620.3,56410.8,56245.43
109278,55557.26,50385.78,57442.74,57514.82,60775.14,52214.87,53585.96,55485.94,57640.13,50460.64,57842.78,54664.28,54538.36,51770.44,56190.09,57324.95,63460.64,53497.84,55485.04,53404.9,64000.93,60184.52,63594.22,53115.09
110291,45189.2,48510.77,47662.46,48922.6,46423.54,44070.63,41039.02,41485.68,43453.92,48578.27,46005.45,44378.02,46122.35,45576.74,41955.35,46271.52,43204.62,45833.48,49077.19,44683.05,47906.29,45444.6,42870.91,50418.73
111298,45293.72,47372.04,49856.96,48665.84,47588.95,48402.38,44863.85,46768.07,48777.23,42466.44,43920.13,47704.91,45781.08,45668.98,44924.59,46014.58,51187.68,48027.42,44723.83,48305.92,47143.74,45206.84,46227.53,48626.44
112310,60561.15,58926.56,59082.47,61665.54,61350.49,59326.92,64152.56,58289.15,61879.54,58427.85,62065.03,64775.69,49433.74,54037.96,58888.02,56552.38,62254.28,62374.6,62082.78,55565.63,61628.08,57032.79,60794.13,61461.59
113311,60573.77,62134.88,50427.44,57970.69,57624.63,59726.74,59820.94,56305.78,59872.62,55629.56,55741.91,60600.69,56247.17,51905.72,55004.51,57324.43,56061.34,52761.52,55491.33,53772.53,57441.29,58083.03,59234.94,55731.73
114322,62624.86,60838.5,66150.74,59935.93,63268.8,58032.11,60447.84,62226.12,66055.93,60682.27,56587.74,63731.24,64061.66,64968.96,60453.09,63677.26,61388.86,62045.62,65558.95,61563.76,53747.37,65380.49,63824.8,59917.33
115331,53659.73,59113.52,53189.79,57751.19,55424.32,52658.63,58704.31,57867.26,59966.48,60982.43,56904.8,56633.16,62085.39,52609.32,50744.15,57755.4,56901.95,55241.17,57329.26,57666.92,58205.22,59560.09,57976.19,59967.49
116350,64607.77,61217.86,60839.35,63985.53,63801.03,61037.05,60629.99,65623.34,68797.58,67717.16,63266.81,62819.6,60971.32,65039.73,60615.72,68699.97,61276.63,64549.0,62347.77,61184.37,63615.86,62128.6,64662.68,61137.88
117351,48772.69,49292.92,46409.2,50865.95,48797.11,52792.65,46280.37,48811.03,46761.22,52858.54,47826.31,54769.96,52283.42,50340.73,52273.79,50741.41,51828.06,54119.03,49215.44,55159.58,46369.71,49781.39,48659.35,45972.76
118358,66420.26,62755.71,63493.99,63112.44,59052.47,59732.58,61211.72,63575.52,67406.15,63860.99,65594.41,59927.97,64564.0,62658.08,66437.99,64761.91,64317.3,63764.31,67080.71,64380.44,63924.42,61756.5,64586.65,61844.0
119359,66974.19,66648.67,63284.55,72350.36,70134.2,72669.69,67206.64,69406.79,68588.68,72356.82,67844.91,64164.79,64585.37,70362.55,66888.81,65641.73,69026.11,66445.79,64599.17,70545.95,69592.34,72104.67,67878.4,69261.93
120370,56650.91,58032.78,59118.46,58903.95,57876.7,56491.05,58561.2,51796.85,59009.16,52748.91,59234.65,56401.25,54006.71,54153.42,53278.96,52567.76,52332.89,55534.29,51398.38,56894.16,58855.05,57644.78,53535.55,54390.7
121389,69101.78,67089.69,62492.56,70194.21,61488.14,56636.75,62397.61,65868.37,66465.83,67197.57,65412.21,62650.99,72713.22,66143.2,65665.97,64214.56,59990.67,63052.8,62600.36,62008.61,64947.23,59623.09,70994.43,61105.06
122398,54470.03,48391.76,46399.14,47220.12,50669.39,54179.39,50827.49,47210.04,48324.42,50666.2,49066.68,47101.11,52017.44,54292.21,48790.57,47759.66,54496.07,49965.09,53926.81,52424.09,51795.24,51664.95,49912.44,51572.31
123409,73378.89,75390.21,72310.52,71973.17,71453.08,67817.98,74325.61,65056.77,77968.23,78424.72,66020.19,67035.96,64184.95,75882.13,67617.55,80447.22,73378.68,72095.99,74933.4,67511.61,76507.88,81212.81,74320.52,71498.25
124417,35097.5,34857.96,36354.72,35896.75,36974.49,37398.63,33822.9,38253.47,36555.48,35260.27,36746.7,35077.57,37869.97,39778.28,38230.47,40018.58,36077.32,35918.52,36643.02,35496.31,34728.87,35554.83,36538.21,32293.42
125557,61788.9,65688.83,62381.08,60742.7,67713.65,71309.34,67580.6,62796.17,62818.78,66642.39,59535.16,66809.61,62155.68,59037.22,66165.99,67121.99,57163.53,65089.95,61789.93,58662.9,62693.31,64219.27,66065.83,63572.04
126561,72831.02,65623.17,72343.63,71108.98,68021.34,70810.26,72581.9,72462.37,69724.55,75935.31,69693.3,72276.51,70774.06,67160.94,71283.84,76259.6,60990.75,67181.71,71277.19,73805.99,73441.72,69366.29,78027.27,65085.21
127562,63205.38,58796.45,55177.25,58127.31,55999.38,63150.49,61147.35,60790.41,58783.4,53508.47,54709.58,57948.69,61119.69,59166.08,59069.67,56399.51,55319.72,57992.62,53514.47,65026.31,55516.27,62803.2,59741.48,59197.85
128569,73961.92,72123.24,76956.17,74875.24,74665.89,69925.76,76353.3,73672.96,75422.12,71782.29,69340.34,80308.12,79678.72,72549.43,77326.05,79818.15,75119.97,74055.38,74659.98,76320.24,74932.29,78074.39,73334.18,74298.7
129570,60698.74,60670.56,60993.43,58135.45,55603.41,55151.81,59496.48,58139.92,62138.1,57290.31,63687.09,64484.31,64159.28,54989.94,60486.23,60649.81,59494.5,60299.08,63933.33,56225.29,66571.64,62124.77,57433.22,61545.94
130589,81552.55,72477.05,68338.26,77072.98,69764.94,76165.82,79254.68,76684.15,67551.48,74385.32,80728.95,76745.44,80318.97,76625.95,78141.94,78996.84,74744.79,73188.66,80167.72,71442.01,72243.37,73449.33,80458.09,69515.65
131590,73746.57,67015.98,74715.36,63601.65,69791.21,66726.1,72337.03,67712.27,68250.41,66987.92,71171.22,66845.31,65785.73,63250.34,71938.19,71511.86,64038.37,69836.12,72328.07,73516.61,70863.68,72164.53,73192.63,69949.31
132609,73527.49,74190.27,74145.64,67335.66,76982.06,74347.43,69592.82,77581.59,81535.4,73917.9,72415.13,75860.55,71518.75,74776.08,73942.1,75205.01,73422.53,74665.29,69831.44,75879.49,72904.73,74399.18,74685.49,64914.17
133717,58525.0,54126.63,60379.58,55534.24,55013.82,56586.24,57699.6,53329.09,53283.22,57876.62,53435.41,52107.89,54976.24,54561.93,58585.28,61181.29,55486.2,57070.32,50158.95,56341.54,54209.22,59607.12,55260.33,57381.94
134718,54294.28,50641.47,53381.22,52959.81,51791.75,49545.27,50867.54,49759.67,54851.15,53184.14,50661.34,50464.41,54844.82,51494.58,54888.84,55171.66,52102.14,49643.51,52135.53,55558.83,55869.85,56803.4,54835.73,51637.22
135730,218.1,218.41,201.73,200.37,193.07,217.43,210.72,196.23,210.65,212.81,199.13,206.67,232.47,209.98,220.59,205.41,206.88,198.34,199.46,230.29,208.9,205.85,218.4,218.95
159568,216.89,202.85,223.38,198.4,213.62,234.47,229.66,219.35,217.34,223.67,219.16,219.05,200.4,201.56,211.94,216.53,200.04,191.13,210.02,217.54,203.77,209.87,221.92,228.21
181638,621.86,683.88,718.35,636.21,716.97,679.07,660.79,674.6,732.2,696.27,703.78,736.76,685.82,731.6,657.73,673.56,744.47,666.17,668.3,630.7,689.71,665.89,649.09,666.41
209669,44982.91,48808.15,49007.86,45410.14,44328.76,43906.36,48844.05,46659.22,45411.1,47435.21,51440.05,47938.25,48189.41,44518.56,50001.14,45997.28,45576.75,47195.8,44654.12,51902.87,49041.04,47213.16,47198.16,54143.32
210682,74641.44,63208.34,63198.71,61956.87,66889.49,61891.45,61321.43,67400.43,66858.07,59201.34,67288.13,62276.74,70074.71,61152.83,67930.01,64607.01,64726.14,64050.8,68705.33,68066.45,68571.95,63654.05,63596.47,63253.93
211690,33525.65,33618.69,32117.63,34759.74,33809.79,32040.97,31233.19,33980.68,32379.9,32938.88,33255.77,33159.88,34370.64,32255.24,34261.37,33299.36,31154.05,34196.05,32149.84,32320.33,34445.62,34589.82,31433.95,32047.76
212702,31341.78,28272.08,31164.8,28002.26,28033.19,30365.25,29224.96,28312.23,31075.77,31790.12,29258.36,31074.33,28000.14,29348.46,29794.23,30305.04,31301.24,28575.3,30064.67,28562.45,28987.86,29603.61,27418.92,31185.89
213709,56044.69,55192.11,57704.48,50375.53,51309.41,52503.7,56829.49,53278.73,55790.7,59379.82,53689.83,54964.48,58636.22,49910.37,62409.82,51983.49,51608.05,56466.44,60152.14,58207.29,56874.65,55609.39,55692.11,56041.2
214710,56521.06,67302.93,65524.08,61857.21,58010.03,62371.66,65001.62,67258.53,64586.1,62608.96,62633.88,61306.79,67032.31,63569.44,67465.5,59708.68,60657.49,63354.98,68258.07,65977.34,67490.06,62033.47,64160.21,67300.82
215722,67368.05,63469.91,67889.29,66442.98,66123.83,71815.25,65254.32,70048.08,64770.65,62981.71,66262.71,62040.23,60654.18,68595.59,69098.07,61998.79,62043.57,66114.34,66854.67,64027.96,62709.38,65342.67,62846.38,62562.71
216725,55822.8,53488.08,51962.16,52086.27,59269.88,58434.15,56642.41,55900.19,54263.52,51268.34,55541.55,53542.49,53725.71,54355.7,55246.77,54116.64,54511.84,50922.01,51548.66,58673.3,56652.26,50894.14,55689.71,53036.39
217729,75752.88,87037.26,83368.24,80162.61,84304.94,71146.67,78685.27,72002.12,77013.42,76194.74,83122.08,84807.48,83205.94,78792.99,85227.47,77949.94,84788.96,78605.87,75606.7,85370.19,82348.48,80834.96,84442.41,81127.68
218742,64358.05,69096.33,73442.48,70511.85,68660.96,76864.65,65412.92,66290.52,69411.65,69565.84,70961.06,66054.03,68507.57,70976.97,64061.24,71931.31,65242.58,72865.72,70550.47,63898.1,67861.61,67633.95,68907.66,61657.82
219749,85525.44,80216.01,89687.56,83102.55,80269.64,81157.24,80335.86,79803.45,80098.04,76135.25,70172.26,77757.68,78118.89,82575.38,77280.39,85125.67,80479.71,76268.25,79238.48,81343.49,74681.71,80375.24,81251.51,74717.34
220762,62906.23,60341.58,55795.11,60573.46,64053.92,52024.29,56787.4,58529.23,54380.47,57451.13,59369.77,61274.62,61283.58,56830.46,57324.25,64486.92,55108.32,56509.15,60245.76,56390.08,54427.13,62496.88,60456.48,57665.84
221767,80184.33,84361.94,83190.31,79707.25,76287.42,75506.66,82515.96,80079.57,79509.66,76046.29,78014.18,81591.94,79046.34,86444.26,76670.8,81508.32,88233.65,80343.88,83889.45,82562.07,79274.12,72954.32,78116.43,79473.65
222772,61173.59,60130.36,61497.72,60433.07,62045.19,61991.03,58517.29,60339.83,60508.52,57151.24,55432.34,53327.54,59810.45,60281.17,60751.26,59106.17,59345.31,57739.26,57562.08,63745.16,54407.18,59852.77,56684.0,55487.56
223780,63425.02,73140.3,69231.49,66333.47,67839.34,68332.52,68921.92,67393.28,66093.58,67140.02,72527.29,69114.31,67914.84,69481.42,70444.26,69600.14,70761.75,62773.6,69207.28,73000.37,75574.47,71811.14,66632.82,67564.38
224788,47666.77,46325.15,45354.97,46054.69,45776.09,47060.99,48595.74,49298.18,49098.1,49214.66,49783.4,48111.02,48925.93,49603.44,44440.96,45381.51,41105.66,48463.7,49025.86,47830.14,48655.59,46528.83,47988.48,46526.65
225800,28129.0,28388.58,27674.47,26557.71,26648.35,28075.64,29591.08,28567.37,27379.13,26821.02,26620.8,27650.88,26039.89,29231.47,28201.85,26630.41,26667.65,29308.23,27668.69,27121.13,27606.98,27455.37,27750.65,32271.83
226819,35908.89,36883.18,40374.02,38120.69,38616.08,41720.6,40551.43,41707.55,38878.22,40386.1,36157.16,39212.31,40759.66,38836.41,37228.21,36020.06,39167.54,38493.89,41565.68,36530.07,40073.07,38135.19,36210.67,37532.78
227820,52198.29,47042.4,47123.04,47080.38,49400.33,51353.25,45439.37,43616.22,48594.29,46168.25,50940.59,46958.39,49005.79,51530.73,47923.1,47047.17,47367.34,50060.54,49052.25,48529.94,47564.52,45433.15,48309.47,47236.11
228827,41938.86,42709.15,40365.69,42846.87,47046.97,41504.18,44805.89,42307.42,45673.68,47296.85,44820.95,43752.32,39710.37,45289.62,42726.52,37402.08,44971.48,45538.47,41748.09,39217.35,42613.73,47851.07,43923.2,44455.52
229839,38950.72,40829.69,38648.67,40456.17,42233.43,40624.41,40922.58,40614.68,40613.02,41753.3,43393.42,41132.63,40379.82,40360.07,40419.76,40868.93,37964.55,39254.1,42913.54,42316.84,41020.39,41583.39,40051.49,39120.24
230840,35440.48,36266.56,35655.81,34963.61,34537.97,31360.66,31326.62,30684.91,32247.53,38119.86,31298.47,36739.33,33520.52,34185.43,32468.68,32180.32,32754.75,32212.36,36834.23,35033.33,33517.12,32553.52,37462.02,31739.22
231867,23762.42,21906.27,23696.73,25330.27,23729.76,23620.38,21842.26,23141.25,21337.88,23207.57,25316.52,23753.39,22448.43,23426.76,23516.26,24208.22,23572.18,21524.17,23290.44,23951.78,23149.4,23613.14,25155.91,23024.71
232879,18613.06,18320.12,20514.85,19905.31,20523.57,19098.33,18496.24,18946.31,18501.94,19409.52,17708.64,19955.94,17702.51,18788.71,18603.24,20746.4,18712.62,18399.09,18836.87,18639.29,17491.32,20301.47,17989.13,18443.89
233880,37257.42,37617.21,42288.32,37029.22,36529.47,41572.73,41890.07,37962.38,37738.86,36573.31,41931.63,38383.44,39112.36,40990.88,40012.26,40431.55,38726.42,39073.61,39639.73,38378.61,41115.53,41968.61,40986.66,39650.4
234887,66643.29,67669.19,62022.25,63891.84,62887.65,62343.6,70631.03,66122.48,61453.25,55603.88,61736.65,64904.84,62947.26,64898.65,53954.29,64709.46,63227.55,62107.7,60672.3,64655.5,67491.25,69502.87,67371.86,62577.42
235907,47040.78,46654.09,44437.04,45631.79,47886.16,42738.65,40679.98,44008.48,42843.78,42603.69,43253.44,43282.89,46281.26,45262.22,44141.78,43345.74,45608.2,44392.76,45731.03,45070.45,44758.39,47155.34,47470.15,44120.02
236926,47164.76,48409.86,46783.81,44170.96,45635.79,46675.77,51447.57,44680.44,49623.43,47094.02,46851.21,45266.57,47455.18,44410.8,48075.52,48798.36,48334.15,42753.97,48925.79,44069.79,43120.43,47752.94,46384.55,45027.43
237938,47034.89,46383.77,42063.29,46910.79,42043.88,43745.5,44883.83,43273.09,44391.73,45867.98,43098.42,43773.73,41023.6,44906.33,42274.67,44781.08,46345.91,44685.02,49375.72,47071.4,45337.67,42614.98,42249.75,42449.23
238946,42806.63,39707.34,47466.32,41263.13,42378.23,42951.46,43539.19,42144.75,43391.69,44635.3,41318.12,40578.46,44414.07,39965.24,45328.84,41198.5,40304.58,40167.62,42263.89,42957.02,45231.61,43511.38,42841.25,44901.03
240066,57596.0,61716.89,67702.4,64690.44,61485.97,65593.63,56080.54,64975.06,61102.78,66932.81,58975.89,59992.01,60594.9,63944.87,58680.77,62391.97,58954.98,56290.8,63636.0,64359.81,60498.43,57996.97,72423.02,66739.54
241071,62738.12,63765.57,55650.67,63097.43,61892.68,56202.66,61525.6,60386.29,61555.41,59068.31,59182.45,61247.45,63105.1,63584.94,63411.76,63535.03,61463.35,57063.87,69775.51,64321.73,64950.01,61842.39,59405.97,56075.43
242078,52630.7,55723.18,61812.92,58985.45,56658.84,59840.81,58733.04,58629.01,54790.52,54966.91,55674.6,58982.81,54404.39,57906.48,55662.69,61303.04,54206.45,54442.8,53998.96,57733.99,55201.02,55420.14,58901.28,59540.16
243086,73112.87,69604.61,72732.49,67534.99,69560.56,70062.88,69420.54,65597.9,70507.84,71006.64,70954.27,67315.5,71110.65,71126.08,72681.06,66105.23,72323.81,70801.66,72940.29,73773.25,67337.2,71512.18,68491.48,68823.18
244099,50721.2,51036.36,53996.78,52537.61,51813.35,57206.3,48800.89,51269.43,50682.13,50404.7,52981.74,52015.18,57464.48,52896.21,51391.29,53243.2,54983.58,55894.51,52812.0,48841.42,51448.23,54842.04,55947.44,50384.35
245106,23422.36,24288.05,23216.21,24166.52,22524.67,22328.57,22960.39,21503.47,23084.43,23193.43,23608.79,21915.93,23446.17,22186.84,23638.95,24529.07,23472.03,22802.13,23113.25,25598.49,23778.9,24607.51,21075.1,21608.05
246129,70661.47,63395.22,60336.88,62473.66,65019.12,65139.94,62844.16,60492.27,63086.69,58677.27,63810.33,65074.08,60984.75,67403.3,66535.1,58499.95,65486.9,59416.17,63628.26,61370.08,66011.25,59181.43,60772.72,64445.93
247137,38986.77,41688.95,40554.93,42788.24,46642.7,43162.7,41951.48,46273.16,45440.53,42519.97,44763.73,43017.81,41845.82,39772.1,44321.74,41761.25,37916.32,42574.12,42528.98,41999.69,41989.25,42398.8,44692.54,43102.38
248145,54688.88,49520.64,54512.65,54092.5,49093.23,52419.23,51869.14,54211.01,47831.91,48571.19,52113.97,50701.69,53054.31,54573.91,54078.7,54875.63,55991.23,55420.87,52554.92,51692.48,56248.93,49976.55,56397.69,52114.31
249166,45887.92,46494.39,47202.74,47789.71,46328.14,46397.58,49043.33,47294.45,49134.92,44055.71,46889.88,45279.74,47071.47,47315.75,43705.77,43469.0,45047.69,47576.85,44573.08,48740.63,46914.66,47362.48,45115.59,47304.62
250177,33540.73,35624.07,35565.32,32438.98,35636.46,36720.68,32865.98,32011.88,33581.1,30849.09,32112.42,33470.57,32162.71,34315.68,33584.63,32119.5,33888.73,33249.9,35242.82,33188.49,35409.23,36070.8,32510.93,31512.86
251186,48062.55,48643.8,47404.91,50295.94,48740.13,46955.12,47597.81,49805.34,45271.74,48219.45,49570.7,47637.79,45197.41,50522.36,50968.86,47403.78,47621.88,51831.02,48333.69,43292.05,50306.24,51595.39,46200.58,49818.16
252197,15829.82,17777.68,17127.36,16239.66,16389.12,15266.89,14843.31,17232.73,15330.55,15971.86,15638.07,16193.95,17103.52,16186.47,16777.01,15263.29,15119.23,14594.2,15631.45,16987.43,15412.02,16937.74,15892.18,15976.06
253205,31469.65,32303.95,32688.13,30564.23,29808.9,32034.37,34009.61,30777.53,32705.23,31510.59,29771.34,32147.59,33675.24,32912.73,28486.23,30656.5,33166.09,32873.23,31831.66,32890.11,28623.25,31331.67,31966.82,31328.08
254222,266.6,244.96,253.37,261.32,241.53,288.46,250.28,254.54,235.42,250.24,277.47,243.29,278.75,255.73,258.5,252.2,255.12,259.29,275.07,229.34,263.19,266.22,255.47,244.22
273795,1370.53,1413.96,1362.52,1461.3,1361.53,1344.99,1384.85,1405.28,1345.65,1328.21,1447.84,1360.42,1408.21,1415.41,1396.03,1407.18,1321.58,1407.75,1299.01,1390.23,1357.48,1344.83,1353.27,1416.61
291981,32944.51,34582.18,32531.67,31667.15,36051.09,30811.54,31555.75,34199.69,34030.28,32150.2,38776.29,32108.79,34050.42,36108.23,30325.93,33718.77,31503.61,35029.25,35765.7,34921.85,36057.24,35437.21,33158.5,32994.01
292986,75169.35,70826.83,75294.59,65118.25,66136.62,69533.17,74437.42,78301.33,80673.84,66013.13,76706.87,76839.58,70631.81,79129.56,69719.5,77718.3,76843.8,76354.01,76514.55,72733.6,73633.34,78986.91,74437.85,75944.98
294081,74454.27,74388.13,74925.07,76966.32,74195.63,78364.85,73779.08,75106.26,74409.32,75526.48,78566.76,74458.81,75932.18,79622.4,81877.79,77377.8,72923.01,70762.08,75186.45,78777.63,77788.61,77327.66,88363.37,80515.07
295093,84550.4,85429.46,84680.89,77158.51,73407.74,83195.89,79128.7,76070.36,79885.16,83346.42,79552.38,80483.08,78764.62,79090.21,77985.5,74054.35,82490.9,86031.71,75098.67,74719.08,81685.85,80529.79,84534.28,79286.11
296169,64620.99,69901.73,72971.07,68824.4,73045.82,66848.76,72138.17,67410.69,68374.61,70523.34,65631.58,69377.38,68909.9,64752.88,67912.87,74415.79,64643.5,66811.79,71642.36,60983.34,63388.68,70020.17,69404.5,67580.21
297173,65010.16,64646.02,69599.87,66766.68,65576.16,66428.77,66416.75,63301.46,61842.28,63209.99,67375.39,67076.15,73507.48,61559.36,69037.78,65354.52,58923.6,73481.4,72477.1,62114.3,71156.8,58610.51,59872.1,65829.81
298193,54826.47,55854.72,51954.04,52720.61,54328.71,50444.46,55783.76,57176.87,52417.58,54088.96,54382.22,52626.89,59277.08,56397.28,56192.52,53832.59,52685.14,58275.18,55768.22,57517.06,58168.08,53101.9,55720.76,52097.44
299201,59790.33,66587.03,58290.42,63454.25,61696.96,65193.47,63606.13,66864.91,66697.89,70451.89,70690.07,70514.1,67880.92,67426.55,68945.27,64242.31,64823.28,68270.51,64464.54,64034.55,64092.08,69095.25,65273.68,65687.38
300222,57714.47,56298.8,63941.95,58595.81,59566.89,60181.81,58609.76,57682.86,62153.49,60745.26,60938.72,59170.01,60974.56,59411.24,59990.91,62224.75,57100.06,56864.75,58795.2,63542.89,59668.9,57498.78,62512.76,55372.63
301234,74496.87,66309.76,67805.46,75068.49,75782.58,77239.91,70194.02,65980.17,70368.98,72955.48,65837.54,71442.24,78047.62,72876.97,69785.1,73320.49,69339.87,70316.26,73407.05,74255.98,66952.63,66751.2,77489.36,71364.82
302241,72337.9,75341.48,62125.39,66729.85,73046.76,72961.35,70529.54,68812.31,69266.52,69781.09,69407.6,66039.47,68025.43,66508.13,66873.01,74060.79,69042.81,67502.06,71352.24,68108.9,65730.26,66367.65,72557.96,77642.41
303262,89045.23,85232.96,86430.73,83871.88,93402.54,87737.6,88654.25,83565.27,86788.35,86310.29,94058.05,82180.83,87312.58,87296.51,86177.51,86840.28,83299.59,88895.26,88148.95,86814.29,83554.25,83962.56,88346.1,84148.57
304274,55138.69,59450.51,57272.62,55298.73,58420.06,64514.22,56314.19,59125.4,55102.86,58871.56,60565.12,64825.7,56261.87,58094.34,62469.74,62744.26,56510.63,56827.62,52570.11,59273.44,58870.24,61700.16,57750.73,53118.74
305461,86816.1,81923.19,79690.11,81872.77,84963.1,87042.22,81195.43,83524.83,76509.95,79937.97,80737.88,87438.77,76195.9,86507.58,78085.95,91684.39,77727.36,83978.21,90053.41,81401.55,84051.84,85827.31,89935.59,82255.44
306481,92113.99,86750.32,89370.34,87255.22,89373.44,87191.32,89352.97,89574.86,98554.86,86645.56,86350.25,89242.44,88396.34,82808.29,87953.44,94159.67,85588.64,95266.13,88685.02,85499.82,89722.98,85783.91,91595.73,88978.85
307489,62069.42,62984.46,65157.65,60947.43,63037.6,67034.95,62218.69,54959.59,62913.11,60547.91,65781.8,59087.95,61485.71,62431.49,62453.49,63360.48,58408.05,59152.21,57281.68,62016.63,59701.82,68450.88,59284.72,61798.64
308494,87409.23,82197.52,84294.39,78285.4,75231.16,81971.57,78043.41,78480.95,81518.32,87101.4,78838.52,79783.19,78796.06,82800.11,83302.29,87720.67,86435.12,73928.83,77175.62,88623.35,79670.17,83658.38,87278.51,86899.32
309501,69056.74,73355.8,67875.8,64267.47,74735.12,69747.43,68863.74,65434.7,68553.88,76982.41,67149.74,71538.3,62746.61,65312.06,72681.75,67852.64,69448.17,71301.1,65339.59,66729.55,71060.55,63752.2,71747.32,63517.57
310510,73039.79,73750.35,73717.34,83036.1,78547.42,76422.93,74122.28,73425.21,76563.71,73348.84,72047.55,78514.08,80357.98,79044.17,83183.46,72375.43,75762.9,78756.07,74922.9,68325.28,82520.4,72027.54,79994.93,74956.47
311514,71828.48,71734.05,74394.08,69755.28,70574.67,73322.74,64055.75,68013.97,73882.22,71493.75,67277.26,76332.14,64161.12,66938.56,73605.64,76716.64,65866.85,70582.66,70568.87,66345.57,67406.57,72375.42,71652.98,70716.43
312521,88309.79,86338.85,83684.0,87601.3,92016.64,87592.03,86786.59,86884.31,81733.39,85540.07,86046.46,84966.68,80024.87,90266.87,92480.73,94563.63,84848.4,96720.77,86283.1,85660.84,83574.78,82088.13,89289.12,93297.12
313522,76923.49,69129.97,71689.62,74661.07,68379.15,71809.45,72343.21,80790.13,79389.56,73689.72,71308.13,72307.15,71565.44,72125.47,74159.26,65689.43,73522.27,68990.5,74980.44,69893.14,73929.56,66659.08,68881.06,70154.81
314534,62441.49,54699.42,59747.29,53795.2,55215.05,60963.77,54861.73,49394.95,52711.39,62350.82,51153.12,58218.91,56087.28,56301.39,57717.02,54511.57,58456.05,54729.78,56215.14,53514.26,55715.66,52537.72,56813.39,57726.49
315621,26790.82,24998.94,27445.41,24945.42,26411.74,26104.68,27540.91,26746.43,26133.68,26939.31,29030.11,27584.28,28719.84,26988.46,26177.22,26203.88,28297.44,25175.62,25692.28,26358.81,24621.37,26326.15,26980.63,24861.58
316634,38038.83,38001.11,38993.07,37766.24,38152.45,37887.35,38113.68,40559.12,35808.42,38126.23,38161.79,40757.1,41690.03,39789.82,41141.08,37336.21,37539.66,40575.98,42853.52,41972.93,40369.4,37395.75,38893.5,38249.45
317722,45156.91,46356.84,48608.01,49639.19,47664.94,47079.41,43441.53,47076.11,47612.43,45691.28,47915.52,53362.32,50007.49,46726.44,48594.28,48586.96,49080.95,49415.49,46656.65,48232.63,48332.09,51456.74,51190.21,45311.21
318734,36869.49,36430.44,40494.79,36041.14,39515.73,36687.58,35135.78,39607.7,40228.7,38001.92,35875.08,40160.63,39385.44,39940.71,36608.67,37633.09,38974.34,41350.41,37561.9,38223.55,36869.86,39691.98,38906.83,35666.45
319841,47739.35,49800.61,46959.49,49420.03,46364.69,47139.43,42142.7,47980.68,55128.74,50390.3,47439.53,48981.88,49251.22,49650.87,49504.76,45700.79,44367.78,46455.0,50008.89,46769.96,47583.35,50305.54,49010.05,46067.46
320853,48171.36,49608.92,52181.64,49708.43,48219.36,46228.13,47202.72,53689.83,53339.17,47224.12,49300.38,50928.55,52658.57,52925.84,50813.1,47510.18,48849.18,54311.84,50212.75,47149.91,50651.34,50654.78,50771.22,50127.64
321861,40838.44,37858.33,36713.71,37919.73,35778.97,37403.28,38426.05,39350.86,38797.82,37964.29,40220.85,39705.91,39353.01,42811.38,33969.16,39798.59,36743.0,36342.38,41354.62,42111.49,37255.49,37969.43,40405.21,37617.94
322910,35539.41,33341.34,37243.37,37114.59,35468.48,33960.06,38018.38,38400.27,35512.09,34974.66,37049.56,34397.9,35587.33,37433.36,37872.43,33242.76,37460.73,36934.9,34722.01,35856.91,37666.34,33782.78,37029.18,34737.09
323929,30453.66,30963.64,27105.53,28210.14,29963.23,32282.49,31152.96,31424.84,29801.8,30961.18,29057.34,29571.45,30588.51,31144.38,26871.26,31966.79,32203.59,29676.61,29993.48,33839.97,28243.47,30878.68,27907.14,31555.51
324949,30398.29,33133.85,28658.58,32689.05,30951.42,30181.48,28012.11,32996.08,29884.41,33470.29,28561.56,29596.46,27974.05,33085.43,30135.53,33278.95,31425.84,33254.58,30596.91,30243.62,29730.95,30143.32,32897.52,28791.69
325962,33629.37,39108.99,31109.33,36469.27,35272.87,35671.94,38147.1,34585.41,35612.92,37106.66,38985.46,36800.01,36571.59,36060.62,37628.59,36138.17,33935.18,37708.29,38974.42,33839.77,34126.21,33017.49,35635.05,34592.73
327081,38142.04,41063.31,42217.12,42698.03,38050.84,44222.61,44775.96,42348.43,43989.93,45327.83,43002.63,42303.76,42860.48,43728.92,43700.4,45329.68,43178.99,42550.34,41009.96,39969.16,43303.66,43690.78,43294.51,40441.03
328082,18200.19,19473.1,18628.7,17633.36,18034.68,18286.5,18047.31,18735.7,17493.01,18865.85,18692.62,18684.07,16923.11,17743.41,18295.03,18845.75,17193.06,18188.69,18728.25,18924.95,17579.52,19412.96,19129.58,19207.1
329121,24170.51,22603.35,20973.42,24517.76,24162.8,22359.78,24549.71,22002.29,24238.97,24331.68,24821.4,23987.55,22746.25,22986.13,23120.47,23439.07,23171.79,23262.16,23060.34,24119.23,24834.28,23205.73,22676.36,24658.24
330129,21226.91,21088.07,21320.45,21352.6,21312.73,20831.23,21595.96,22362.93,20427.09,20660.1,22672.65,24295.63,22254.49,20873.47,20303.37,22502.46,21370.38,21642.58,21020.92,22117.63,20986.53,19767.73,21263.96,19871.98
331194,28113.43,30060.66,28054.22,28443.08,27030.42,25683.71,27800.06,27325.47,26852.16,25938.49,28119.88,26736.46,26963.21,27141.31,26795.62,27139.15,27589.74,29184.45,30166.24,28489.0,29728.32,27948.24,29419.02,25736.94
332202,3292.88,3047.0,3133.05,2879.59,3067.15,3039.73,3006.07,2860.06,2948.81,3174.22,3262.42,2979.77,2807.73,2985.16,2832.76,3035.82,3112.55,3017.67,2714.21,2899.57,2882.16,2966.19,3111.54,3179.09
334761,34855.31,37375.49,37292.16,38029.47,36007.72,37149.38,35363.49,41407.7,36409.53,37887.41,37261.14,37005.15,34414.85,36517.2,36777.16,32290.32,36382.22,34510.51,35708.22,34637.27,36442.58,33350.02,35161.5,38548.5
335762,52160.89,59893.96,54445.79,55421.99,56968.62,57426.42,58187.85,56365.99,49771.82,57689.07,57446.83,61208.89,57547.48,54138.99,55610.45,55467.2,53849.17,57472.52,58540.48,57307.49,59934.72,61045.7,58735.32,54016.89
336774,34870.19,39088.05,35321.79,36729.46,35986.63,33588.41,36587.45,38594.57,36706.69,37529.68,35242.7,38405.67,34864.74,36204.36,32839.38,33926.59,35385.1,34412.8,34881.19,36388.68,34996.83,34519.91,36792.31,34006.22
337913,24851.49,23741.0,25765.97,28099.57,27192.92,22011.71,23774.56,27440.14,25856.86,25900.37,28690.33,27851.03,26814.15,28204.51,26741.68,24854.71,24507.93,26034.81,25786.34,29096.95,26949.76,26306.12,23904.73,23711.56
338941,22998.96,20826.56,22522.93,19752.97,22288.84,22873.97,22396.06,23080.42,21580.69,20072.46,20282.55,18919.22,20735.1,22752.96,21140.43,20991.34,19687.64,21296.66,21161.19,20508.74,22096.54,20441.04,22854.28,18701.51
339954,57939.27,66300.49,59380.92,68947.67,60362.2,60267.32,60612.0,53728.3,55857.88,62174.6,60657.24,65460.51,62199.94,60772.98,60755.16,70433.28,59678.21,60550.51,62203.09,63276.46,58330.9,69287.3,59555.95,57181.52
340961,46240.34,50790.52,45140.96,49651.8,45298.8,42701.75,46671.97,46312.07,45747.53,50012.38,48393.93,46544.72,47107.8,46188.13,43457.29,48622.66,45590.39,48843.02,52413.28,48260.62,46673.04,46764.29,47822.62,44199.08
341962,44733.58,49068.57,43953.15,51575.34,49663.45,44743.24,46652.73,48523.64,44077.22,42927.52,41315.93,45221.88,50135.22,45116.22,49790.22,47909.21,45130.3,42679.68,46896.25,46617.94,49911.84,47934.53,52808.65,47144.85
342969,48817.91,44670.3,41580.74,44489.54,46528.33,50299.12,47097.89,48816.31,46691.74,42344.73,46840.94,46673.77,44820.51,45062.36,49946.78,43857.35,46172.35,43210.56,47738.46,45626.19,45543.25,45689.85,46942.69,44960.5
343973,41783.88,41182.08,33723.39,40026.5,39203.17,42701.46,39629.4,40901.1,36713.61,39534.22,41180.68,38239.26,41063.24,41487.95,39377.95,44333.14,40470.19,37468.56,37455.85,39359.03,41872.71,41055.05,39807.02,38559.23
344981,49973.46,47330.06,49718.33,48772.88,45762.9,49928.72,46437.09,48428.75,44849.44,48300.18,49261.59,45474.12,52568.45,48479.61,46347.09,47584.88,47728.07,47654.25,48446.38,47936.73,48152.98,49138.05,50028.95,48183.7
345993,49032.61,45831.16,47604.41,50936.6,49849.04,48685.9,50472.82,48790.26,48344.01,45262.28,52438.03,46569.07,48437.72,48071.31,49118.01,46000.83,48858.74,44583.92,48124.56,48231.79,51304.45,49128.8,44320.92,49566.09
347001,55664.58,55835.24,53866.12,60895.72,61018.13,54125.59,53015.16,56236.97,53442.62,51714.09,50854.65,51081.09,50591.18,56674.69,57826.19,50247.81,54478.99,54244.58,50864.53,53251.9,55950.08,52363.05,53268.71,52126.19
348021,50561.54,51216.75,50918.04,47809.95,52487.99,55463.0,49702.54,50603.31,47561.53,49232.5,50842.51,48872.97,50461.78,48505.84,52092.99,49361.49,50406.84,53021.84,48708.77,54014.53,49273.63,48367.13,55118.1,50359.21
349033,42613.99,42882.0,42266.77,39456.33,45312.15,40549.96,42835.88,44600.73,44015.33,43348.28,42710.36,45314.46,43994.42,42171.28,43636.84,43225.59,43155.0,44275.41,40121.54,44709.22,40048.38,38981.47,42743.04,41776.78
350041,34728.64,34693.34,32319.42,35575.79,35870.45,34599.94,36500.92,33986.45,39021.84,36429.29,32168.59,37382.61,35727.33,33790.4,37560.78,37087.14,35985.35,35066.62,38983.33,34910.26,35389.2,32907.65,30784.36,36759.02
351042,37912.7,40075.8,35380.63,40086.88,38760.59,37274.69,37864.75,36307.46,40995.46,42144.54,35814.42,38813.48,36241.49,35638.04,37813.15,36274.86,37535.88,35820.31,35608.18,38748.9,36298.19,38269.1,39753.5,39861.52
352054,46651.78,45885.25,44459.74,39107.32,48979.4,46555.98,43195.87,43836.44,46070.74,47988.6,47171.17,45955.4,44276.65,45093.66,44193.61,41258.66,46479.22,44389.23,42729.95,42128.7,41819.73,43033.18,48476.72,44071.58
353061,40125.9,42748.57,41452.71,41553.43,40583.59,41963.34,40494.42,43519.63,41424.16,43770.84,37573.34,41756.29,40126.34,40327.89,38231.3,39503.21,39891.5,40043.29,36531.07,44075.1,36078.48,41387.56,39802.39,40257.01
354069,56347.54,48297.77,52566.0,49769.43,55787.98,53957.67,53785.57,56041.57,54821.37,54659.46,57374.75,50976.83,47532.24,52192.07,55448.53,57108.44,50686.48,56845.1,51791.32,49891.23,53065.17,50214.65,55471.47,57899.52
355081,64545.48,61063.48,60626.25,61652.94,59397.64,55337.75,60951.11,60122.39,63896.11,58937.46,63712.41,60006.35,61178.82,57120.6,56350.27,63035.09,61416.37,54191.01,61448.48,61469.16,54316.48,58328.54,61579.9,63189.02
356090,34335.75,38616.02,40751.55,38560.58,38188.52,37247.66,39565.66,34224.35,39207.48,38125.06,35898.4,39343.13,37929.69,33163.16,39115.09,36399.49,37066.65,37970.26,36024.48,35026.45,36145.3,35867.95,33529.82,36310.65
357109,39533.54,39115.75,40187.07,41919.17,42524.15,41989.48,42761.71,40753.84,40782.16,38500.61,43363.94,40450.98,42476.17,36883.87,40798.61,39156.73,42418.49,42535.25,40364.99,40646.63,43058.05,40906.71,39976.49,39012.39
358129,41733.13,41201.91,40292.96,41361.61,46749.38,46421.96,45323.42,43795.76,42614.08,42168.58,43778.37,46191.53,42930.45,40690.64,45449.07,43556.99,42758.4,43655.27,41589.17,43906.58,45359.35,39879.53,44675.39,47540.78
359141,45981.03,46191.26,42037.81,43296.65,44415.77,46729.49,48734.06,43736.94,46404.28,45499.8,47699.91,44739.63,43259.53,45462.73,41207.48,45234.55,44991.32,44391.39,47469.48,45134.68,42355.14,41572.62,41924.47,41298.37
360161,57085.5,58875.54,53837.59,63943.22,56577.23,56782.02,58718.24,57582.54,56878.25,58559.46,57095.59,61255.11,55551.89,60062.99,57911.7,55458.04,60040.42,55238.81,57248.57,54999.93,56626.74,62629.36,58805.57,56629.0
361169,49589.18,46747.4,52431.47,48515.74,50093.21,46788.08,47531.7,50445.62,54554.8,47783.57,45538.68,52271.95,46688.47,48701.05,46572.37,47862.94,50910.77,51705.38,46081.71,48599.78,49013.38,51171.57,51100.2,43240.71
362182,43020.88,40621.25,45477.9,40460.18,42099.93,39248.72,40831.95,37025.39,43799.05,41958.23,41133.46,38847.54,41053.09,44330.94,41744.0,43465.48,42999.0,41937.97,45498.32,43219.22,37839.44,41443.64,43003.8,42242.59
363189,36555.3,36513.09,40780.17,35121.22,38024.94,34260.4,36595.81,37728.53,36036.07,40706.13,40359.28,38681.2,40155.57,40463.82,38768.53,35124.33,37874.29,37321.5,41225.95,36549.08,37844.77,40168.44,35262.26,36634.27
364201,34844.88,36114.78,33451.83,33654.53,33944.94,35715.06,37888.59,34068.86,38505.54,33380.36,35331.95,32999.15,35259.28,35273.87,36738.35,35869.1,37495.9,36779.77,38827.99,34821.16,33699.52,36942.12,34623.92,35432.11
365222,219.92,213.86,230.73,196.72,208.08,214.74,211.62,219.07,236.86,223.67,215.62,218.24,194.92,214.57,219.28,221.89,215.03,219.15,199.11,240.69,206.06,228.98,213.31,213.43
387550,508.02,515.4,514.06,541.33,543.9,541.94,466.43,489.98,497.17,511.81,508.04,497.53,488.0,499.47,526.12,495.59,522.17,468.08,524.99,502.55,545.06,477.95,527.16,546.72
472513,3804.35,3692.55,3526.68,3697.57,3740.09,3803.05,3888.6,3977.5,3966.9,4025.49,3881.96,3869.07,4140.14,4330.66,3728.07,3889.82,3847.65,3818.37,4150.5,3850.81,3733.47,4157.97,3824.02,3594.14
473569,5188.72,5436.15,5376.69,4902.07,5250.3,4386.35,4849.92,5233.79,4789.74,5064.45,4742.95,5196.55,5151.18,4534.29,5028.52,5120.4,4655.62,4913.47,5371.01,5253.52,5380.37,5199.95,4839.49,4917.33
474574,3980.47,3983.11,4159.53,4163.75,4420.73,3863.33,4262.56,4272.96,3955.22,3796.93,4212.83,4256.55,4510.42,3807.76,3986.92,3874.06,4088.53,4040.4,3931.02,4174.58,4161.41,4130.81,4311.94,3930.36
475709,4987.86,5155.08,4933.46,4885.62,4929.09,4993.54,5307.86,4619.49,4721.96,5012.21,4960.94,4760.8,4937.41,4948.01,5274.83,5297.35,4579.48,4904.74,4765.28,5066.24,4812.48,5088.67,5061.46,4424.88
476712,1966.63,2075.24,1975.14,1998.4,1916.96,2027.72,1858.58,1933.43,2136.26,1979.28,1985.78,1932.6,1907.53,1942.12,1976.78,2007.83,2068.43,1884.62,1861.58,1746.67,1775.78,1857.2,2040.21,2015.29
478092,3325.75,3445.08,3724.29,3435.78,3561.36,3646.52,3394.52,3805.35,3545.08,3250.17,3434.44,3559.21,3698.07,3328.73,3186.26,3479.06,3656.76,3447.26,3320.91,3246.71,3423.41,3284.15,3468.65,3173.94
479432,601.43,608.55,609.92,601.99,581.06,587.4,577.4,578.63,599.12,601.49,642.43,610.71,647.5,535.19,630.14,617.73,590.25,573.42,589.42,640.12,561.86,638.18,546.83,627.72
488669,19843.51,20458.21,18518.17,19844.65,19561.75,19765.1,19661.32,19388.24,21698.45,18500.48,19119.51,17997.73,19652.48,20089.4,18487.34,16881.99,17481.27,17159.52,19993.33,18444.77,18534.65,19984.28,18584.71,20069.93
489768,6066.0,6680.61,5976.95,5523.65,5690.05,6427.43,6030.68,6014.22,6388.25,6042.44,5872.85,6451.08,5960.77,6648.8,6189.17,6744.4,6372.79,6011.01,6635.46,6498.55,5872.37,5757.63,6004.88,6620.7
490872,6412.94,5456.23,5685.42,6343.15,5995.59,5650.75,5648.2,5966.28,5702.26,5888.44,6394.66,5856.39,5746.1,5784.29,6003.79,5636.6,5600.47,5899.05,6256.2,6037.03,6102.97,5822.2,6583.08,5317.46
491931,719.71,646.97,681.54,684.12,688.94,689.53,664.01,695.81,713.2,684.56,646.03,678.82,702.19,720.33,647.23,660.38,665.01,726.43,690.97,701.21,632.96,700.15,674.9,715.54
495227,8133.54,7377.7,7406.09,8224.48,7794.05,7679.99,7788.12,7269.83,7246.92,7786.27,7372.11,7885.12,7577.47,7456.58,8105.78,7971.14,8384.74,7279.71,8345.21,7696.68,7448.22,7492.41,7615.72,7468.27
496407,18716.25,19033.88,16736.54,18143.78,17007.06,17048.62,17163.04,15784.94,17018.71,17969.98,16399.08,17059.7,18202.3,18897.39,16762.67,17568.68,17876.06,17267.2,17680.37,17572.88,17571.19,16221.25,16247.7,17377.56
497567,4801.27,4550.24,5006.83,4891.81,4895.52,5046.4,5188.33,4469.58,4818.16,5182.5,4796.81,5065.5,4538.96,5159.22,4892.26,4632.15,4960.7,4916.09,4919.51,4191.15,5482.8,5080.05,4690.71,5272.23
498611,4858.5,4799.21,4879.33,6072.04,5260.15,4838.1,5200.74,4797.38,4855.96,4814.65,4844.68,5077.33,4656.3,4940.46,5237.89,4473.5,4766.67,4878.97,4974.06,4970.59,4998.55,5066.18,4474.16,5554.73
499812,6538.44,6045.65,5821.72,5680.78,6261.18,6363.67,6251.21,6322.0,5964.69,6512.91,6860.85,6109.98,5955.81,6030.91,6300.97,6529.24,6175.11,6021.96,6541.22,5833.16,6597.08,6325.64,6572.58,5926.0
500852,3618.02,3627.17,3359.1,3469.84,3744.14,3792.43,3249.12,3562.03,3976.52,4110.15,3536.29,3499.51,3235.26,3548.08,3757.41,3612.5,3360.79,3457.12,3316.91,3947.88,3605.81,3726.49,3670.25,3569.12
501867,4689.67,4556.54,4773.28,4815.55,5218.13,5082.53,5142.96,5553.06,4833.15,5013.33,4726.35,4263.97,4744.79,4899.19,5027.52,5392.9,4770.42,5046.98,4825.9,4891.62,5140.68,4795.51,4779.06,5305.63
502907,817.55,824.38,878.99,836.97,786.85,789.88,787.77,855.98,883.6,875.01,818.99,784.6,788.18,756.88,859.72,871.89,836.72,758.69,808.23,815.44,844.75,793.66,781.3,781.75
506171,8216.63,7920.12,8454.73,8266.07,8060.08,8949.89,8220.47,8202.2,8739.34,8819.6,9246.37,8471.22,8440.48,8213.87,8669.93,8908.27,8579.42,8618.69,8727.41,8799.84,8052.77,8586.18,8337.18,8600.1
507687,4157.8,3939.5,3905.28,4070.57,3970.06,4187.56,4079.54,4254.55,4598.47,4102.15,4104.52,3929.93,4073.74,3811.21,3966.88,3869.67,4112.2,4031.74,3965.35,3854.05,4209.77,4051.29,3994.19,3733.29
508707,3829.16,4371.48,4148.02,4378.14,4345.85,4106.99,3745.42,3789.3,4155.58,4162.68,4456.44,4196.3,4446.21,4312.83,4056.97,4345.48,4017.32,3647.59,4121.75,4302.64,3951.9,4200.34,4327.51,4052.46
509927,4448.51,4603.51,4121.43,4562.67,4206.69,4481.52,4410.6,4594.52,4855.66,4688.46,4418.39,4479.02,4174.28,4432.08,4045.96,4569.01,4607.07,4465.05,4978.1,4694.41,4101.28,4381.99,4206.41,4385.11
510947,3621.81,3822.47,3987.19,3675.2,3705.93,3487.59,3744.39,3573.1,3495.91,3900.58,3763.24,3513.04,3850.69,3875.69,3943.13,3772.25,3019.11,3902.28,3629.82,3483.57,3819.05,3666.36,3791.0,3551.61
511948,3621.36,4106.56,3800.21,4448.92,4076.84,3929.55,3699.19,4204.06,4371.71,4289.45,4061.71,3704.16,4244.57,4441.49,4014.36,4588.77,3988.52,4219.98,4269.23,4229.68,4340.52,3888.29,3980.76,4045.81
512951,3901.96,4020.5,3988.16,4102.46,3758.82,3512.02,3909.9,3490.62,3864.92,3923.86,3874.27,4141.57,3704.44,3596.28,3733.5,3963.24,4019.41,4173.85,4090.15,3635.2,3690.13,3663.55,3828.37,3774.63
514008,4459.98,4173.15,4480.38,4679.18,4260.09,3865.1,4215.57,4416.35,4401.67,3969.11,3685.52,4283.49,3770.15,4387.02,3922.15,4177.3,4317.12,4279.46,4173.22,4080.3,4325.06,4431.42,4140.09,4124.22
515108,4431.17,4378.47,4208.61,4410.9,4479.83,4708.86,4596.27,4609.26,4288.45,4454.94,4209.25,4472.14,4476.95,4350.24,4244.47,4746.5,4438.7,4579.55,3917.84,4486.59,4316.57,4041.52,4488.87,4448.82
516147,4046.23,4093.77,4680.97,4110.24,3973.73,3835.51,3851.81,4249.25,3802.48,4502.64,4269.25,4386.72,4273.54,4028.64,4350.08,4124.68,4211.43,4286.45,3813.27,4012.52,4030.39,3877.59,4166.88,4141.25
517248,4135.36,3618.4,4249.57,3918.25,4198.52,3701.78,3948.14,4366.58,3566.91,3799.26,4269.46,3487.58,4314.61,4305.87,4279.23,3488.19,4262.96,4381.45,3941.9,4253.4,4235.35,4065.23,4205.98,3837.89
518268,779.67,692.94,725.29,758.49,800.27,717.09,767.89,784.72,730.59,704.61,765.84,768.82,766.52,803.86,798.65,767.34,794.68,804.11,696.65,788.98,752.78,749.09,728.41,763.7
524231,24990.57,24221.17,24088.22,22741.57,24620.89,23631.88,22911.14,24689.18,24766.49,23456.68,23400.55,22905.78,24260.11,24642.91,24694.33,23872.32,25022.9,22220.83,23059.01,24847.14,23650.13,21122.3,23765.07,23642.13
525311,4250.48,4264.77,4495.35,4239.2,4287.91,4553.58,3759.32,4240.48,4237.77,4430.05,4393.58,4335.82,4143.31,4177.16,4549.62,4419.32,4492.96,4700.08,4307.76,4391.49,4488.55,4365.74,4122.71,4225.46
526367,4435.11,4589.23,3970.14,4246.7,4033.75,4716.11,4568.07,3929.41,4189.22,4243.15,4029.86,4075.89,3986.2,4230.32,4548.91,3983.08,4287.48,4354.93,4501.63,4458.37,4281.44,4530.61,4322.09,3921.99
527447,3143.47,3012.76,3072.65,2961.71,2962.95,3136.1,2960.77,3152.42,2871.86,3274.16,3067.54,3147.18,3099.15,2799.64,3270.74,3232.81,3129.68,2895.39,2941.1,3237.34,3055.44,2981.79,3212.4,2876.63
528491,5116.51,5409.4,5175.54,5241.94,5366.92,5588.78,5266.11,5710.22,5232.84,5348.15,5696.08,6037.42,5287.13,5331.93,5316.36,5341.93,4932.94,5510.51,5050.08,5249.24,5502.41,5562.64,5694.8,5493.29
529511,4249.75,4242.78,4328.5,4507.76,4504.87,4487.86,4459.84,4369.78,4111.9,4433.23,4584.82,4236.41,3852.52,4612.91,4227.33,4480.74,4085.76,4113.23,4417.23,4393.46,4415.94,4440.94,4564.65,4499.49
530567,4457.68,4495.39,4564.86,4507.22,4585.9,4509.1,4577.25,4516.7,4679.06,4161.82,4470.43,4396.0,4486.35,4256.03,4296.76,4393.14,4369.51,4632.37,4558.63,4523.24,4417.09,4721.16,4593.7,4471.53
531587,4217.52,3817.68,3880.53,3737.51,3956.83,4174.66,4093.27,4182.22,3542.18,3917.94,4266.65,3942.13,3971.42,3669.49,3801.95,4001.22,3859.76,3883.42,3740.9,3802.31,3556.23,3687.31,3693.32,3788.25
532767,4526.69,4723.18,4753.49,4887.41,4623.98,4446.64,4717.25,4686.06,4802.22,4618.87,4437.19,4369.55,4914.04,4856.72,5175.83,4722.19,4795.46,4481.39,4735.65,4605.67,4712.57,4826.02,4588.76,4462.25
533847,3157.16,3058.13,3210.27,3565.38,3423.57,3160.15,3395.21,3421.08,3537.2,3131.85,3371.09,3156.74,3650.92,3599.95,3493.22,3128.1,3383.9,3478.99,3301.67,3275.65,3528.46,3514.32,3595.32,3689.37
534927,139.27,118.5,130.03,124.16,123.96,138.72,116.08,135.62,133.35,120.29,122.45,126.07,129.55,126.35,128.19,125.33,134.27,128.3,140.51,131.55,128.25,128.2,131.16,118.67
540807,7830.13,8226.62,7406.51,7954.24,7539.54,8119.85,8556.8,8361.95,8619.16,8425.86,8218.12,8120.64,8724.6,8517.4,7773.47,8186.08,8252.55,8163.79,8601.43,7946.02,7576.83,7522.7,8460.52,8429.76
542267,758.65,781.46,805.38,813.55,717.6,824.34,782.55,855.27,810.0,788.18,850.43,814.16,853.07,872.89,836.58,774.28,921.03,802.41,887.74,785.53,759.2,772.18,806.64,774.88
557667,2083.58,2223.82,2186.53,2239.51,2247.51,1901.85,2140.87,2342.98,2297.8,2251.81,1980.62,2045.04,2063.63,2141.27,2150.27,2160.18,2166.23,2085.86,2301.7,2392.49,2102.11,2145.28,2304.34,2250.48
558928,2069.7,2011.51,2260.08,2230.81,2157.53,2198.4,2191.05,2326.38,2136.91,2052.39,2179.85,2050.33,2242.73,2157.61,2058.6,1997.06,2140.74,2177.65,2138.68,2201.54,1964.4,2213.61,2114.3,2109.41
559991,1674.12,1843.98,1769.91,1638.04,1731.34,1801.07,1689.38,1836.17,1760.02,1626.94,1806.8,1734.39,1597.87,1653.62,1814.27,1736.63,1815.78,1721.84,1790.31,1601.33,1770.11,1751.43,1692.66,1786.91
561327,1552.87,1658.22,1633.21,1622.01,1659.01,1658.47,1647.96,1654.02,1600.75,1626.87,1526.99,1626.73,1725.52,1612.23,1496.74,1642.44,1701.54,1614.42,1456.41,1703.73,1640.83,1618.21,1754.64,1740.82
562451,1255.68,1322.6,1288.83,1467.31,1256.44,1320.22,1437.26,1432.37,1405.46,1441.22,1371.45,1361.9,1313.71,1201.96,1228.98,1393.58,1215.25,1363.73,1315.95,1335.55,1382.4,1261.72,1303.79,1352.81
563468,2155.0,2113.47,2063.45,2000.86,2175.25,1983.81,2218.91,2076.8,1891.45,1962.2,2092.87,2079.49,2127.9,2177.65,2021.32,2170.39,2102.67,2209.14,2148.63,2163.6,2017.98,2188.68,2032.82,2126.63
564767,1336.62,1380.5,1487.84,1598.67,1550.48,1546.63,1368.55,1439.14,1544.85,1500.79,1532.86,1496.87,1503.05,1454.48,1297.15,1540.54,1426.77,1448.72,1504.51,1369.05,1498.9,1461.89,1418.03,1373.36
566027,1830.1,1690.86,1713.82,1860.51,1605.04,1738.52,1785.22,1695.59,1775.15,1671.31,1741.17,1764.34,1744.3,1846.28,1787.55,1671.08,1687.09,1617.29,1584.19,1887.45,1704.25,1730.45,1832.84,1781.71
567072,1198.65,1291.55,1182.14,1093.67,1148.34,1312.16,1206.75,1150.93,1111.7,1349.25,1324.84,1181.98,1289.08,1295.39,1171.01,1188.44,1232.64,1118.43,1142.44,1051.07,1246.99,1254.58,1205.35,1222.3
568227,1268.13,1379.3,1243.36,1297.38,1373.97,1292.39,1337.81,1416.15,1292.56,1366.79,1278.03,1330.39,1241.18,1295.49,1292.38,1311.75,1242.71,1337.95,1413.38,1388.78,1356.66,1263.99,1273.0,1186.44
569254,2477.32,2517.3,2350.4,2782.44,2543.74,2541.22,2400.19,2631.93,2555.15,2439.31,2351.08,2589.67,2588.19,2797.94,2368.32,2711.15,2559.71,2633.39,2204.39,2434.99,2350.54,2458.94,2666.14,2509.97
570514,2549.03,2596.94,2538.63,2556.24,2837.13,2650.51,2666.59,2738.5,2626.96,2576.04,2836.92,2666.82,2429.69,2475.84,2697.9,2649.05,2620.1,2647.68,2448.08,2303.05,2926.11,2698.57,2562.06,2449.87
571554,1729.53,1836.79,1837.99,1700.61,1908.9,1547.75,1910.56,1769.99,1787.77,1772.8,1727.29,1900.31,1788.13,1625.65,1878.27,1786.02,1762.73,1776.08,1706.56,1685.64,1724.39,1822.68,1909.84,1604.52
572574,1346.72,1247.53,1318.29,1406.26,1394.92,1181.08,1287.34,1473.03,1237.35,1349.0,1364.97,1257.48,1394.65,1369.79,1320.78,1364.75,1480.26,1280.69,1356.69,1204.22,1281.51,1308.22,1441.74,1238.59
573938,883.5,910.67,858.74,903.37,809.78,930.61,896.83,932.75,914.34,893.97,987.41,937.39,910.12,772.8,918.83,849.04,959.79,985.93,893.7,880.53,892.7,944.29,899.8,865.48
574939,871.2,937.95,977.97,990.72,956.44,947.46,957.0,940.57,971.35,928.81,950.38,963.58,832.53,958.31,937.85,962.01,890.16,943.46,973.61,912.75,1008.06,971.46,892.58,947.64
576379,1172.37,1230.54,1082.77,1054.28,1153.22,1166.5,1022.27,1153.87,1251.29,1184.54,1231.94,1167.99,1206.04,1176.42,1166.0,1088.23,1110.82,993.41,1135.98,1163.38,1150.55,1147.12,1078.01,1218.62
577554,309.55,316.58,314.04,297.19,280.15,309.7,317.26,292.82,304.8,322.48,306.1,308.25,281.05,281.4,293.95,289.59,297.25,291.87,294.61,264.42,289.91,328.9,279.07,313.65
579035,598.09,551.38,627.49,585.81,661.67,621.74,594.42,576.54,565.74,633.41,587.01,611.9,590.86,580.49,547.09,603.96,563.1,551.67,566.46,579.04,618.63,630.56,616.87,634.08
581298,43.08,44.42,45.19,42.72,45.37,41.86,44.0,42.3,40.31,43.12,44.03,40.13,46.78,44.36,42.09,42.53,43.83,40.37,42.9,45.5,42.0,43.54,43.01,43.17
592562,3379.31,3661.84,3696.41,3375.58,3520.96,3672.42,3517.7,3404.39,3538.13,3375.2,3564.94,3371.86,3517.29,3258.32,3240.7,3354.58,3439.45,3559.55,3421.54,3427.54,3720.66,3304.37,3470.91,3714.37
593746,4637.62,4563.16,4590.94,4352.5,4576.68,4529.39,4481.72,5060.19,4405.26,4200.53,4607.34,4773.81,4570.0,4548.64,4388.47,4660.79,4541.77,3971.75,4665.47,4363.08,4614.46,4715.29,4421.83,4372.41
594762,3878.91,3782.47,3615.02,3767.76,3501.4,3863.97,3906.86,3777.2,3767.47,3929.75,3674.01,3734.56,3580.38,3570.37,3851.71,3694.88,3844.77,3628.68,3672.54,3782.3,4094.72,3884.1,3813.35,3811.17
595802,4026.44,4370.45,4186.07,4025.12,4261.29,4261.98,4512.2,4233.18,4279.79,4528.1,4471.76,4486.53,4277.2,4128.83,4013.88,4052.44,4115.42,4536.06,4337.15,4372.83,4040.77,4287.29,4304.21,4299.98
596906,5647.66,5356.49,5679.34,5351.4,5583.63,5004.75,5462.2,5622.42,5221.87,5720.69,5357.41,4978.38,5334.44,5472.37,5156.39,5566.32,5657.0,5551.46,5291.86,5270.16,5053.06,5451.98,5096.21,5499.25
598045,223.17,210.83,203.53,211.19,213.23,208.65,213.78,217.82,222.77,211.99,220.01,200.52,209.55,217.84,206.74,192.95,207.66,230.35,215.75,212.26,223.63,202.61,221.02,215.21
601965,11631.12,11952.83,11684.52,12262.49,11404.57,12289.24,11679.7,11986.34,11289.4,11573.32,12120.8,10782.85,12173.75,11422.93,12244.47,11965.24,11975.05,12020.27,12239.22,11795.54,12212.67,12787.81,12426.88,11299.65
603325,3657.98,3901.32,3329.98,3870.41,3678.8,3776.88,3811.35,3904.27,3697.91,4178.55,4110.65,4029.28,3754.88,3865.89,3851.08,3865.07,3952.71,3670.16,3496.19,3305.74,3818.52,3732.43,3677.1,4136.24
605487,5580.25,5672.66,5542.15,5640.3,5701.95,5556.98,5317.42,5970.39,5474.29,6101.36,5449.94,5729.58,5752.99,5999.49,6066.19,5273.42,5678.59,5409.35,5937.83,5605.88,5742.43,5831.54,5282.64,5843.09
606538,5374.71,5620.45,5460.8,5817.15,5621.49,4893.93,5284.71,5495.73,5428.26,5252.71,5311.68,5075.74,5535.17,5303.39,5374.12,5106.04,5667.69,5558.36,5835.83,5130.66,5370.49,5494.15,5610.04,5483.49
607542,5605.65,5354.91,5003.82,5535.19,5734.98,5534.02,5300.56,5206.46,5052.73,5236.29,4960.24,5217.15,5555.69,5772.68,5451.52,5308.18,5565.39,5022.68,5727.06,5014.71,5343.9,4913.51,5208.03,5173.96
608563,5621.42,5738.92,6033.32,5730.66,6183.96,6168.64,6280.29,6246.59,5854.98,6245.82,5705.07,6515.6,5831.47,6556.16,6034.84,5649.77,6172.53,5951.01,6107.76,6593.36,6111.01,5612.12,5678.13,5960.68
609622,6495.54,6170.3,6237.63,6231.53,6380.79,6101.84,6109.0,6325.64,5942.31,5214.31,6260.31,5883.87,6530.73,5978.02,5765.82,5814.72,5889.65,6194.69,6264.43,5947.08,6217.28,5210.68,5908.22,6225.89
610682,1193.03,1130.03,1251.42,1149.81,1219.66,1222.18,1174.05,1136.99,1197.37,1191.91,1183.33,1108.26,1279.84,1144.7,1251.82,1193.73,1179.17,1229.86,1247.24,1212.45,1180.19,1171.28,1212.74,1349.22
614459,14654.82,13443.11,14716.36,14386.27,13858.41,14333.64,13267.84,14329.94,13449.8,14288.05,15098.5,14119.89,14217.79,13651.04,13909.18,13052.59,13017.79,14110.85,13071.69,15225.51,14206.57,14496.36,13765.74,14993.82
615937,4548.56,4592.62,4602.09,4468.64,4525.93,4499.45,4533.86,4860.68,4526.84,4978.88,4324.5,4534.05,4707.83,4693.51,4553.42,4574.35,4672.04,4722.64,4341.94,4500.26,4382.76,4986.99,4603.84,4224.5
617017,5936.14,6351.71,6046.28,6252.06,6035.54,5918.32,6000.52,6300.78,5942.88,6210.77,5616.06,5740.39,5963.53,6085.69,6069.47,5761.26,5897.14,6343.77,6134.64,6607.6,5792.45,6188.1,6689.81,5954.96
618097,5462.78,5132.18,5520.33,5552.45,5006.62,5482.71,5404.47,5451.09,6089.93,5501.79,5089.13,5006.76,5327.53,5580.73,5390.44,5482.51,4558.22,4994.94,5294.88,4950.52,4988.73,5301.76,5066.32,5455.35
619122,4774.31,5298.39,4818.83,4994.69,4711.49,4595.59,4639.09,4854.17,4395.73,4450.91,4332.51,4585.15,4539.29,4412.48,4654.25,4223.39,4917.41,4335.95,4140.51,4913.72,4827.23,4924.29,4926.81,4830.11
620397,6955.85,7158.09,7086.23,7116.47,6787.85,6415.77,7111.53,6797.4,7169.29,7039.06,6460.21,6590.25,7705.34,7529.68,6685.87,6964.73,6689.7,6875.66,7302.05,6637.23,6848.39,7061.78,7630.39,6887.41
621597,5154.83,5002.68,5046.79,4879.39,5098.19,4993.43,4977.24,4940.87,5352.25,4903.35,5325.47,5037.56,5385.37,4734.82,4893.9,4976.65,4990.74,5111.7,5200.16,4966.0,4881.6,4925.99,5207.3,4837.87
622701,5329.95,5658.42,5432.38,5099.31,5320.92,5693.27,5146.97,5339.55,5134.09,5843.72,5411.91,5180.83,5378.18,5583.0,4872.52,5578.98,5507.02,5163.25,5850.38,5295.67,5508.65,5542.8,5553.48,5234.5
623877,7345.83,7377.11,6504.86,7209.1,6920.05,7489.85,7195.65,7112.45,6226.44,7145.72,6890.68,6866.98,6965.19,7385.15,6900.27,6259.63,6951.05,7640.68,6420.28,7168.38,6443.8,7112.74,6411.56,6362.35
625137,6657.58,6884.09,6306.43,6505.69,6527.69,6118.47,6377.9,6747.82,6170.91,6252.14,5685.2,6495.06,6326.28,6646.35,5882.18,5786.49,6115.32,5982.54,6373.37,5996.31,6154.06,6033.34,6388.38,6335.09
626157,780.0,774.81,763.11,757.62,833.63,774.03,791.88,755.42,785.82,715.26,786.84,793.62,721.05,789.03,794.5,750.44,707.16,762.42,741.72,708.13,754.03,752.37,776.29,785.34
630217,14610.77,15265.82,15621.6,14921.55,14647.01,15313.98,12615.49,14725.02,14221.14,15018.72,14389.2,14558.81,13351.6,15000.22,13207.51,14959.63,13625.16,14459.07,14656.94,14023.61,13460.79,14493.5,14506.75,14069.62
631220,19472.6,17554.03,18903.33,19031.42,19351.99,18469.56,19565.82,21187.98,18464.75,20524.38,19642.4,18766.16,17555.18,19807.87,20393.8,18350.08,19616.58,19660.59,18259.45,18222.47,18904.68,19482.65,19317.97,19128.15
632239,7154.16,7219.61,6868.05,7980.43,7169.85,7625.69,7403.92,7684.52,7050.86,6674.77,7122.31,7338.08,7720.59,7122.13,7218.63,7357.61,7933.34,7597.97,7702.47,8108.55,8108.17,7492.4,7218.64,7707.88
633279,6655.93,6402.89,6623.47,7150.41,6128.84,6853.08,6899.35,6987.62,6491.81,6455.03,6869.38,7078.11,6816.44,6382.46,6443.71,6390.49,6998.94,6808.15,6769.3,7162.79,6638.2,6795.01,6921.46,6840.17
634299,6737.47,6507.83,6638.51,6280.47,7095.35,6803.63,6601.14,6935.16,6599.41,6266.5,6869.57,6662.03,7143.32,6429.03,6879.59,6185.21,6442.6,6908.17,6901.28,6646.68,6396.11,6545.62,6273.08,6567.61
635335,6967.38,7030.22,6389.75,6494.01,6769.31,6682.01,6583.12,6602.4,7003.53,6865.1,6843.41,6748.98,6927.31,7639.18,6738.55,7214.78,6768.27,7048.52,7088.11,6899.91,6672.2,6378.32,6821.87,6998.53
636356,522.89,576.48,548.85,538.1,559.54,545.77,559.75,565.61,568.56,522.77,538.66,533.82,520.21,546.91,528.78,543.32,601.85,491.41,558.62,591.22,597.76,557.24,558.79,594.5
637959,418.24,421.09,427.3,420.16,438.29,414.42,413.22,413.57,434.92,404.63,422.68,423.23,441.69,382.78,451.7,440.62,412.31,387.75,440.06,417.76,421.91,418.3,444.07,439.58
671016,7120.31,6677.49,7006.68,6960.08,7149.34,6943.34,6648.08,7117.8,6663.21,8001.05,7268.37,6907.49,6975.63,6994.13,7630.78,7331.14,6921.55,6485.59,6854.77,6706.42,6559.69,6734.23,6516.13,7215.26
672139,11281.0,9540.66,8295.56,10134.42,9200.18,9770.75,9836.91,10272.16,8777.97,9533.32,9387.33,9384.54,10172.26,10067.76,9327.3,9569.68,10006.99,10227.02,8751.49,10340.35,10076.96,9924.74,9724.86,9909.3
673159,9068.89,8366.09,9093.54,9487.42,8609.41,9006.24,9126.77,9613.87,7795.47,8932.66,9801.53,8545.76,8459.42,9298.06,8787.19,9298.7,8642.23,8990.32,9233.84,9018.32,9827.3,8646.4,9382.01,8505.76
674280,8564.79,9100.33,9912.91,8467.37,9744.08,9106.63,8131.67,9298.67,8623.05,8484.02,9266.63,9301.56,9528.25,8689.07,9246.75,9135.73,8850.83,9331.62,9532.91,9426.92,9362.55,9352.89,8561.13,9151.28
675320,9739.07,9165.98,9100.91,8462.8,9020.47,9281.29,9661.64,10448.45,9654.76,9625.38,8736.89,9586.91,9148.01,8964.39,9464.74,9781.88,8697.65,9856.63,8768.52,9506.44,8429.42,10006.0,9417.64,9938.47
676356,8305.22,7695.19,7816.9,8312.69,7495.16,7219.11,7690.14,7841.26,7581.67,8463.36,7804.81,8486.65,7647.16,7991.32,7221.1,8213.54,7467.14,7471.03,7459.79,8765.35,8478.09,8041.24,7119.72,8195.0
677363,1736.86,1776.4,1705.01,1530.39,1728.93,1853.6,1628.58,1698.76,1635.72,1735.84,1763.47,1754.24,1639.2,1680.55,1685.92,1760.52,1716.2,1814.42,1658.73,1825.16,1606.06,1744.9,1800.79,1703.68
681120,21147.08,20256.28,21305.99,18864.99,20535.7,19197.91,19744.5,20337.12,18751.1,21463.7,18737.67,20213.19,19209.72,20731.59,20847.62,20020.04,21681.62,21159.52,18849.48,21003.1,19404.04,20876.91,20262.93,19899.43
682777,5893.82,5641.85,6394.22,5938.64,5563.81,5825.54,6004.8,6070.09,5634.92,6018.69,5733.73,5427.39,5600.43,5989.18,6274.21,5738.05,5826.68,5030.92,5490.21,5584.82,5933.59,5811.38,5978.44,5608.28
683813,8616.3,8614.82,9196.33,8096.24,8778.48,8664.73,9269.86,8986.78,8592.05,8645.54,8534.21,9131.93,8918.61,8838.32,8428.23,9013.62,8399.37,8820.53,8811.16,9337.62,8831.48,8774.35,8829.1,8503.64
684817,9630.3,9176.01,9091.86,9283.91,9271.89,9193.86,9305.37,10027.85,9643.48,9178.55,10156.9,8225.45,9644.18,8657.24,8155.57,8927.9,8869.87,8995.6,9695.83,9954.78,9454.43,9051.75,9372.78,9556.85
685818,3091.28,3091.33,2993.81,2921.4,3053.87,2826.57,3018.39,2945.81,2922.77,2852.02,2974.96,2843.45,3174.28,3138.16,2749.83,2871.79,2984.72,3172.62,3096.78,3380.85,3223.29,2789.76,3167.0,2833.63
687773,4486.87,4325.33,4130.33,4394.27,4194.13,4970.72,4380.74,4483.28,4348.19,4058.2,4519.86,4449.09,4330.77,4262.61,4114.74,4457.4,4304.72,4464.03,4131.07,4424.88,4311.46,4554.03,4189.42,4439.88
688838,11558.05,10379.18,11088.87,10881.85,10325.41,10386.86,10847.13,11229.82,10561.46,11458.19,9325.12,10723.67,10673.38,11797.78,10103.13,11631.21,10769.35,10209.19,11857.65,11089.32,11620.29,10594.87,11005.42,9900.42
689897,4392.63,4789.38,4486.86,4369.48,4297.77,4364.6,4401.42,4198.88,4759.33,4424.92,4477.3,4245.53,4141.34,4423.66,4025.85,4454.49,4240.6,4497.1,4198.93,4161.73,4437.97,4221.81,4417.91,4494.29
691056,10445.72,9607.6,9846.49,9400.42,9289.28,9564.6,9134.57,9758.05,8331.46,9105.49,9388.86,9004.19,9135.52,8850.22,9033.15,9310.59,9426.79,9173.35,8579.01,9674.94,9728.25,8707.89,9342.41,9449.41
692137,6447.02,7017.89,7399.5,6915.91,7419.3,7053.98,7786.45,7497.55,6896.41,7203.68,6440.85,6968.29,7301.84,7655.57,7223.09,7208.05,7399.95,7278.83,7111.64,6947.91,7495.14,7620.25,7104.23,6590.12
693232,7940.26,7840.5,7988.44,8559.8,9315.6,7442.78,7704.67,7890.37,7650.71,7766.41,8132.83,7138.76,8389.57,7979.1,8611.22,7866.29,8082.53,8503.67,8678.9,8467.3,8110.74,8408.06,8052.8,7641.23
694252,9124.54,8488.41,8037.25,8161.74,8604.38,7853.59,8924.81,8848.18,7489.42,7762.41,8447.97,7755.51,7558.2,8434.49,8397.28,8711.24,8623.2,9213.62,8888.26,8704.13,8536.64,8279.42,8748.43,7569.25
695396,7960.62,7505.5,7767.2,7750.87,7851.88,7653.06,7430.76,7997.3,7221.42,8076.01,7535.58,8442.7,7633.36,7666.47,8323.69,8122.8,7198.36,8106.67,7600.83,7670.41,8039.02,8042.89,7722.19,7688.17
696512,7186.59,6874.24,7154.58,6838.4,7013.21,7303.92,7512.09,7213.13,6741.59,7687.26,7030.82,6923.69,8099.38,6304.48,7250.95,7452.66,7283.57,7725.42,7254.78,7264.45,6901.54,6920.12,7223.38,6527.74
697532,628.17,702.96,709.01,680.26,656.93,619.83,669.01,650.6,666.03,719.68,688.14,650.09,670.98,673.94,650.24,715.84,704.07,689.98,648.2,712.78,664.46,663.64,699.63,661.41
702752,31332.45,36074.14,34407.83,33189.86,33562.77,33106.04,36940.13,35645.36,36303.39,35709.15,34412.68,36558.96,37486.65,34196.18,32811.93,32472.1,36536.86,33948.78,37406.5,33303.18,35150.46,34820.87,35945.86,33545.1
703773,5688.36,5141.17,5028.93,5333.98,5261.82,4770.26,5128.99,5917.43,5166.83,5182.06,5219.77,4907.99,5401.38,5279.79,4973.41,4970.4,4957.53,5293.12,5535.52,4564.44,5305.65,5535.97,5111.93,5472.61
704933,7554.66,7237.93,6914.12,7214.58,7488.0,7518.56,7500.84,8020.33,7322.6,7163.93,7060.78,6473.67,7247.31,7205.81,7304.46,7459.9,7005.98,7071.93,7671.22,6653.32,7186.28,6845.96,7282.5,7282.64
705936,9115.49,9595.46,9023.77,8934.76,9050.86,9706.66,9542.34,9771.22,9511.87,9391.71,9252.09,10250.45,9781.14,9688.89,9063.07,9563.04,9641.17,9179.02,9675.68,8756.2,8833.84,9269.72,8726.65,8966.07
707033,4240.37,4212.73,4041.51,4279.69,3827.2,3720.83,4085.65,4245.67,3844.6,3968.79,3762.56,3872.1,4129.57,3972.94,3796.83,3759.1,4035.27,3970.19,3797.41,4007.31,3541.27,4152.63,3699.88,4427.55
708981,8589.89,7681.89,8593.26,8745.48,8115.82,8096.86,8593.42,9534.16,8539.16,8384.56,8365.12,7764.76,9079.64,7525.1,8573.51,8655.2,8286.78,9419.2,7945.18,8059.05,8690.11,8129.1,7273.76,8767.25
710333,4860.53,4812.17,4658.67,4422.53,4624.58,4538.05,4902.19,4530.27,4644.57,4356.15,4265.66,4479.42,4258.99,4607.73,4350.91,4588.95,4471.25,4201.88,4918.04,4259.13,4506.49,4357.85,4325.15,4885.55
711560,6904.28,7289.18,6129.81,7297.13,7172.41,7229.01,6679.59,7451.43,7328.35,6493.9,6695.48,6752.15,7428.52,7022.43,7373.17,7317.21,7086.4,6825.86,7066.23,7206.82,7542.85,7369.08,6959.87,7171.53
712651,9717.62,8237.5,9367.52,9745.84,9076.91,9978.68,9097.51,9738.77,9231.85,10604.45,9470.76,9539.04,9673.42,9232.79,9509.98,9575.99,8865.68,8560.02,9696.63,9592.88,9287.9,9058.87,9358.54,8825.73
713692,7391.35,7008.79,7251.35,7384.31,7365.47,7733.11,6972.26,7211.94,7537.24,6819.42,7128.4,7006.23,7137.8,7791.55,7699.5,7050.21,7542.82,6862.54,6714.32,6734.76,7326.05,6644.2,7397.26,6931.22
714711,7516.87,7412.55,7911.3,7206.75,7811.22,7345.76,7236.98,7252.79,7396.92,7454.22,6866.17,7629.54,8036.62,7132.98,7388.51,7285.52,7571.3,6709.13,7269.63,7443.3,7352.08,6917.26,7426.17,6926.08
715755,7498.31,6796.43,7038.41,6879.25,7249.79,7535.7,7479.67,7316.14,7355.16,7652.08,7175.71,6953.05,6733.89,7049.83,7480.91,7230.56,7222.3,6622.94,7256.17,7008.91,7123.44,7022.43,7066.72,7390.78
716775,5884.05,6327.48,6043.42,5405.03,5889.7,5477.1,5575.15,5511.59,5447.35,5441.77,5616.89,6003.02,5846.08,5692.16,5633.52,5774.9,6204.39,5188.44,5672.37,5739.33,5979.95,5584.31,5531.77,5421.1
717903,7684.32,7813.47,7952.81,7220.92,8363.75,7821.0,8012.84,7635.74,7828.03,7968.14,7819.02,8222.23,7856.93,8125.47,7474.23,7491.7,8526.86,8324.97,7506.67,8138.4,7186.55,7579.4,7636.83,7778.67
718952,635.42,557.72,557.11,579.6,552.82,614.49,541.89,578.3,627.54,604.22,622.62,607.78,622.69,616.91,575.23,640.23,573.15,623.87,643.42,582.04,591.98,589.34,620.95,586.41
724308,33178.68,33809.18,36661.88,30429.48,33767.03,33079.26,34405.84,35159.01,34271.57,34222.29,35240.47,32802.83,34177.59,34405.24,35061.63,31389.9,34682.49,34841.29,32926.02,36269.04,32802.12,32383.01,35740.57,32471.01
725428,3892.93,3926.72,4172.35,4113.39,3689.19,3869.58,3624.66,3664.41,3872.97,4374.14,3889.23,3947.65,3609.38,4034.28,3859.41,3537.67,3840.87,4193.68,3950.52,4072.89,4017.54,4000.53,3990.38,3955.94
726812,5023.46,4618.8,4758.75,4714.73,4871.84,5342.72,4614.13,5074.33,4287.07,4967.99,4806.14,5063.8,5089.27,4535.39,5124.63,5228.4,4916.64,4677.69,5221.02,5020.49,4885.11,5053.44,5159.64,4696.09
727848,3594.23,3382.12,3586.9,3273.5,3734.66,3169.23,3391.39,3644.99,3656.74,3528.74,3325.84,3630.06,3422.39,3637.24,3323.32,3451.71,3679.19,3436.18,3414.53,3212.23,3474.16,3191.55,3481.85,3705.48
729032,6874.9,6232.86,6133.6,7055.6,6824.92,7121.05,7066.19,6644.97,6179.78,6824.39,6266.21,6830.2,6681.05,6707.13,6909.54,6731.94,6697.25,6573.92,6701.98,6718.8,6319.99,6550.49,6504.94,6951.93
730128,6152.59,5649.42,5340.61,5867.83,6236.27,6074.4,5919.68,5889.65,5763.23,5891.6,6086.12,5797.02,5808.2,6256.12,5899.13,5930.73,6192.36,5651.85,5899.77,6043.51,6460.63,5552.19,5968.38,5569.09
731148,2315.02,2522.26,2247.61,2441.01,2331.44,2291.0,2345.3,2353.26,2360.93,2433.79,2393.5,2232.74,2484.16,2381.03,2166.03,2438.44,2182.0,2430.37,2291.32,2388.38,2140.93,2362.71,2351.54,2237.01
733529,390.39,387.05,424.54,339.96,390.11,365.62,369.79,375.69,352.44,387.61,378.97,368.15,380.63,368.55,389.39,400.16,362.66,359.66,385.71,392.75,411.51,388.59,383.25,393.77
746972,4562.15,4307.03,4758.98,4272.57,3994.1,4790.91,4221.74,4189.56,4358.32,4505.61,4430.34,4676.91,4181.54,4498.25,4571.89,4915.8,4578.23,4951.67,4638.2,4302.07,4227.92,4420.16,4351.05,4439.69
748112,7283.38,6515.33,6236.69,6933.67,6655.81,5964.96,6403.2,6384.52,6277.02,6735.79,5947.03,6183.43,6625.15,6217.62,6785.9,6721.78,5935.8,6040.75,6259.76,6175.67,7074.49,5799.11,6994.02,6171.16
749193,5884.81,6019.08,5815.27,5767.11,5955.54,6404.09,5490.14,6113.49,5789.25,6375.97,5960.84,5738.67,6252.34,5726.6,5861.28,6219.32,6043.75,6226.77,5733.51,5913.66,5820.74,5817.32,6301.48,6120.3
750272,4792.77,5301.68,4965.19,5379.27,4853.43,5309.68,5354.95,5064.43,4831.58,5344.39,4708.53,4895.9,5206.67,4887.54,5365.98,5130.09,5311.54,4837.16,4946.62,4851.04,5119.1,4963.45,5370.0,5017.72
751376,4608.49,5017.91,5003.3,4841.26,4292.82,4800.97,5135.27,4566.33,4544.12,4306.58,5231.36,4862.02,4914.13,5112.02,4896.71,4895.76,4954.84,4808.04,4989.17,4888.74,5080.26,4918.45,4957.25,4944.6
752412,4161.62,4065.32,3921.24,3768.46,4358.6,4536.03,4357.08,4409.86,4234.34,4264.12,4190.24,4867.31,3869.18,4290.68,4379.12,4196.17,4078.48,4250.3,4153.78,4369.86,4087.6,4494.26,4093.98,4263.49
753496,5289.11,4965.83,5130.8,4894.96,5362.39,5199.63,5265.61,5214.38,5119.32,5381.07,5651.24,4860.02,4608.95,5158.58,5009.65,4860.39,5393.09,5838.9,4696.23,5169.72,4831.45,5078.55,4791.32,4996.08
754636,5348.33,5405.33,5223.66,5533.98,4894.44,5302.37,5359.82,5595.02,5417.47,5474.29,5199.05,5269.49,5633.5,5055.96,5230.33,5237.75,5263.26,5469.31,5268.85,5374.04,5854.52,5656.57,5269.64,5349.39
755672,6561.53,6854.14,5983.15,6136.21,6207.13,6212.97,6437.91,6226.74,6194.47,6370.54,6306.78,6205.87,6245.05,6124.29,6812.03,6451.36,6787.95,6357.6,5740.79,6557.09,6358.1,5931.44,5932.94,5769.87
756676,4633.6,5008.01,4896.22,4686.27,5260.56,4446.57,4796.03,4985.74,4997.77,5017.8,4959.77,4832.21,4983.14,4720.77,4768.42,4708.49,5112.73,5115.04,4654.45,4733.04,5054.22,4881.32,5033.82,5205.52
757712,6097.14,6064.09,6195.24,6887.59,6430.99,6089.68,6783.02,6204.71,6000.77,6195.49,6362.66,6297.85,6408.6,6025.33,6417.44,6265.2,6363.0,6298.69,6710.32,6349.1,6648.86,6162.09,6494.75,6456.23
758796,298.37,288.03,295.88,283.51,303.55,278.28,315.09,293.63,301.15,287.37,303.58,317.77,293.92,284.64,304.38,298.91,283.34,276.65,293.18,304.61,286.8,303.94,292.06,284.91
764176,30169.95,29199.52,27823.67,29425.77,30888.48,29772.44,29123.52,27875.92,31218.53,29341.22,29828.92,28901.83,29700.32,31629.07,31651.28,30992.28,27457.87,29797.69,27484.12,29525.63,28421.01,29656.56,29319.45,31039.59
765193,8722.46,9052.85,9447.48,9069.75,8782.33,8839.3,8858.76,8648.46,8593.44,9504.15,8973.39,8840.76,9395.06,8676.08,9353.8,9474.8,8314.66,8641.35,9027.41,9597.02,8854.17,8260.23,9302.01,8466.73
766276,4523.49,4704.02,4690.87,4622.67,4183.46,4773.59,4694.54,4774.24,4561.49,4691.58,4687.56,4729.51,4583.44,4786.05,4581.84,4496.64,4696.47,4614.19,5004.55,4603.06,4400.47,4582.44,4793.81,4723.39
767372,5209.49,5470.26,5051.79,4986.27,5149.52,5313.25,5225.56,5039.56,5288.65,4941.64,5392.27,5244.97,5131.07,5277.26,5064.67,5214.35,5348.55,5051.86,4961.46,5143.53,5668.36,5335.79,5217.55,5188.47
768432,4654.43,4529.1,5024.93,4892.15,4435.89,5027.29,5027.48,4751.26,4826.05,5089.18,5232.02,4946.33,4574.59,4763.63,4885.3,5180.8,4553.14,4309.24,4962.78,5603.72,4681.31,4962.17,4802.94,4926.64
769472,4121.5,4162.36,4063.87,3753.34,4116.45,3924.98,3822.7,3829.87,4409.73,3805.35,4258.66,3691.95,3909.39,3794.13,4094.0,4006.13,4020.94,3951.02,4332.74,4051.77,3960.61,4091.99,3932.06,4441.92
770592,808.24,801.86,719.29,835.38,730.05,756.02,766.6,740.11,741.96,800.99,777.81,794.65,792.97,742.44,794.06,773.62,803.0,754.69,811.75,699.97,757.8,731.2,845.33,804.7
773516,12803.44,12526.19,11643.23,10751.56,11667.8,11669.71,12046.34,12961.87,12582.53,12230.26,11297.61,12031.23,11537.52,11994.18,13028.8,11692.34,11640.07,11865.09,11284.43,11816.74,13114.01,12260.07,12122.13,10939.28
774536,5328.46,5145.78,5156.95,5846.47,5243.43,5185.68,4972.24,5356.64,5303.07,5666.82,5684.52,5847.97,5251.18,5296.24,5030.03,5249.05,5142.34,5673.23,5380.46,5068.73,5372.69,5233.32,5109.02,5233.86
775815,5982.35,6628.44,7370.95,6915.98,6997.87,7040.57,6700.13,6262.98,6758.12,7055.53,7389.35,6935.1,6884.03,6587.07,6857.51,7062.34,6466.98,6386.03,7657.53,6476.33,6666.85,6639.36,6419.85,6611.87
776830,4556.74,4438.78,4800.34,5149.97,4495.1,4742.43,5059.39,4820.3,4657.24,4878.14,5107.78,4649.95,5045.69,4515.23,4639.87,5068.04,4784.8,4386.95,4821.44,4381.34,5163.02,4250.1,4481.17,4913.06
777895,4591.62,3891.07,4464.66,4384.9,4416.89,4889.3,4643.69,4472.68,4472.59,4494.89,4336.94,4200.5,4344.14,4675.93,4406.57,4234.77,4517.45,5202.7,4776.63,4433.36,4528.42,3997.02,4113.93,4634.3
778931,5591.6,5658.37,6101.22,5685.31,5413.36,6167.5,5303.1,5821.05,5629.08,4999.63,5718.34,6118.57,6019.36,5873.41,5571.65,5832.73,5419.18,5650.84,5780.68,5478.54,5557.01,5455.12,5635.31,5761.28
779970,4785.44,4231.94,4412.56,4849.17,4559.89,4348.53,4376.6,4620.27,4366.71,4087.1,4308.51,4780.72,4132.65,4484.33,4720.1,5073.43,4929.42,4599.58,4576.69,4688.15,4707.0,4855.13,4468.2,4856.24
780975,6317.46,5736.87,5186.5,5943.49,6079.49,6094.34,5709.27,5435.3,5331.59,5874.07,5545.17,5056.07,5484.97,5458.29,5605.6,5716.06,5437.31,5675.43,5773.72,5334.94,5577.02,5832.66,5662.09,5457.13
782030,5477.19,5687.76,5283.36,5454.01,5807.69,5981.21,5199.29,5733.39,5427.06,5937.98,5977.56,5517.68,5504.66,5526.35,5575.08,5206.43,5489.26,5463.67,5885.15,5272.92,5243.16,5556.31,5308.04,5743.22
783114,4812.85,4697.0,4461.83,5211.12,4741.86,5062.52,5363.74,4891.93,4984.47,4976.76,4822.65,4698.33,4604.1,4846.8,5162.8,5006.24,5070.14,4853.73,4851.72,5086.16,4857.17,4868.18,5370.01,4580.5
784230,5259.27,4929.93,5575.52,5210.64,5505.51,4995.44,5844.33,5194.3,5385.95,5275.55,5213.85,5690.21,5294.74,5122.32,5200.15,5460.93,5738.67,5243.95,5524.64,5259.87,5640.7,5177.44,5092.62,5327.99
785270,912.99,942.29,930.68,918.94,948.7,996.51,897.52,887.91,886.85,970.37,934.58,981.74,873.38,930.28,958.4,983.25,917.15,943.36,970.93,985.38,792.74,957.09,953.06,987.02
791054,2805.78,2888.93,2687.61,3049.59,2904.22,2917.65,2723.7,3161.3,2771.23,2938.12,3188.67,3052.65,3112.31,3048.28,2952.53,2886.77,3101.72,2904.48,2981.48,2825.26,2962.88,2848.72,2925.07,3014.26
792090,8103.71,8017.18,8594.94,9147.94,8619.19,8155.66,8879.73,8460.33,8902.15,9159.86,8596.49,8835.41,8611.24,8917.65,8858.33,8205.9,9357.43,8340.1,8270.92,8761.12,7601.65,8241.21,8800.72,8588.06
793170,2289.37,1896.27,2030.6,2280.59,2065.54,2228.41,2160.46,1961.56,2162.16,2234.82,2372.37,2104.85,2314.7,2117.94,2265.38,2109.44,2098.53,2138.58,1893.38,2068.84,2065.0,2166.9,2092.5,2223.11
794230,17101.66,20252.3,20486.79,18867.67,19327.53,19150.31,18958.54,18759.6,18588.18,18502.8,20903.08,17978.08,19497.51,16892.58,17635.9,19253.13,19633.21,18270.71,18917.82,18540.82,18861.4,17872.33,18811.79,18216.23
795234,4032.66,3594.1,3843.58,3913.36,3626.7,4215.34,3810.36,3995.63,3665.91,3797.62,3987.56,3852.75,3783.94,3864.2,4113.18,3824.96,3695.67,4387.94,3864.88,3807.21,3838.73,4288.75,4350.06,3609.52
796530,4410.56,4157.2,3957.6,4250.48,3943.28,3839.17,4244.88,4655.76,4254.76,4404.89,4527.53,4379.33,4107.47,4402.48,4261.33,4419.27,3975.87,3882.16,4233.27,4082.44,4495.95,4070.1,3837.17,4578.41
797610,2569.78,2453.52,2456.65,2445.95,2164.81,2367.95,2508.46,2292.4,2398.04,2386.86,2287.89,2305.83,2513.9,2543.71,2396.29,2572.82,2330.13,2388.46,2221.7,2662.76,2567.14,2443.83,2554.9,2361.43
798931,2849.56,2815.78,2791.05,2629.79,2700.6,2847.8,2881.78,2564.96,2706.48,2570.36,2709.05,2572.69,2617.1,2554.13,2609.97,2746.04,2801.62,2904.64,2757.5,2628.15,2668.8,2593.58,2729.47,2589.81
800274,3061.14,3425.47,3295.88,3095.08,3307.82,3287.05,3067.2,3260.12,3079.76,2948.08,3565.28,3035.94,3133.47,3017.09,3101.01,3318.92,2967.85,3243.08,3351.54,3233.6,3354.15,3130.85,3324.55,3021.68
801714,6775.11,6287.44,6247.15,6871.05,7021.67,6881.65,6516.62,6296.94,6680.49,6359.47,7007.84,7027.93,6211.92,5720.71,6302.25,6021.45,6761.95,6322.12,6278.19,6296.9,6922.57,6611.34,6518.31,6608.39
802834,5198.98,5103.43,5736.03,4887.08,5378.0,5468.03,5694.67,5708.95,5458.89,5541.97,5395.3,5138.43,5703.12,5241.74,5499.85,4973.57,5218.47,4951.77,5501.38,5126.59,5415.14,5253.01,5511.59,5110.28
803954,5825.27,6777.3,6170.3,6577.37,6485.51,5326.31,6176.0,6405.08,5883.42,6210.72,5787.79,6165.13,6198.15,5757.72,5869.25,6258.17,6567.71,6422.18,6250.44,5949.8,5395.68,6382.7,6200.7,6101.19
805154,1836.48,1869.19,1933.68,1821.75,1908.35,1895.79,1938.69,1943.65,1833.43,1837.3,2036.58,2048.1,1891.98,1860.23,1860.02,2040.79,2070.91,1884.39,2059.57,1960.4,1850.97,1836.76,1830.45,2071.76
806314,4590.66,4687.92,4517.43,4735.24,4353.82,4545.58,4358.79,4838.34,4355.14,4501.62,5085.43,4264.58,4466.25,4487.96,4306.45,4277.41,4249.2,4174.77,4474.64,4404.4,4582.11,4185.29,4714.39,4551.52
807328,5917.6,5846.01,6484.08,5513.96,5751.13,6305.0,5882.12,6393.47,5959.11,6026.16,5548.68,6206.44,5873.55,5576.97,6087.69,6182.27,6120.48,6106.92,6483.97,5747.09,6370.54,5759.98,6257.5,6745.41
808329,5695.82,6161.5,5966.99,5580.44,6141.82,6227.33,5861.21,5817.41,6149.64,6116.71,5499.43,5612.34,5717.1,6119.21,5535.71,5722.48,5772.08,6153.76,5935.29,6121.09,6004.5,5942.33,5608.33,6238.93
809471,4219.73,4555.18,4623.38,4396.85,4626.79,4645.06,4306.56,4399.07,4590.53,4194.93,4426.46,4487.02,4031.28,4045.19,4020.49,4571.49,4219.19,4705.33,4471.0,4428.46,4589.61,4722.03,4218.31,4137.79
810547,5914.47,6102.35,5928.77,5687.06,6050.51,5252.46,5730.81,5905.96,5980.34,5968.64,4930.43,5660.72,5684.17,5595.03,5770.38,5340.61,6037.07,5480.4,5687.26,5366.96,5826.26,5687.97,5492.2,5337.52
811672,6473.88,5906.25,6170.59,5974.74,5622.47,6207.82,6252.14,6639.45,6182.64,6303.12,6659.77,6338.09,6356.4,5593.18,5844.17,5992.32,5873.96,6086.06,5634.69,5986.28,5977.78,6164.71,6075.14,6521.51
812787,5362.71,5918.01,6392.45,5895.76,5598.43,5636.93,5907.84,5881.37,5528.67,6280.42,6165.13,5769.34,5765.12,5099.83,6206.79,5826.95,5739.75,6053.22,6000.93,5081.09,5623.73,5996.69,5751.7,5904.78
813876,5340.54,5612.88,5415.74,4770.54,5294.83,5505.48,4995.59,5338.13,5236.54,5012.65,4974.55,5343.44,4853.16,5655.03,5546.85,5055.62,5325.16,5173.84,5767.41,5489.22,5388.6,5398.22,5654.69,5676.69
814931,5199.79,5938.67,4995.64,5597.89,5199.69,5558.85,4902.57,5179.39,5759.01,4969.22,5656.11,5472.93,5098.52,5195.53,5293.34,4990.23,5231.24,5440.25,5134.36,5060.03,5471.21,5441.99,5014.31,5573.54
815932,318.99,305.4,287.44,285.08,313.52,288.69,310.79,314.21,272.18,294.38,298.71,310.35,271.35,299.54,304.46,286.78,296.1,281.94,305.75,317.02,315.06,300.72,261.32,282.25
821547,10875.22,10680.14,10184.83,9015.09,9788.11,10367.12,10930.28,10145.6,9683.07,9836.22,9945.21,10999.76,9914.38,10487.0,10522.27,10936.74,10756.63,10170.92,9760.59,10017.39,9066.13,10363.82,10798.31,10826.67
822592,16628.38,16227.61,16423.15,16084.79,15704.83,14624.36,13524.91,16129.1,15716.42,13897.28,15635.97,14716.03,15926.17,14535.17,15362.86,14096.96,15973.11,15769.33,15377.59,14797.75,14969.99,16594.82,15403.36,14951.84
824007,2352.36,2014.81,2299.13,2062.43,2226.1,2253.32,2363.65,2323.9,2342.82,2296.02,2016.07,2239.81,2238.96,2466.77,2182.58,2178.11,2204.27,2021.49,2311.51,2184.96,2162.92,2122.65,2173.08,2415.53
825027,2957.77,2975.56,2911.29,3027.73,3104.41,3100.47,3162.21,2645.87,3197.11,2992.65,3115.22,3244.32,3070.92,3255.39,3334.46,3181.81,3150.06,3207.96,3126.86,2729.85,3217.22,2955.83,3478.18,3180.54
826207,3191.75,3468.86,3183.09,3011.55,3366.47,3399.43,3310.84,3158.0,3314.96,3090.46,3254.58,3460.67,3487.65,3450.94,3129.84,3269.87,3310.92,3259.26,3446.49,3557.54,3067.31,3291.78,3298.08,2941.64
827467,5387.54,5425.72,5825.6,5811.47,6497.7,5712.79,5903.83,5432.12,6161.03,5702.28,5168.01,5742.23,5840.94,5644.43,5616.37,5991.53,5898.51,5445.21,5579.04,5920.04,5535.49,5742.05,5789.65,5537.49
828591,5201.46,5061.08,5664.18,5372.42,5443.89,5271.67,5216.27,5013.11,4874.91,5339.33,5640.5,5222.48,4822.8,5476.76,5003.96,5508.59,4849.71,4593.61,5399.51,4658.2,5046.04,4952.76,4802.04,5089.25
829751,7276.78,6586.76,6769.66,6391.59,7102.38,6123.32,6050.01,6528.56,6353.19,6888.81,6600.1,6434.32,6994.74,7019.36,6770.25,7506.39,6599.2,6467.69,6684.01,6483.64,6835.05,6654.99,7065.63,6366.72
830771,4713.05,4497.55,4483.5,4434.48,4465.12,4593.79,4504.0,4473.97,4640.24,4366.74,4623.1,4639.3,4571.71,4287.53,4308.2,4320.02,4655.23,4803.64,4482.53,4708.93,4489.12,4393.48,4484.32,4235.67
831791,5784.09,5121.89,5589.14,5688.39,5099.89,5567.49,5268.42,5848.53,5771.59,5726.2,5678.64,5014.04,6158.24,5569.89,5363.03,6533.28,5652.07,5346.85,5721.57,5574.44,5881.26,6010.61,5538.13,5680.33
832853,3912.75,3806.56,4183.73,4064.71,3813.62,3963.56,4232.88,3923.97,3606.17,3776.98,4166.76,4044.18,4130.26,3841.68,3940.85,4089.87,3807.21,3583.61,4097.67,3682.98,3939.67,4124.08,4147.46,3697.3
833886,4694.48,4952.81,4606.06,4698.27,4856.13,4432.55,3963.36,4473.31,4371.57,4469.41,4713.12,4406.68,4748.26,4504.14,4535.43,4417.87,4297.35,4978.29,4702.28,4238.0,4664.45,4102.92,4259.32,4476.08
834905,134.54,131.31,134.82,121.65,125.16,125.04,131.72,126.76,138.15,121.79,124.44,136.04,132.16,123.27,127.01,128.36,140.19,137.57,137.49,120.32,122.5,138.33,135.93,129.73
857430,1885.25,1990.5,1909.75,1990.58,1868.44,2134.58,1953.83,1902.62,1836.21,1963.49,2139.14,2133.37,1962.93,2097.76,1875.7,1937.83,2169.61,2129.02,2099.23,2053.7,2015.99,1929.01,1830.1,2037.58
858569,3021.52,3113.36,2836.98,2995.14,2843.04,2830.85,3017.39,2837.98,3014.67,2852.36,2934.64,2708.75,2870.14,2763.05,3065.76,2708.38,2979.16,2707.67,2702.4,2874.92,3122.94,3055.34,2764.2,2898.79
859669,3031.07,2892.61,3163.68,3076.77,2716.8,3002.74,2773.81,3200.58,3159.76,2929.82,2955.67,3284.94,3140.67,2838.57,2984.15,2939.15,3031.2,2916.33,2961.54,2863.08,3167.45,3006.77,2757.01,2759.88
860868,4653.4,5236.22,4942.51,4742.46,4810.25,4615.02,4798.66,5090.82,4873.25,4786.44,3972.63,4395.21,4337.82,5114.57,4491.77,4478.1,4574.82,4567.43,4813.15,5105.32,4613.29,4974.42,4574.65,4690.86
862127,5597.41,5207.46,4980.66,5575.78,5693.13,5135.26,5441.52,5568.41,5024.16,5748.28,5646.65,5053.42,5769.56,5285.15,5239.84,5025.43,5519.95,5203.87,5136.46,5303.08,5470.38,4981.69,5370.32,5558.43
863311,5023.7,5002.75,5312.22,4779.19,5349.78,4691.67,5278.8,5451.68,5743.94,5404.06,5283.27,5312.66,5426.8,4857.15,4748.98,5154.14,4978.09,4776.4,5431.89,4838.1,5142.12,4920.49,5285.22,5224.65
864387,5519.06,5118.49,5667.59,5416.72,4745.29,5044.89,5237.09,5134.71,5028.96,5238.01,5389.36,5022.14,5389.55,5067.49,5357.57,5381.8,5618.96,4430.14,5087.04,5359.76,5129.95,5471.1,5408.89,5182.77
865448,5977.48,6005.72,5408.33,5790.68,6102.25,5629.5,6139.31,5745.52,5972.34,5499.18,6110.87,6021.35,5785.33,5802.49,6214.37,5355.62,6135.29,5854.01,5656.98,6493.9,5815.23,5914.88,6331.8,5729.4
866463,3573.41,3513.36,3829.33,3365.02,3618.84,3437.0,3458.02,3322.86,3635.06,3400.62,3626.68,3881.61,3487.48,3658.32,3455.65,3707.24,3417.44,3571.49,3649.47,3633.48,3568.17,3669.63,3629.22,3676.26
867483,3074.9,3206.51,3231.58,3342.29,2973.85,3211.32,2923.3,3082.57,3110.91,3156.78,3187.74,3220.25,3307.37,2967.9,3153.83,3244.62,3329.28,2984.14,3131.79,3126.36,2930.14,3268.23,3124.02,3164.62
868507,2188.98,2477.69,2534.58,2491.11,2473.08,2408.14,2291.73,2308.69,2542.34,2479.08,2415.04,2380.79,2326.84,2302.4,2507.17,2500.63,2165.6,2324.39,2248.04,2379.59,2399.48,2228.51,2310.71,2302.71
869872,2202.98,2391.06,2442.89,2382.52,2580.52,2498.98,2560.56,2435.58,2266.39,2325.24,2415.82,2618.91,2350.1,2269.36,2328.91,2448.4,2484.78,2418.26,2374.05,2557.66,2524.55,2592.19,2403.55,2788.17
