0,40217.77,43764.78,41321.55,40570.09,46256.11,47132.14,40959.1,42924.92,43701.35,45218.85,45342.74,46791.18,45252.69,47598.94,44592.24,45230.01,44065.19,46558.34,46413.77,46010.5,44024.2,48164.33,42187.98,44667.28
1020,1877.77,1945.28,1931.53,1944.59,2009.33,2105.96,2036.96,1886.9,1977.92,2086.98,1947.48,1884.39,1975.66,1957.11,1976.01,1875.62,1999.25,1934.29,1898.38,1739.67,2096.01,1906.33,2058.42,1992.93
3811,125391.16,128068.97,135084.15,127664.2,135279.1,124147.76,130818.37,123664.57,144542.99,131718.32,142523.43,120214.74,132010.55,135029.47,128160.62,130081.11,124512.23,131354.93,124522.64,125659.42,123126.8,137044.18,130546.26,121018.49
4823,83469.0,83833.84,81099.32,70210.76,74034.8,75236.88,75699.07,75960.48,71799.62,76513.82,83624.91,78012.52,77084.24,81485.55,82737.07,75545.94,86699.66,80131.63,76315.52,78425.25,70835.33,78142.19,81307.47,80456.73
5830,79423.08,83913.61,83070.59,81752.85,85043.59,82787.16,79951.51,77341.81,75640.98,79476.03,82564.43,87185.98,77234.5,85658.8,86863.28,84088.34,83804.86,78187.35,81804.16,85793.01,79568.98,81656.86,81156.76,78579.37
6834,86189.46,83336.41,84315.79,82263.5,78287.15,77214.1,82908.17,87035.89,89217.55,80560.15,87613.77,85815.54,82529.59,81862.4,86534.06,81493.75,84285.97,80470.4,83629.59,89408.69,81157.08,83807.54,78727.2,79755.22
7841,88487.03,87649.18,95780.94,87802.62,84086.44,79884.06,86576.32,85038.79,89483.25,97063.32,91292.39,83669.63,87534.5,85889.26,88951.43,79598.07,88890.43,80771.78,86670.05,92539.86,84013.54,89557.58,87204.7,83081.61
8853,68334.01,72775.2,69606.96,72145.24,71220.61,74199.07,76107.4,69121.03,74456.95,68610.18,79585.05,72290.49,75444.04,72452.1,71835.6,70956.93,73339.32,74621.01,70376.83,69051.42,74812.84,73443.76,72925.29,73406.01
9854,91650.16,92249.74,84707.09,80773.65,83069.73,93542.46,89958.2,85703.5,86526.12,92423.34,85535.95,91861.03,84317.48,92629.46,84850.61,87827.71,87091.13,93942.27,84155.1,92784.79,81478.16,90793.71,78723.95,82038.62
10861,69608.15,73207.76,69871.83,70518.8,73199.25,71790.83,66726.58,74509.77,70120.11,69598.64,69862.26,69061.13,70892.87,70305.16,68235.3,66255.4,69719.21,66393.05,69826.04,69430.77,66546.79,70624.0,66171.64,72461.38
11873,80173.94,77068.38,76897.52,77023.31,70034.97,74857.77,79399.07,81157.72,77520.22,81598.04,78798.43,75756.38,74053.64,75852.91,78996.09,78286.04,80405.28,79441.73,85341.98,74431.44,76538.59,76345.65,77302.43,81769.69
12886,68878.85,67191.25,69719.26,79312.56,70194.29,73075.4,75751.84,70112.03,71833.9,69661.23,65563.24,72041.76,74378.97,69257.05,69574.24,66532.05,66719.23,73277.23,67899.75,74329.79,66124.93,69770.15,70793.27,66309.02
13897,90512.91,85401.2,91785.39,97328.62,83605.58,85694.82,83654.67,88639.21,85295.28,96996.58,90900.34,87336.68,86962.53,88181.13,93896.12,86684.22,96197.58,85467.97,95149.3,85932.17,88051.7,91314.52,93601.71,92760.42
14917,93987.15,103868.07,99240.88,99179.51,92610.98,97680.61,97430.27,103681.17,104946.95,97946.36,103271.94,98387.07,89851.69,97855.59,99282.2,116123.0,98009.91,111250.99,102659.11,103561.27,92703.01,100174.02,96407.66,102942.07
15918,39054.18,41100.66,42453.86,38648.66,38675.82,39821.68,40951.27,41845.72,41941.53,39161.07,37157.12,39868.77,37180.91,38623.37,38908.76,41800.97,40690.89,41971.2,39506.35,39567.02,38410.27,38936.37,42460.59,36525.59
16925,61593.92,61950.2,65197.03,69590.87,66975.34,66282.06,66691.88,71414.12,68701.99,59865.82,64198.04,69280.5,65302.84,66706.05,65157.8,67008.4,66734.98,65536.25,59677.87,72023.34,63910.28,71385.27,70262.03,66358.86
17938,60653.78,70002.85,64708.9,63893.11,63885.7,61168.63,61983.93,59704.65,66389.93,66302.97,58192.82,61254.98,64440.53,64927.39,63767.41,61471.09,66243.6,65652.44,65175.11,60116.25,61131.4,61044.87,62451.92,58603.41
18942,58449.49,65038.39,61245.56,59093.1,60452.05,58247.95,54008.33,59274.55,64758.8,61251.7,67260.97,57794.01,61211.07,58633.05,54154.53,62471.11,55119.46,63440.6,59542.02,59563.41,58464.68,59604.94,61585.64,58112.84
19945,47451.2,52274.54,46303.48,52179.03,53745.7,48802.57,42465.98,50986.99,48573.14,49672.26,44205.85,51402.88,52134.01,50493.53,44523.53,53445.4,47446.96,51544.32,50838.36,50066.85,50430.26,48998.96,48424.51,52273.49
20949,51635.24,51661.79,51875.17,52309.8,53208.93,51094.55,54245.94,50618.22,49820.41,52771.75,54176.99,51759.52,53961.14,58139.77,49138.85,54089.41,48408.19,52837.83,50231.11,51193.89,52472.19,52205.37,50419.86,48801.97
21957,69234.21,71816.36,69604.96,68015.91,67947.37,74103.77,71261.78,71915.69,66844.82,71668.9,68404.26,74784.49,74973.12,70190.84,73444.32,67034.41,78104.0,75369.6,72328.04,67003.93,71126.84,73409.56,71479.11,72700.51
22958,37939.08,36574.44,39430.41,34816.1,36222.4,36744.73,34934.95,38225.73,36941.54,36253.67,38828.67,39231.9,41025.14,36109.4,34943.59,38002.11,37592.7,36413.99,39375.77,37559.72,39164.53,36962.93,36265.96,37375.01
24029,13980.09,14304.3,15160.44,13846.52,15077.13,15157.58,14905.95,15451.34,15427.63,15434.4,13997.24,14897.87,14758.43,14504.93,15379.45,14715.93,14276.49,15144.58,15108.56,14865.47,15860.88,15123.38,16062.68,13975.68
25042,41736.49,41822.71,43769.73,42118.66,38683.18,36994.37,39892.1,43253.35,41709.38,41109.2,38327.01,39104.19,39089.14,38973.48,37955.09,46419.13,43230.12,43342.64,43016.01,39036.11,44930.22,41496.69,43719.75,38913.26
26049,59117.22,59856.92,66525.42,63634.45,63861.56,62809.06,60662.99,61294.78,61021.43,63212.24,62065.19,61647.78,58047.54,64546.33,60056.49,61310.44,61101.35,66043.92,58516.19,65368.39,62463.84,60706.44,62936.58,62865.39
27054,54689.64,55047.49,49049.95,52454.66,46815.92,52520.35,54993.35,47790.02,48374.55,49368.5,46604.32,51136.9,49894.09,49593.21,53603.27,49467.73,46439.71,51984.8,44111.41,47613.61,47574.96,51714.13,50209.82,47524.89
28062,61260.63,54633.81,59479.55,53874.46,57035.33,57253.39,58425.34,56344.03,59137.94,51723.11,61459.04,57939.8,59047.45,60596.61,58110.33,60100.18,57556.43,63053.1,56368.71,59220.81,61873.52,55583.94,56148.59,58146.51
29073,50640.49,49365.19,45995.53,47851.27,50442.11,48845.94,45922.79,43925.43,48397.0,52014.75,48670.63,48053.65,45093.55,42906.45,48676.63,44368.03,48253.62,48355.82,44762.71,47765.96,46165.56,46457.35,47235.87,45490.38
30081,76434.94,78661.28,79425.3,74064.37,73390.57,66182.98,75767.02,80696.08,76451.64,77209.25,74127.17,74817.43,77648.4,80357.04,76269.7,75559.8,79102.16,73259.16,74213.67,71892.11,77391.81,74832.61,79657.43,76603.06
31085,99238.93,91697.51,97718.96,95036.52,105824.11,92787.94,103280.63,102856.23,97960.19,93622.32,92456.55,83525.87,90217.35,95820.29,95608.97,95473.12,91133.08,93251.31,94868.83,101152.99,94312.24,103281.57,95809.03,98485.67
32086,86167.57,83564.41,77889.15,91329.73,85919.98,81169.09,92459.5,83367.82,89836.94,91156.94,79916.86,86163.01,86688.92,89255.89,82507.74,85928.3,75979.97,84677.1,82650.99,90942.38,83323.64,85685.13,80966.03,78310.71
33093,71101.61,71037.61,68327.19,70260.1,72694.09,69897.25,73066.27,70913.94,76029.78,67056.29,68049.45,59942.64,68041.73,66990.09,63894.72,64154.38,66188.79,64086.17,65672.11,65459.65,68534.27,70644.33,72077.51,66893.7
34098,73511.1,74802.23,72616.88,75268.56,71999.98,66737.83,75281.42,76460.25,75365.53,74749.88,76393.26,74222.21,73752.18,75443.92,77081.64,74291.63,73525.2,75960.78,75175.4,78106.32,74616.63,73549.88,73731.64,68806.83
35106,43629.02,46056.28,46260.11,41580.66,40987.52,46477.38,46065.39,47724.92,42612.71,45294.83,44307.67,41693.5,42557.97,42405.44,48481.6,43740.24,42709.72,40293.71,42882.53,43884.33,42134.11,43352.76,43546.6,42642.46
36117,58611.6,59276.78,56208.97,53887.01,54123.93,55581.11,57145.13,53902.46,54274.27,56777.86,52553.28,60635.84,62809.02,56280.98,57959.48,58942.61,56627.48,63425.72,56054.67,55718.28,56569.1,60479.09,56902.34,52976.8
37118,47315.35,45226.2,52548.32,51563.48,52612.14,48137.3,52097.93,49682.42,54296.73,48368.56,49208.13,49828.14,47977.67,49734.62,47049.82,49071.15,48782.2,47874.21,51640.24,50867.96,46931.27,47995.6,54205.88,53622.44
38237,70407.77,69997.7,75127.28,68054.64,73367.49,68168.66,70293.94,64312.97,70128.14,66370.37,71012.4,69942.22,69794.9,62880.0,72417.03,74767.19,70273.77,71286.88,74742.57,73008.16,76396.2,73581.07,74697.23,66440.66
39246,52255.26,57642.76,54255.17,59175.37,53899.53,56829.35,60753.97,58708.4,56458.64,52923.46,62087.77,56803.72,57052.38,62477.02,60244.39,62984.24,55840.93,56068.86,60645.82,57606.89,57248.67,58144.21,57558.3,51329.26
40250,42565.85,40642.46,40350.68,41974.13,44346.57,42190.93,36691.14,42112.37,43738.04,42105.71,44782.69,41220.66,40506.16,42685.97,38113.87,45171.42,41825.03,41628.21,40515.83,46757.27,43860.58,44783.94,43879.92,43703.16
41257,50918.26,58291.48,50943.77,55891.57,45493.13,54802.86,54965.92,53845.15,48513.73,53044.91,57379.0,50850.36,50957.7,49112.92,50427.01,47465.85,53122.55,56622.39,47549.01,52587.37,50190.18,50366.92,51344.18,54688.58
42269,63968.07,66523.93,64883.67,71751.65,71619.91,62715.4,66456.43,61614.7,63887.74,64234.09,69983.02,70287.96,64573.16,65272.27,66189.61,65505.37,69226.91,65125.1,59264.17,70818.54,71470.67,66981.11,62669.31,60387.21
43289,71297.74,70058.29,73266.07,72267.48,73604.68,74237.1,65829.58,69472.21,65516.66,68284.55,71251.81,66140.48,67805.73,72144.96,73239.2,74110.79,71686.76,71795.59,72149.83,73008.19,73302.13,66957.81,62960.48,64725.61
44302,59314.21,58111.54,58563.54,58795.36,58211.47,63871.8,54139.7,59734.41,60353.97,66049.19,58614.45,62534.28,60596.89,58780.03,59499.96,65032.06,52802.86,54741.68,58032.69,60150.37,64578.26,62214.74,57561.49,61962.94
45309,69357.72,69628.38,71725.47,68603.32,62461.13,68639.73,76628.56,66349.19,62518.0,67402.55,73025.57,67017.06,64190.67,67494.42,71189.5,73044.65,71285.1,68002.49,65377.6,69361.48,68606.61,73080.47,69368.05,74208.37
46321,67632.95,62071.12,64452.03,67454.29,66862.06,62350.67,63238.24,67295.75,63058.46,66256.78,69574.33,58151.43,61213.04,61145.93,63252.2,62262.84,67040.26,65238.29,60468.99,65193.79,66110.27,64104.63,66548.62,66563.31
47349,72547.04,71074.19,70239.44,70284.56,71546.57,70959.92,74778.55,73806.27,64609.66,76584.51,69894.6,76233.07,66265.91,73124.68,71055.49,67870.14,75229.49,71214.62,69292.44,70386.14,72241.48,77433.26,77172.15,76403.34
48354,27064.65,25508.04,27454.82,25397.05,27966.88,25429.77,28889.77,24483.65,27291.64,28721.1,26038.48,25465.32,27215.8,27203.51,27015.39,25200.59,26730.4,26106.11,25206.37,25902.66,27537.7,24659.99,27211.74,26509.93
49361,28755.27,29600.21,28608.23,24893.88,24521.92,26753.89,27275.06,26897.96,24804.65,27834.42,26089.56,26755.99,25876.53,22307.57,24257.64,26649.27,26764.95,24959.48,27762.17,26477.77,25710.48,26086.44,23900.56,25026.46
50381,33419.82,35875.73,33777.42,30414.45,32453.77,36003.4,35134.74,34212.39,33532.71,33337.56,33167.33,33648.51,31009.16,33219.72,31982.65,31649.0,32948.72,32737.32,28767.95,33436.56,34205.51,30980.85,29882.14,32623.76
51393,48483.92,49837.8,48633.46,53514.77,50044.37,47673.79,50806.53,49415.27,46607.93,55103.99,52539.48,51050.01,48448.88,49004.73,53883.18,48205.79,54234.24,50037.34,53698.83,51394.1,51163.29,52477.02,51191.39,51556.02
52406,55137.39,59400.02,57211.86,53738.41,52385.08,51777.34,61348.68,60467.74,57861.91,55147.79,57016.57,56725.87,55733.25,54758.99,52459.49,60585.92,57884.16,54225.74,55728.2,56531.48,53285.26,51396.23,57976.12,57606.61
53413,53177.75,51876.35,50386.72,53014.58,51210.48,49748.85,49108.88,52394.83,50037.82,55987.94,52755.44,53364.21,53192.98,51340.57,49813.42,52901.58,48476.84,52447.28,51040.75,48336.8,50915.51,44983.73,45859.78,51674.54
54414,62540.56,67860.9,64349.25,65180.05,62474.16,63654.82,69410.82,58437.92,61588.69,69578.57,64141.65,64258.27,67559.47,60417.85,63836.5,67926.03,64883.59,66539.91,63355.56,66121.37,66130.09,61310.33,66307.47,69845.73
55425,56287.03,50550.23,60977.49,55973.89,55835.01,56151.19,56282.43,55367.46,57247.56,59981.64,58168.52,57204.67,55601.82,57107.02,55221.7,57839.07,57661.63,56801.8,56363.68,57942.33,54715.49,57953.15,57227.24,53928.62
56434,75042.66,79888.78,72152.9,69938.31,74770.22,73231.21,72781.19,76646.37,73106.36,77062.1,73826.69,72879.74,80797.76,81007.89,82751.2,85315.5,77504.86,83065.05,77012.4,78852.47,81386.58,75045.25,72115.34,69485.15
57437,60802.09,55132.01,53754.84,58306.34,57653.38,64998.95,63684.49,60733.32,56961.37,51811.08,58743.13,59704.79,51779.45,59962.6,61284.06,55889.24,57668.84,59664.85,62658.58,59808.51,57030.23,61568.8,59197.47,62616.8
58445,68020.75,58568.03,54125.84,57324.1,60126.41,63246.68,58387.8,60930.69,60435.59,62825.09,62047.04,55145.3,60791.94,65271.77,59137.33,59583.84,56667.19,56054.94,61563.22,62133.6,60662.02,57707.84,60460.69,61683.79
59458,58021.47,53854.32,53983.24,62668.41,55556.82,57296.62,58746.22,52415.38,50999.17,52329.13,59039.43,53193.21,53360.66,56674.63,55387.84,57294.89,56118.6,56710.3,56301.06,58843.64,55643.8,54709.15,56865.84,59589.76
60578,65712.45,69886.76,67892.48,64099.56,67949.24,70114.84,71184.82,64346.16,69706.32,63809.1,68144.7,68606.23,72595.72,65206.43,64690.03,70644.35,69039.78,64261.95,62011.07,66577.69,70696.33,69423.5,68207.13,66779.26
61590,66163.4,69580.92,67529.81,65888.57,68437.51,72663.1,62107.09,66826.28,67162.31,70345.18,64755.38,71310.81,67743.27,68054.54,65697.9,66744.75,68426.7,62987.78,68990.92,67365.58,67962.97,67099.47,69951.38,62743.21
62637,73040.27,75992.43,74455.71,75762.18,71302.28,79086.87,77636.39,76533.6,73096.4,71480.91,75182.51,71541.1,79067.83,79883.23,76580.18,74599.09,69785.19,76213.38,79569.11,67876.7,75822.47,74363.52,73127.74,82639.68
63641,58991.93,65619.82,61312.49,58892.14,66202.8,59335.04,59765.31,54347.19,55375.52,69964.43,64344.97,63212.78,58473.9,58016.15,60104.37,61974.55,62547.93,61110.59,64500.04,58292.78,65052.47,56688.15,61481.4,65219.25
64708,74361.64,71448.36,78840.24,77410.34,77604.63,80575.0,77214.47,74800.13,75949.67,79898.39,76041.91,83226.73,79745.03,76255.41,83687.84,72732.58,70429.66,75432.44,81182.51,75584.94,76707.02,73064.86,75773.5,79541.71
65721,67612.64,65704.76,71406.13,69329.37,65270.81,68003.44,69105.44,68330.62,68479.09,69289.67,70979.07,70431.22,65809.84,66730.54,68113.35,68295.04,68349.61,69136.05,68876.26,70293.14,70386.97,67212.93,67479.36,69628.63
66729,79829.27,81717.23,89982.73,80290.94,87908.14,79009.38,87392.97,79389.76,74184.81,82395.04,89826.98,83741.27,74383.29,79457.94,76194.01,88692.89,83037.04,78265.33,75836.4,74183.06,76846.39,79375.44,83894.97,78606.69
67741,68082.54,70554.97,69411.39,74099.26,68216.17,77024.22,71928.37,68711.48,68782.02,69652.19,65374.01,69300.11,74442.86,73090.12,71452.96,73009.88,75138.14,76876.49,70087.28,70348.86,69082.58,63717.12,67174.08,60331.94
68753,75253.54,76675.57,72374.25,80580.66,69935.55,73523.4,79135.04,74927.63,75568.6,79790.39,69123.2,69370.44,80504.8,70564.21,75944.7,80020.05,76050.77,76716.33,82238.89,75484.27,76773.08,70737.27,79892.51,73552.3
69772,70702.89,82951.61,73096.46,70922.71,71872.68,72477.17,77000.25,76374.19,74021.69,79971.24,77323.38,71968.68,80530.47,69988.88,78069.84,75780.68,73955.0,74773.12,73046.19,72404.28,72752.84,70840.73,73927.65,77824.42
70780,92796.69,91348.13,86024.64,101050.47,91273.46,92588.9,84428.83,91124.17,101076.85,90101.54,91068.66,92056.76,87111.12,99852.16,91138.72,88384.88,90407.45,87795.32,94837.05,84501.24,100030.88,84690.39,101064.37,99675.57
71792,81755.8,82891.89,81845.24,83738.11,85514.73,77137.4,85704.03,80907.32,85034.44,86243.36,82440.24,70901.09,80580.62,84554.67,89082.31,81530.53,82905.86,86522.11,82843.59,80484.12,81652.81,84620.94,90045.7,80328.66
72793,82013.44,80084.84,85225.06,80486.28,72768.3,80308.52,82363.84,86075.53,75624.3,92249.52,78507.5,79563.77,71969.92,78752.06,78234.44,82974.65,80948.57,78868.58,79541.27,78896.17,87497.3,79737.15,83074.77,79934.98
73805,110726.8,101511.23,99423.5,100752.59,107467.0,96395.42,97690.47,94013.84,93402.07,90694.34,99742.99,99923.11,102541.58,103137.44,100982.47,95253.82,99312.67,89945.65,106546.21,101749.59,93847.32,102472.41,92255.08,105418.96
74812,81759.47,80511.29,79967.28,80948.49,78667.85,75005.8,82506.46,83918.85,81214.25,83018.6,77834.74,73016.98,84789.53,81366.81,72524.85,82077.38,77035.17,80648.45,76311.1,76743.47,79531.11,80990.84,72198.2,72476.67
75816,77448.95,77677.03,75256.84,80518.09,78172.55,72474.64,76294.64,82644.92,76207.32,74186.58,75848.4,76736.92,81061.88,76385.49,73683.31,74429.49,78484.51,77282.13,76945.9,80890.51,71848.61,69480.5,71916.25,83059.45
76944,86748.71,96170.7,82516.1,88546.38,89212.48,81641.24,86481.65,88599.23,87682.8,90414.07,92876.39,86662.41,86424.83,78293.16,88015.36,86520.96,82727.71,78771.28,91909.44,81938.91,86139.43,91338.34,83923.23,93334.53
77956,79270.28,71316.47,70992.44,71361.95,72810.17,82781.3,74482.98,77472.0,74873.9,85417.37,71343.39,74987.1,70533.52,80298.11,79451.78,78156.47,80779.76,79019.35,73198.22,79399.43,79905.78,75103.18,74178.61,75694.47
78957,92834.74,94016.47,92103.01,81709.54,89236.57,82683.01,87455.88,96220.89,84775.16,94248.54,83931.72,92604.27,82428.97,91699.7,87118.68,87133.94,81185.73,88953.08,90309.41,78117.2,93720.09,99755.81,93182.55,85060.59
79968,75477.27,72378.91,76290.29,77494.61,79020.64,77000.21,77643.47,70935.76,72548.43,75202.15,75829.43,78166.91,85962.87,71653.24,77054.76,82838.88,81189.47,78333.57,75755.79,72560.38,77675.01,80682.01,73430.17,82598.07
80976,90650.22,82389.01,86876.46,91288.55,86758.68,77523.67,85962.13,84931.75,78044.78,78631.72,78189.42,77808.84,81921.28,76738.6,79266.56,81937.37,81946.51,79285.46,85985.96,80370.79,85006.13,76274.14,75711.56,88799.81
82056,102816.31,112696.0,102808.37,103183.48,92510.21,103496.36,110183.04,98199.01,112495.68,106363.65,97552.42,103478.43,112881.26,113002.01,105898.39,92240.07,107014.6,98722.17,110680.87,106230.56,108650.43,110597.94,99981.27,107371.33
83060,87978.72,89732.22,81559.3,86212.03,82000.07,87027.6,79589.71,79915.36,92615.63,82969.61,84065.92,78001.05,77492.69,84537.39,85524.65,86664.19,80464.13,86667.6,82429.54,82646.42,77489.15,83147.45,88018.15,83946.18
84068,93140.53,95833.16,86152.42,95350.8,83721.98,94977.48,90385.02,94328.22,85945.44,83207.16,92928.74,94635.8,91266.68,83464.62,97080.09,90895.82,92895.75,90269.29,83345.55,101876.73,101779.73,88022.0,92939.36,88079.11
85081,107623.88,95861.17,104635.01,105984.23,102233.71,99164.89,109351.73,94970.22,101013.38,105107.71,99093.57,104133.16,101611.81,107985.92,101979.08,101563.63,104101.18,103167.07,104878.71,93611.03,103468.69,104532.43,101719.33,99262.11
86088,49985.87,45091.02,45572.38,43024.24,43804.54,44829.35,51052.08,45630.68,46972.61,48585.56,44421.73,46778.43,47519.92,45936.97,43150.18,47205.63,45833.01,45344.99,40561.09,47375.87,43658.57,48811.29,47482.95,46394.3
87092,91110.41,87563.76,92467.75,94645.44,102960.21,87028.21,97055.36,93179.68,88903.15,93769.02,91958.55,99608.63,83511.49,93885.02,103911.88,90206.09,90796.42,97869.02,90879.63,96071.93,87370.29,92591.11,105544.45,97693.77
88093,59154.34,62305.65,56450.41,61247.31,62943.27,57244.95,63441.78,63786.96,62864.23,60082.17,62164.24,63728.42,58134.69,67246.15,56422.03,56926.12,57557.44,61996.39,59633.31,57834.73,60532.86,55421.69,63304.44,61425.63
89101,65501.54,62340.04,65088.21,65688.46,62283.28,63790.3,59759.77,66222.0,59504.36,63161.0,70758.87,61981.38,67145.94,65064.93,57648.15,64591.3,64528.86,59538.16,65483.22,62027.12,63281.59,63967.25,68797.5,61452.15
90112,104276.95,100136.69,100664.03,91351.51,94364.76,94193.4,94426.31,92716.72,101057.35,99951.68,101790.58,96139.22,103889.12,107252.72,93411.36,94322.07,99810.63,92926.99,95152.93,99978.19,102400.28,102796.76,95533.48,96725.01
91120,84402.72,93915.47,89809.07,100615.82,95352.23,92342.84,89802.33,89664.2,84519.6,90440.77,84996.72,99088.53,98543.29,98238.21,97188.18,86526.83,92575.0,89209.21,96726.09,91702.35,87793.22,94460.57,94951.83,98133.02
92136,99538.12,103971.78,102346.86,105037.1,98399.17,104072.46,104173.36,95940.07,106774.17,96877.83,95155.05,103892.67,109611.34,102923.1,109753.28,96629.86,101078.87,105179.56,102226.66,108024.96,97666.23,104085.26,110322.73,110730.98
93137,97856.63,90311.79,89091.09,96684.1,89442.03,95680.74,91048.25,91091.36,89606.17,90384.52,91948.86,93221.68,99198.06,93002.25,88063.29,94654.58,84158.9,102476.12,89015.6,88553.2,96312.22,93555.36,85448.18,87253.88
94144,99413.81,92168.53,95014.6,91517.09,89662.08,96398.96,90982.49,91251.38,95350.52,91944.26,95478.15,93298.19,97299.13,95236.18,95948.85,89491.4,93703.15,97186.42,96949.4,91907.2,93805.97,99128.4,91233.81,91757.76
95164,115936.03,110501.65,109432.18,109501.58,109238.69,105580.77,112501.35,113252.0,110483.36,106127.85,113686.75,103996.44,116479.21,104206.09,115947.16,114106.79,112201.08,103289.24,104152.88,112484.45,118619.09,112835.92,109822.89,104794.59
96177,74248.99,84238.1,86177.1,81929.56,79772.05,90129.44,82533.0,82540.05,77364.59,82521.58,77924.25,80305.91,81564.02,83240.18,81750.41,73850.02,92986.26,89843.34,81185.28,91743.54,88120.5,86544.02,88222.95,82674.99
97193,96911.95,87039.35,90159.65,96916.92,81745.25,88892.58,88476.0,86112.08,82259.25,93155.76,88135.13,86872.41,86104.95,82797.95,87277.84,90139.36,92076.8,89744.63,86791.48,92967.74,92075.58,84364.37,85150.58,86541.39
98196,87530.42,98247.85,89269.2,92193.28,89621.41,97232.69,91585.97,91308.06,92095.49,97277.49,91569.05,91045.31,90300.03,88624.9,99971.03,90480.12,93149.3,96523.13,92789.74,91792.54,89523.61,92789.15,86919.77,93310.42
99197,73872.08,69522.36,75752.64,73114.98,74767.03,78707.56,66933.1,77445.46,68586.04,75809.68,74896.24,77411.65,75237.55,74361.46,78668.67,74954.09,77136.08,70438.94,78943.78,70689.28,76732.94,72430.64,79372.44,70839.34
100209,85010.79,87219.5,84355.81,83442.68,80618.91,88059.87,89818.39,89005.11,89990.66,86770.58,80032.63,88443.77,80411.67,86625.24,79366.0,93407.02,83850.17,81512.46,93451.62,85998.63,84458.0,88026.52,83485.15,87336.97
101228,86020.98,75349.14,86916.0,87947.09,80397.27,88844.07,80009.38,83111.44,82991.05,80367.43,96212.46,92261.67,90539.85,92396.72,83326.47,79313.64,86157.11,90510.76,80164.45,89959.07,88802.86,83058.45,87552.43,92488.14
102236,99594.57,89745.65,93436.33,94140.67,86302.37,98145.36,87285.14,96959.05,96078.31,100702.19,88827.46,94882.27,97428.25,96146.84,90358.4,90376.04,93037.63,88263.45,92164.8,92154.02,98901.23,97861.64,87679.3,92031.39
103248,97281.94,93862.16,97114.84,96590.92,86127.07,99385.97,96295.25,92679.08,92521.59,93485.45,105792.18,102260.8,95908.97,90367.74,98643.74,101680.08,82750.38,103638.22,102398.22,95397.65,102466.16,93049.78,95935.34,101335.6
104260,79201.17,81498.16,83041.66,87373.65,83711.69,91963.95,91308.16,85598.69,87502.03,81544.71,90915.29,87919.99,77597.22,85510.79,82948.25,83212.95,92245.55,83138.95,82513.67,83375.42,84664.01,85327.74,81571.43,83582.21
105268,90182.27,86314.74,91598.52,85660.04,83363.08,89525.39,86461.21,83264.11,97425.13,88019.79,89751.12,88608.41,98433.12,87222.24,92084.22,95319.21,86980.75,88219.75,88049.34,102288.19,92804.78,87371.78,84750.15,78115.3
106281,91804.58,95817.25,95740.23,98270.52,98396.32,101044.85,99544.48,90445.27,101211.17,102344.25,90600.17,101564.66,100378.41,96406.32,103776.55,94646.48,102035.55,85021.55,105813.71,94998.47,89890.74,98928.2,104846.57,94254.97
107293,89672.22,89483.85,74504.92,86380.4,85229.24,83552.18,89444.61,84921.79,83010.22,87574.79,84923.47,84466.82,83483.01,93668.29,79685.22,88233.1,89253.65,86739.9,89927.05,88126.6,90230.06,89036.97,83056.23,87366.88
108300,93983.5,102626.76,100805.3,97141.56,93885.65,96733.62,101973.74,94675.59,90838.57,88929.48,91431.71,89704.82,102492.76,98293.93,99755.36,90031.32,86685.14,103355.67,94112.45,101800.83,95590.68,93326.25,95413.28,97227.31
109312,95195.99,101119.56,97187.25,93800.45,88057.81,92011.17,103140.19,94038.54,90850.65,86312.93,92666.9,95067.0,93501.26,96772.0,93092.37,94661.55,99514.29,92957.55,86332.46,103649.68,84659.38,93708.76,88602.37,99125.05
110400,75146.7,68342.17,74689.41,65871.62,78911.88,65904.99,74954.65,67162.52,70613.19,73655.27,73456.79,73073.16,72349.75,73343.47,80559.81,68327.84,73904.37,72396.63,67261.3,69301.65,73268.6,72176.18,68492.44,72388.27
111413,39067.96,36557.72,37734.12,37978.58,34322.0,36022.89,34337.54,34719.27,36338.49,37139.52,41600.78,37500.55,36501.98,39138.59,38381.8,34735.08,38255.33,38014.51,38603.94,39011.74,36987.5,35737.32,39872.92,36659.49
112433,5352.31,5082.4,5567.22,4887.51,5389.05,5696.34,5726.78,5341.29,5410.14,5405.03,5251.21,5138.39,5756.98,5717.64,5778.39,5150.84,5612.17,5519.07,5302.17,5355.09,5608.84,5002.81,5219.35,5616.9
113445,37255.96,41661.82,42500.14,41120.11,37669.87,39002.06,41996.0,41780.68,43981.4,39451.63,39941.99,44028.82,40437.43,39556.21,38732.21,41349.79,40151.49,41762.14,38813.5,39457.79,42004.16,42125.48,45906.62,39842.92
114464,24132.72,24186.56,23087.0,22062.07,24172.17,24494.51,24595.65,22465.57,24485.38,24751.05,22275.21,24512.23,24845.89,21116.57,23153.7,23729.42,20967.08,23281.33,23618.14,24099.25,22797.28,25850.86,24253.45,24217.71
115472,28331.88,28242.94,25215.52,27617.16,26650.23,28337.44,26729.23,27124.83,25219.31,26267.14,28102.45,27137.12,29019.32,25782.88,25071.77,25727.63,27229.59,27013.64,25703.42,28453.06,28272.08,26911.05,25058.54,26459.45
116484,30945.08,29782.33,28894.62,29551.74,27157.28,28557.2,27502.32,30431.12,28801.66,29078.88,25914.44,30903.34,29386.45,28300.92,30323.61,28956.77,30969.19,28011.2,28823.39,29347.33,29852.85,28280.91,26166.69,28597.28
117504,19211.99,20105.64,20937.26,18708.49,21329.84,19008.5,21571.6,18788.52,19781.04,19480.79,19835.87,21904.32,19956.19,19582.18,20556.54,18374.19,19645.96,20288.38,20774.54,20592.56,20070.58,20227.9,19845.24,19396.75
118524,18192.78,19362.66,19549.53,19301.42,18285.48,19934.84,20221.73,19556.36,19195.63,19043.17,19459.43,20136.67,19452.9,19168.3,17824.05,18506.05,19237.57,19663.64,19350.43,19392.87,19031.29,18051.81,20024.37,18635.14
119544,9763.05,9934.07,9769.21,9194.22,10064.6,9830.5,10073.15,10209.76,10519.05,10146.44,9792.84,10229.7,9409.97,8809.19,10355.58,9339.94,10793.06,9683.07,9330.58,9592.99,9813.13,10508.72,10182.85,10136.29
120568,11615.99,11391.26,10341.15,10134.18,10604.9,11063.09,10855.27,10884.11,10889.06,11010.99,11646.16,10726.59,11557.81,11049.76,11641.01,11514.03,10508.64,9703.33,11225.92,10564.49,10299.9,11822.12,11363.8,11145.92
121616,859.48,722.13,870.55,773.53,844.79,848.0,793.38,830.23,814.42,777.36,839.49,858.54,792.74,853.27,854.19,757.54,846.2,751.49,732.6,800.05,792.05,812.94,798.57,742.39
123828,21919.81,21972.14,20798.28,21259.5,19105.96,22237.59,21818.93,19991.52,21600.8,20963.79,21943.65,21302.68,19556.94,21547.4,20357.32,21495.46,21166.39,21786.49,22055.64,18749.34,23581.56,21254.75,20835.88,21215.48
124848,12807.45,13298.59,11965.16,13251.64,13472.91,12778.63,13759.83,13869.43,14143.29,13682.07,14007.55,13805.72,13431.83,13420.15,13758.97,13695.71,12801.64,14545.68,13059.61,13266.67,12420.32,13304.98,13698.54,14141.21
125849,14108.15,14517.76,16049.94,15746.67,14157.88,14564.88,14813.29,14255.5,14167.02,15265.92,14313.35,13406.96,13241.99,13936.33,14841.53,15572.86,14634.44,13636.58,14652.67,14407.58,14432.21,14884.85,14824.87,13467.04
126900,7474.96,7886.16,8045.21,7152.87,7033.35,7175.08,7418.89,7079.87,7466.88,7350.99,7552.29,7466.8,7084.92,7797.08,6883.69,7673.54,6976.18,7030.56,7410.63,7213.62,7611.4,7412.82,7276.71,7328.81
127909,9306.45,9109.26,8912.45,9558.46,8367.2,9950.32,8805.52,10083.03,8650.81,8585.6,9495.53,8815.96,9382.85,8341.93,9120.82,8154.47,8950.11,9599.25,9656.54,9482.98,9510.8,8192.66,9429.56,8634.65
128933,29601.04,27215.34,28518.74,28915.1,30048.0,30846.44,27202.29,28590.44,28509.32,28432.91,28102.95,29785.3,30046.77,30428.51,30371.21,28211.19,29004.02,28976.84,28206.51,28689.34,30384.35,28821.2,28881.47,28476.9
129940,16602.94,17504.57,18164.28,16515.98,17437.87,15964.19,17098.52,17002.62,17508.97,16846.94,16928.3,18285.79,16832.18,18329.9,17692.84,17086.59,17650.07,16632.07,18079.11,16150.54,16708.12,18162.34,18433.91,15326.93
131124,40479.03,38590.76,37297.53,35883.47,35517.41,39284.53,37746.74,38933.11,38137.6,37387.64,37394.06,36379.4,34634.55,39114.83,36914.64,38170.91,36803.4,39738.77,40109.77,38588.67,35843.23,37039.47,38440.9,33434.95
132144,51520.52,46643.2,50114.23,46865.09,47405.29,50853.46,48833.93,45192.03,50852.32,50837.22,46828.31,44711.21,44445.42,44456.87,51325.92,47312.31,53325.3,51086.38,51955.0,48526.85,49347.81,50437.69,45915.2,49681.64
133145,49687.62,47475.89,49235.48,48180.84,46372.5,51607.74,48586.57,49664.19,48791.82,48918.35,48679.77,52458.72,48290.43,47483.7,48136.04,50019.01,46118.06,48058.04,53008.7,49116.36,52172.99,50935.5,41938.98,52546.1
134156,42292.03,40984.85,47487.04,48622.62,47708.79,45707.82,50058.82,44149.63,49469.77,43885.6,40875.49,45643.94,46199.35,49114.12,44483.99,44937.42,49240.29,44587.41,45144.02,44103.21,48225.95,42304.68,45151.28,44084.89
135164,56686.01,57219.53,59778.76,65082.53,62556.54,57523.01,59931.68,64023.01,59706.17,63309.88,61046.47,61462.34,59498.0,61865.49,60168.83,55723.68,56021.74,61681.1,62502.39,57537.57,56406.34,60954.94,60981.05,54764.74
136165,58692.77,57308.72,54156.87,52018.11,54681.08,51575.68,53685.38,56594.39,56819.87,57171.65,56306.4,56338.93,58396.97,53355.39,57318.5,56670.47,55714.31,57035.16,55929.24,59262.76,55903.27,55609.17,60695.47,50927.13
137193,40526.26,41655.31,36104.71,42149.34,36660.14,42243.28,40716.48,40427.73,33907.32,40746.47,38126.63,42201.54,39219.95,42814.55,38950.83,37715.42,40102.24,38002.12,41512.33,38230.25,39529.26,38918.48,38802.82,38645.6
138316,59923.15,54319.4,54677.9,53754.11,57072.72,54670.03,52309.07,55239.54,63191.5,50840.59,55211.28,59429.82,58915.73,50931.79,59168.98,55100.65,57730.21,59015.49,54723.3,53673.77,53985.88,57716.24,57768.26,59041.93
139324,39770.98,39103.83,38971.99,41153.85,40477.61,39118.22,39224.11,40458.95,39949.44,38826.81,43863.61,47549.75,38352.8,41930.5,37392.32,43971.46,38683.1,41050.07,43388.32,38483.52,43015.9,37233.63,41133.51,39788.24
140336,56461.38,48292.22,50494.84,48750.37,46915.57,55155.56,50728.27,47101.58,46886.93,50045.79,48324.26,50685.21,53295.52,50670.79,50506.9,47190.21,53139.33,48029.23,44915.48,55214.54,48163.32,47187.4,52473.22,50152.91
141348,49835.08,49181.05,50242.37,54054.07,52434.48,55485.35,51435.85,49465.04,51633.75,51166.06,50957.73,45183.93,50214.47,49985.63,46784.13,51516.21,48859.16,48201.46,49108.65,48402.75,49130.55,46261.8,49023.09,48585.5
142368,47216.41,53018.43,52179.73,51200.64,50288.12,51366.73,53518.62,53385.01,47391.44,48354.6,48459.77,52750.77,48336.94,51494.84,47858.46,52862.62,44712.53,51104.03,48748.75,52262.68,45021.89,51034.5,48127.04,52353.59
143369,56683.51,53851.62,56534.65,60864.11,54525.65,56855.92,53699.76,56349.03,62960.04,57483.16,55213.27,59069.23,57306.93,58146.91,56707.52,52238.61,58920.7,51858.09,59550.78,56286.49,59754.04,53109.75,56836.21,58173.03
144380,50497.28,47490.53,47273.99,49569.77,45014.86,44392.33,50203.39,45590.56,46360.36,48727.32,46523.23,45079.11,51382.51,44125.98,50241.3,45261.26,48214.63,45455.43,48371.03,44979.9,48359.3,44895.73,48210.46,50320.77
145381,45316.4,47513.73,45754.07,47935.57,49444.76,42616.89,49647.87,44767.19,49264.25,46264.79,51761.37,44970.09,46507.86,47005.72,47084.69,42355.33,45841.13,47445.13,47486.83,50703.81,45998.4,46500.03,46348.32,48185.89
146388,49137.75,48091.42,49890.07,55426.03,48950.02,51055.24,51752.63,51463.35,55156.89,50543.82,50321.71,49678.73,51482.78,47794.15,47913.67,52621.67,50819.3,51338.66,47347.33,47802.37,46524.1,50709.16,48349.84,50719.65
147401,46827.7,42553.03,45739.84,43675.67,42480.04,45267.09,42964.13,46750.83,44104.38,44419.92,44705.04,46668.78,41637.66,46812.99,43798.75,45695.46,40993.52,45795.92,45470.62,49110.44,47800.48,45148.14,43154.96,46159.27
148413,60662.44,60196.33,57410.1,60110.64,62320.97,58671.82,54820.79,55536.83,55308.36,52624.62,55214.22,57743.25,53699.64,58050.25,64553.21,58987.7,57901.19,56655.24,54088.26,53083.76,60631.59,58374.19,60632.09,59450.75
149420,64065.07,65909.01,50503.46,60554.89,62381.43,67524.78,60119.67,56370.68,62578.54,65851.97,59351.91,65079.56,67502.33,64765.82,62666.57,62257.12,67248.55,61616.3,65498.1,65184.68,55378.34,63967.48,59448.94,66040.54
150432,54599.51,57770.55,56789.96,57615.72,57769.09,54136.33,55333.93,52431.97,57447.74,56292.63,55011.03,54662.96,52792.54,57488.45,53332.62,57914.73,54544.45,54398.01,54596.21,57915.57,55776.23,55525.35,49653.67,60400.64
151451,55458.02,54539.09,53361.22,56446.38,56541.71,54299.64,55162.81,54889.06,57092.62,58489.58,62957.52,56197.43,53432.28,55565.02,57647.62,58712.19,63600.28,59537.42,51361.15,57678.32,58792.54,58075.51,53708.94,56826.04
152463,52747.01,50630.84,47688.78,46870.4,55885.19,49026.59,51355.53,47941.66,53260.79,50807.56,50582.54,47171.76,52407.47,50973.12,55713.11,46570.38,50863.17,52331.56,51873.3,49381.22,51974.84,54131.79,49665.84,49076.28
153471,54199.49,48788.64,51515.14,50325.53,49437.94,48037.01,51275.67,48987.4,46021.31,48606.68,51280.98,48018.11,44798.22,49411.72,47609.35,48993.61,51599.77,52697.18,55602.99,53226.2,47326.42,47283.89,52823.21,53102.83
154484,26912.43,30446.7,28527.54,29868.96,32578.77,28790.12,28057.11,27942.06,28294.49,31800.48,31058.7,28213.79,30992.22,29866.78,32905.9,27536.43,28963.08,31359.38,30027.92,29565.06,32472.36,28678.64,30707.13,26850.12
155491,19148.76,17996.65,17842.4,18012.2,17690.22,16238.44,17307.48,17916.71,18510.41,18735.74,17602.7,15760.82,18273.33,15876.41,17587.97,17873.81,17280.98,18041.39,18555.71,15443.11,19139.84,17794.03,16945.79,17903.39
156495,13627.16,13803.66,15079.07,14617.23,14928.18,14326.23,14062.46,15366.07,15718.36,15517.82,14412.85,16629.48,14771.55,14943.59,13922.73,14579.95,13589.94,15747.23,15619.79,15631.46,14671.33,14277.5,15754.52,15378.64
157515,4385.63,4590.12,5142.22,4672.42,4309.44,4306.28,4341.19,4579.45,4572.67,4903.36,4668.91,4420.53,4578.26,4702.09,4512.82,4508.25,4630.97,4554.29,5002.27,4878.7,4424.41,4540.41,4917.81,4821.18
158615,737.38,804.41,750.51,736.14,783.34,740.94,776.14,783.64,767.16,776.79,743.88,780.97,772.24,716.11,762.61,762.62,776.34,782.91,794.5,763.7,688.92,799.19,818.1,792.73
166739,21441.39,19062.38,19378.1,19276.11,18653.58,18861.06,20216.13,20478.58,20792.66,19474.98,20520.21,19631.33,19607.64,20634.61,18814.28,18253.63,18940.77,19351.48,18981.63,18972.82,20917.15,18963.63,18626.25,18906.87
167747,33261.44,38538.6,35918.75,33979.47,35364.19,33509.12,34894.17,37059.85,35166.78,34969.16,35675.55,35145.19,36381.03,36010.63,36884.35,34543.96,37210.13,33594.43,37628.25,36545.69,33861.23,36007.69,32825.63,36364.05
168751,38659.02,41542.95,44177.26,39020.65,41617.28,44346.04,40063.09,40897.29,40080.17,38758.19,40347.32,42931.91,43136.72,39493.63,44091.85,40155.67,43150.38,42623.7,41133.97,41420.31,45615.3,42056.48,40190.53,41158.57
169752,38820.84,38016.05,39157.58,36696.35,35832.21,36226.85,37164.0,34493.33,37349.64,36971.58,38622.78,37429.9,39361.61,37833.84,39467.39,40579.56,39203.44,38169.79,40286.33,39645.27,34606.99,40371.62,37278.88,42863.7
170879,51078.78,51471.55,53192.99,48475.82,46705.0,50520.12,46371.62,55101.16,45619.94,50969.79,49663.58,51425.24,46983.39,49761.35,46015.19,49528.24,51682.22,47639.97,46752.69,50883.56,46607.97,50113.66,46985.8,51608.99
171899,48480.09,51151.82,49752.97,55667.92,50052.55,52910.61,54299.99,54986.47,55401.67,52914.29,51891.38,47333.93,50035.43,50225.3,52463.46,52648.71,51427.75,55195.23,53832.7,53378.94,52488.25,52593.78,51540.29,52090.49
172904,44550.52,46536.77,49038.62,49268.35,52260.43,47819.79,44896.28,51626.19,48353.79,51278.49,51045.4,48936.56,50092.56,47571.16,48800.5,52293.79,48223.44,52951.8,52849.42,52122.79,48510.75,46693.93,46410.93,46991.7
173923,35367.19,37007.54,37558.07,37159.97,43401.24,37266.29,36126.2,40659.75,39845.84,37599.03,38120.7,34924.28,36297.0,37457.06,33539.12,37394.63,38741.11,38243.39,37668.24,41162.26,36426.5,38554.44,37796.06,40754.15
174924,35984.72,35401.34,38453.23,34493.56,36530.48,34357.1,38964.45,37623.83,35728.26,36420.14,37670.27,34759.72,37881.16,37911.99,37791.75,35068.41,33201.56,37368.86,38910.64,35060.15,35481.57,41468.87,39723.92,35166.67
175932,38338.81,39020.88,39666.74,40037.48,43225.57,40278.47,40698.38,42749.31,41237.81,42151.21,41448.44,43313.13,46502.78,43456.77,41743.17,38682.36,42926.95,40996.88,44264.67,38789.19,43760.85,41117.6,40386.09,41959.79
176935,35924.91,39808.53,39705.56,41173.39,36911.02,37044.07,40677.07,39986.44,39195.7,39904.02,41345.03,39874.24,37120.74,37580.28,37580.51,38986.8,35921.72,39453.55,37479.95,38748.26,37684.39,40405.46,40868.09,37773.01
177936,54505.5,51734.91,53138.63,56541.31,45727.53,54925.07,53071.42,56515.09,53332.83,54225.95,55133.9,55167.85,57503.89,54909.98,57653.83,50989.7,50774.39,49642.27,53641.23,51908.56,50346.19,53183.44,58724.66,58752.74
178943,55560.91,55597.64,61734.35,61845.1,56455.77,53305.31,55167.07,53602.48,60497.44,62437.67,58521.01,55008.95,55836.06,58885.77,57779.4,55797.0,55622.5,59649.13,58935.29,62653.02,59539.79,58723.4,57720.78,54761.32
179956,49085.76,46421.65,47592.99,47144.78,48282.42,46437.83,44037.71,47950.38,44904.59,47460.39,44354.83,44568.88,42491.05,41354.2,41673.35,45544.32,49286.96,49089.99,45760.28,45200.51,46890.7,44484.39,44844.73,48247.71
180960,54906.94,50534.5,56636.3,52915.34,54915.88,54478.77,53867.39,53405.2,52100.66,54189.81,54153.92,58749.47,56231.08,51460.25,50333.43,54637.94,51933.4,51759.1,53591.69,53124.24,59742.81,54084.14,51182.11,52205.22
181967,39690.84,38384.71,40037.79,38327.84,39091.98,41136.89,40850.32,39860.06,38334.9,43271.53,40928.91,39962.04,40552.19,42348.87,39709.26,37268.41,39540.11,42698.64,39424.37,39897.52,36925.11,39529.74,40822.81,37869.62
182975,22921.39,25261.88,24554.6,23627.67,23611.43,25348.19,24267.23,24260.11,22554.07,27045.45,24198.05,25359.59,23603.44,23879.12,22684.28,22403.35,24428.48,22019.91,25405.15,24455.61,23400.5,23615.82,24681.28,25488.9
183976,32870.31,29696.85,31386.91,29227.87,30456.33,31055.02,31812.67,29097.5,33247.48,29522.13,34763.91,31014.44,32965.05,32408.17,34045.16,30219.66,30332.06,32170.7,29359.05,31870.64,33743.43,30319.94,32420.97,30595.27
184987,39256.08,39203.23,38224.71,39681.66,40954.11,36133.17,37507.26,40462.17,43374.81,44953.24,41225.48,39135.32,42117.67,42886.92,42773.13,39684.86,43214.66,42325.5,39633.31,39310.3,42200.78,41870.6,40533.4,41640.56
185999,4579.19,4881.38,5201.04,4933.19,4323.82,4800.41,4925.99,4972.55,4969.64,4683.38,4815.28,4693.83,4598.01,4578.92,5280.3,4826.81,5373.09,4911.95,4840.13,4800.68,5050.15,4822.32,5052.91,4895.96
187127,75363.47,74078.67,74134.15,81145.25,76172.1,81443.4,77498.44,76015.84,74305.89,77796.28,76406.66,82214.78,85374.39,74727.34,82065.31,82364.78,76971.84,72989.14,78669.23,80095.09,78513.64,80173.32,72267.05,89401.07
188130,52057.45,47970.31,57695.94,53270.36,54071.75,50499.01,53168.37,50481.56,50064.82,54976.71,54788.86,59168.36,50247.45,51038.86,56439.78,55149.29,53096.89,56228.68,55425.77,55239.38,52966.4,53504.5,52224.23,50585.76
189131,45112.3,45163.48,43557.34,40963.95,41479.92,42939.49,41151.31,41518.75,41643.76,42804.65,42249.98,45025.39,41950.55,49445.48,42267.48,46038.73,44787.14,42565.92,42809.5,44554.21,41297.67,44901.79,41630.25,44315.4
190139,35100.78,37254.59,35961.26,34925.77,36434.37,38066.11,37567.0,37747.07,40034.82,35017.55,35043.08,37489.75,40976.88,38994.98,34946.65,35863.91,35293.29,40331.69,36405.87,36548.39,37518.86,36075.9,33870.19,35814.86
191150,36558.2,38693.83,39324.07,38442.83,43557.11,38338.38,36783.12,37383.5,37361.78,36983.72,35780.87,43372.88,38481.78,43008.22,39567.91,39554.43,36803.22,40195.74,36185.34,39552.6,36404.38,37679.1,40080.64,39807.2
192170,27958.84,27469.79,26718.58,29170.11,28693.84,29369.0,28568.13,28557.86,29304.51,28777.07,26779.52,28859.16,29302.09,28190.44,26587.45,27398.81,28213.57,30457.45,28980.98,29643.58,26185.31,29032.51,26851.27,29395.79
193178,14957.47,14304.03,15194.68,15949.92,15384.95,15935.96,13941.07,13664.41,15424.25,14558.8,14732.22,13573.17,15451.37,14469.48,15553.22,14832.18,14689.31,14308.88,14554.86,14739.27,14812.84,14565.5,14764.89,14583.35
194182,6539.31,6163.97,6011.28,5953.44,6451.85,5895.23,6468.99,6305.12,6177.17,6001.87,6157.88,5952.93,6313.53,6786.49,6634.69,6949.11,5904.82,6091.87,5469.28,6284.23,6196.51,6188.39,6092.05,6994.69
195221,2634.45,2737.19,2845.38,2641.14,2523.21,2801.94,2789.97,2755.4,2716.75,2746.69,2766.46,2516.46,2578.64,2755.74,2843.32,2801.35,2741.89,2630.76,2437.52,2479.7,2743.28,2756.92,2697.03,2727.8
196581,16324.3,16370.58,15667.67,15547.88,16145.77,16455.44,16609.52,16914.24,16276.99,16211.03,15893.24,16252.29,15358.98,16851.16,16276.28,16001.12,15345.45,14846.7,15961.79,16961.54,16848.12,16555.1,15715.26,15717.13
197601,38379.22,40875.81,40837.84,39929.45,39901.53,39169.69,40184.55,41712.27,38137.52,40554.73,38839.61,37418.8,33410.92,38933.18,37295.62,43075.07,39226.53,38878.7,41392.61,43350.35,41777.77,40476.86,39511.48,44132.02
198612,46632.32,47225.18,40971.3,42279.19,40144.91,39466.58,46526.93,43123.14,43583.09,38003.15,42972.12,46021.66,47208.57,43320.46,43073.78,41028.21,43494.76,46213.96,38832.52,43248.14,47768.99,43715.18,41405.28,43521.3
199620,25124.23,25658.33,25641.43,23469.05,26338.52,23988.39,26178.2,22144.14,24311.9,24930.96,23366.25,24759.83,23473.55,24913.92,24745.62,24690.21,25562.8,26423.4,23541.55,24898.93,24884.58,23308.97,24693.66,25547.01
200824,20218.84,17675.83,18211.24,19406.59,18630.99,17930.9,19889.82,20387.84,17730.71,18837.4,19725.17,19434.37,19058.63,20330.79,19638.56,18843.58,19237.9,19615.72,19679.15,20976.76,18118.56,18936.24,21239.85,18737.38
201884,8455.83,8532.86,8788.48,8194.06,8073.24,8200.85,7271.63,8286.9,7724.2,7730.03,8249.13,6968.05,7456.08,8521.54,8243.11,8953.23,8181.76,8222.7,8349.97,8125.67,8314.62,8475.46,9041.32,8122.2
202904,6353.74,5660.52,5662.72,6211.18,6208.56,5774.08,5419.98,5627.36,5614.82,5942.4,6428.42,5427.75,6456.4,5909.94,6273.64,5388.63,5895.8,6178.19,5764.49,5844.56,5748.03,5719.73,5367.67,6032.16
204016,3741.73,3764.69,3839.4,3920.64,3536.42,3689.19,3886.33,3686.42,3538.75,3604.36,3674.56,3440.87,3382.04,4015.33,3845.91,3736.67,3591.73,3234.34,3426.58,3860.46,3529.53,3767.45,3716.22,3998.29
205031,38.65,42.97,44.87,43.11,43.95,39.89,42.62,45.28,41.45,39.23,41.49,42.14,46.67,43.69,39.98,42.33,41.99,39.42,39.1,40.84,42.75,40.8,43.41,39.79
238650,1736.77,1745.03,1824.93,1691.59,1771.77,1748.84,1781.69,1671.9,1630.95,1777.11,1783.83,1759.59,1764.9,1655.71,1590.53,1766.68,1800.08,1641.9,1789.74,1731.06,1808.25,1638.89,1804.37,1741.38
239715,2937.68,2932.02,3002.29,2836.12,3104.94,2811.31,3058.67,2902.52,2849.41,3195.65,3186.45,2645.43,2850.22,2756.48,2856.01,3046.19,2945.69,2759.26,2732.43,2864.22,2674.4,2685.32,2863.45,2689.06
240994,3350.93,3288.22,2956.04,3444.62,3193.46,3234.06,3171.23,2719.24,3429.51,3055.74,3090.36,2797.23,3195.52,3392.18,3174.21,3042.4,3010.5,3109.38,2942.98,2968.61,2951.05,3053.55,3378.9,3140.48
242174,5117.87,5237.87,4535.09,5017.05,5420.29,5086.98,5446.06,5073.9,5196.44,4912.52,5182.86,4669.26,4982.01,5172.29,5428.28,5629.44,5208.16,4444.41,5100.85,5380.26,4998.95,4836.36,4824.36,5171.97
243255,4817.16,4617.55,5068.75,5416.3,4490.39,4432.94,4854.33,4553.75,4573.35,5269.03,5140.2,4625.34,4761.62,4710.7,4518.56,4867.58,4942.65,4743.14,5043.64,4445.2,5014.81,5047.58,4416.69,4898.77
244319,6482.69,6378.76,7054.91,7044.85,6270.77,6961.82,6356.72,6110.73,6616.22,6636.63,6750.72,6779.19,6490.98,6242.13,6351.43,6367.69,6163.73,5994.86,6926.39,6674.59,6400.22,6365.79,6096.16,7238.29
245419,5438.37,5637.78,5989.45,5924.63,5465.96,6010.29,5917.89,5860.62,6191.77,5570.63,5630.1,5794.31,6293.01,5488.5,6165.39,5753.63,6391.93,5993.94,5866.66,6443.73,6341.42,5588.42,6302.1,5532.06
246598,5680.55,5966.98,5872.89,5865.9,5705.28,5521.57,5724.15,6067.75,5877.64,5614.0,6058.79,5579.45,6051.5,5204.6,5268.36,5841.38,5522.62,5612.16,5655.6,5772.13,5878.0,5618.05,5942.39,5727.45
247738,5980.54,5705.23,7216.18,6332.98,6685.0,5876.84,6281.41,6196.45,5607.69,6900.9,6409.06,6340.01,6198.71,6372.87,6181.67,7292.38,6398.34,6456.44,6334.01,5868.25,6246.56,6407.25,6408.11,6463.0
248758,2254.51,2030.14,2018.24,2198.8,2289.8,2167.67,2280.1,2191.14,2449.75,2022.9,2179.13,1964.5,2256.41,2017.64,2242.32,2043.85,2099.94,2156.73,2053.47,2040.7,2074.77,2121.42,2194.49,2262.7
252359,8274.44,8868.48,8758.72,8835.45,8609.03,10154.22,8285.96,8712.32,8497.12,9114.77,8586.93,9019.69,9020.71,8684.93,9846.99,8980.53,8949.25,9221.26,8505.06,8889.38,8778.91,8553.58,8938.92,8674.13
253398,13199.96,14158.65,14352.88,12668.7,14023.68,14722.8,14234.3,13667.03,13845.16,14499.54,14840.97,12768.92,14261.13,14778.49,13280.68,14716.25,13859.88,12350.04,14353.18,13956.44,14736.9,12627.05,12922.61,14178.49
254558,6111.57,5709.33,6121.03,5510.03,6022.46,5890.3,6028.09,6028.16,5930.23,6050.33,6043.68,6363.58,5927.25,6272.44,5704.58,6483.7,5962.92,6352.4,6458.87,5843.76,6136.9,6502.82,6303.79,6167.56
255638,7599.42,6866.37,7316.78,7286.61,7483.03,7034.0,7687.02,7361.71,7138.26,7379.61,6647.51,7065.86,7267.63,7578.19,7195.82,6728.05,6911.43,7927.98,7111.88,7524.71,6869.09,7450.5,7404.75,7183.53
256679,6587.14,6261.18,5995.4,6312.23,6948.31,6135.82,6454.89,5913.58,6456.21,6857.95,6608.21,6381.88,6704.62,6859.78,6605.36,6654.62,6198.5,6290.81,5571.1,6340.01,6451.94,6787.44,6693.72,7054.31
257827,5504.18,5604.48,5893.47,5606.87,5617.18,5958.09,6183.22,5701.78,5922.83,6167.45,5490.6,6102.7,6191.32,5748.83,5419.65,5949.71,6348.05,6548.23,5733.49,5274.38,5868.56,5502.53,5459.03,5307.51
258878,6020.42,6919.98,6790.95,6612.4,7321.78,6734.25,6484.65,6510.38,6651.5,6650.37,6333.03,6842.86,7307.73,7208.88,6431.14,7071.94,6511.65,6375.97,6648.27,6563.56,6827.6,6517.02,6538.7,6560.66
259898,2158.2,2060.49,1927.46,1966.43,2166.24,2000.91,1657.54,2065.91,2170.57,2163.57,2002.24,2041.4,2070.0,2056.68,1905.24,2056.16,2091.94,1901.33,2072.16,1906.72,2211.73,2016.97,2089.92,2090.04
261998,3977.51,4375.42,4253.22,4280.9,4625.81,4508.09,4491.39,4655.32,4722.32,4184.91,4400.21,4624.52,4456.3,4643.96,4666.69,4731.15,4438.59,4650.12,4548.42,4512.72,4982.96,4820.39,4712.99,4734.24
263102,8143.21,8531.54,8382.59,7989.04,8088.13,7906.36,9020.78,8047.88,7860.35,7844.06,7315.46,8689.04,8262.23,7759.69,8155.49,8567.45,8488.69,7941.8,7766.94,8175.8,7660.94,8286.49,7854.74,9057.56
264126,7644.74,7244.21,7997.59,7785.01,7728.49,7671.51,7561.93,7967.06,7608.2,8120.72,8091.56,7993.52,7868.82,8101.41,7210.0,8143.35,7635.76,7183.43,7480.89,7809.9,7310.42,7302.88,7249.2,8466.86
265191,9173.92,8851.73,9482.71,7968.45,8814.13,9097.49,8466.0,9087.65,8087.49,8750.64,8944.12,9113.73,9105.48,8533.72,8662.29,8967.42,8846.03,8796.09,8612.86,8849.21,9144.83,9194.01,8224.72,9289.26
266247,6584.87,7640.78,6792.16,6798.06,6590.93,6857.7,7101.62,7310.39,6893.95,7060.44,7291.79,6637.14,6735.2,7058.84,7101.32,6933.15,6730.82,6746.73,7032.02,7246.91,7272.61,6498.26,6293.07,7284.88
267282,7880.52,8132.36,7817.21,7747.49,7783.22,7786.85,8178.06,8257.42,7723.56,7750.91,7540.02,7431.99,7386.23,7545.88,7966.89,8210.3,7905.73,7618.64,8026.25,7226.39,8429.85,8408.66,7859.39,7657.66
268326,384.13,392.15,387.17,379.74,410.84,391.6,417.92,381.31,358.42,372.02,374.53,373.1,396.17,415.47,378.96,410.5,389.39,373.13,365.84,396.65,381.05,395.16,387.67,368.63
270495,10270.32,10088.49,10436.6,9877.78,9871.48,10764.62,9412.66,9632.81,9736.41,9906.86,8927.59,9201.69,9688.44,9666.76,10273.61,9879.81,9673.85,10480.72,10030.73,9838.59,9299.53,10213.22,10391.93,9200.57
271750,4242.6,4066.78,4170.99,3826.48,4146.35,3838.55,4415.18,3957.93,3929.92,3825.54,4200.95,4031.72,3906.54,4078.48,4006.48,3808.09,3813.51,4091.03,4013.38,4072.83,3758.76,3875.37,3965.17,3877.38
273146,27048.94,25281.7,29378.26,27357.25,25008.88,27699.78,25157.46,25592.6,27814.12,25540.44,27470.72,26064.8,26130.11,24739.15,25651.6,25701.44,24663.77,26161.22,25688.31,25514.17,26889.7,24629.82,26977.82,25507.3
274149,8465.88,8724.02,8340.88,9626.05,8485.18,8674.16,9126.51,9565.52,8987.32,8721.69,8589.06,8237.27,8734.97,9697.34,7919.73,8138.67,8390.82,8034.81,8747.83,8341.22,8573.67,9288.38,8484.48,8452.74
275310,9390.81,10016.15,9434.09,9323.13,9139.13,9437.29,9012.73,9631.96,8533.97,8849.32,9470.38,9307.4,9388.82,9227.9,9227.55,9144.8,8448.0,9291.63,8777.25,8502.79,8752.93,9708.68,9185.22,9829.59
276313,10375.22,9721.26,9100.64,9897.64,9861.89,9622.75,10114.6,9369.85,10406.17,10666.59,10268.06,9604.8,9995.06,9679.15,10863.08,9983.56,9797.88,10362.42,10287.05,9782.54,10463.84,10119.21,9700.37,10110.17
277349,8147.13,8051.06,7908.35,8300.88,8204.33,7246.39,8108.88,8151.99,8235.8,8092.76,7304.58,8533.65,7782.97,7735.46,7869.42,7708.73,8713.75,8104.04,8066.64,8078.33,8385.32,7742.37,8286.41,8196.37
278553,4795.16,4573.48,4574.4,4997.08,4858.58,4526.37,4444.02,4322.59,4512.64,4866.3,4913.79,4734.65,4183.85,5028.59,5222.13,4532.67,4617.54,4241.6,4773.29,4567.51,4628.15,4589.69,4667.33,4363.47
280489,6210.21,6103.78,5420.24,5590.9,5304.29,6123.35,5782.25,4798.29,5544.24,5790.01,6129.73,5597.97,5793.11,5834.13,6181.1,5828.11,5929.75,5214.04,5381.97,5531.92,5769.75,5655.24,5627.67,5817.64
281613,8296.49,7734.32,8805.47,7808.54,8250.07,7850.46,8599.79,8696.72,7020.57,7908.95,8743.88,8409.29,8465.68,7517.54,8223.49,8481.58,7574.39,8254.22,7951.66,7695.14,8481.68,7974.15,8102.13,8138.9
282633,9517.57,10571.84,10187.92,10321.6,10314.0,9640.42,9377.95,10417.3,9016.82,10021.92,8983.03,9484.79,10122.09,9832.1,9238.58,8724.95,9089.35,9856.63,10060.46,9404.1,9327.99,10213.41,8690.36,8953.33
283673,7991.31,8250.4,7882.98,8770.91,8809.19,8348.3,8349.38,8443.11,8214.13,7669.3,8120.8,8496.57,7737.51,8273.34,8284.95,7760.71,8121.66,7958.06,7558.28,8311.62,7548.14,8461.78,7811.36,8105.33
284800,8314.85,7776.97,7922.5,8479.92,8873.75,8257.35,8061.38,8400.04,8594.04,8914.38,8330.77,8673.09,8442.98,7883.41,8276.21,8595.66,8498.19,8197.47,7745.92,8399.44,8658.41,7948.43,8773.93,8639.74
285832,2190.52,2254.7,2302.87,2183.72,2111.04,1976.03,2036.82,2243.46,2102.06,1939.54,2108.58,2068.06,1943.16,2173.01,1901.97,2270.15,2381.69,2073.68,2217.13,1988.09,2084.52,2118.87,2071.77,2049.05
288452,25465.04,25190.87,25299.55,26219.22,28189.98,25321.97,25464.16,28870.4,24369.84,25989.82,26187.94,26851.37,26760.38,25955.15,26567.37,27231.41,27611.92,25014.71,24526.63,26956.65,28069.45,26656.42,26096.07,24860.25
289492,7089.99,7030.06,6838.95,6959.51,6750.58,6817.74,6896.36,6901.66,6919.52,7453.57,6145.4,7352.82,7036.78,6492.95,6767.37,7141.86,7445.51,6882.9,7050.13,7094.08,6520.77,6504.02,7018.82,7163.39
290496,9380.45,9195.13,9747.14,9119.86,9113.77,8298.47,8731.86,9585.57,8388.95,8531.94,8887.73,9080.61,8951.24,9103.77,9575.6,8711.93,9348.93,9357.14,8618.08,9087.14,9198.67,9544.14,9886.45,8031.8
291517,8165.84,9468.34,9555.13,9397.44,8530.98,9127.06,8362.7,9071.71,9756.18,9706.09,8598.17,9734.39,10127.92,9364.85,9433.67,8973.0,8700.41,9814.94,8216.92,9238.56,9233.7,8682.84,9332.4,9277.64
292556,9151.27,8955.89,8922.16,8938.85,8993.86,9469.33,9061.12,9320.33,8490.78,9528.75,9417.75,9505.56,8763.71,9610.07,8882.97,9565.14,9255.38,8925.79,8657.67,9463.45,9229.45,9236.3,8671.23,9573.43
293572,9533.5,9765.37,8984.17,8958.88,9176.98,9163.64,9210.25,10160.56,9571.7,9872.77,8538.72,9096.9,9296.79,9529.86,10358.69,9024.69,8822.59,8722.25,8484.77,8865.1,8844.0,9331.66,9459.58,9404.79
294577,840.23,785.61,853.94,790.5,853.45,844.06,876.64,894.75,826.15,746.74,737.98,745.24,886.34,739.14,884.13,998.03,829.48,815.6,867.79,848.51,831.03,859.78,858.12,803.62
296636,8853.77,8994.91,10311.89,8553.37,9954.8,9239.36,9770.93,9704.51,9079.92,9494.05,9199.17,9462.88,8855.32,9376.37,9761.79,8897.39,9535.54,9650.65,9351.62,9786.91,9377.96,8882.94,9107.3,9651.42
298496,7155.19,7473.69,7372.05,7415.23,8144.42,7669.27,7753.47,8387.13,7577.83,7132.4,7883.89,7700.24,7469.42,7940.34,7312.73,7694.01,7185.53,7224.45,7207.01,8016.37,8184.14,7716.56,7326.64,7576.84
299516,8609.2,8607.71,8270.34,9428.19,9205.25,9383.76,8784.9,8731.04,8784.73,8249.66,8376.81,9502.49,8828.01,9221.45,8498.6,9164.95,8671.08,9206.03,8912.37,8349.15,8168.1,8218.0,9185.19,8810.22
300560,8546.29,8201.28,8431.42,8451.39,8546.43,8118.85,9180.1,9001.74,7960.78,8456.44,9706.2,9013.44,8751.3,9083.02,9456.75,7985.16,8751.32,8559.68,8924.59,8968.02,8941.18,8268.25,8650.31,8657.78
301561,8957.09,8190.04,8529.86,9025.36,8665.91,8515.72,8411.43,8825.06,8048.79,7484.44,8599.51,7926.02,8579.59,7424.88,7941.48,8730.14,9054.3,8203.48,8293.46,8728.89,8762.36,7947.83,9847.97,8397.12
302580,8828.79,8261.2,9310.97,8763.89,9015.28,8935.53,9061.57,8739.52,8811.09,8537.89,8710.28,8786.56,9122.85,9687.19,9268.49,8528.71,9879.54,8878.28,9844.72,8871.7,8753.52,8523.32,8743.44,8595.85
303597,9267.79,8386.15,8605.91,8216.1,8831.54,9311.96,9264.88,8585.45,8210.18,7901.1,8790.55,8221.61,8905.83,9029.09,8605.08,8636.57,8327.59,8764.18,8120.41,8484.15,9582.36,8520.14,9123.85,8644.44
304600,1180.04,1220.68,1286.65,1370.95,1220.09,1205.2,1332.34,1199.68,1240.51,1199.76,1182.56,1291.79,1194.19,1189.35,1175.7,1185.89,1191.91,1205.42,1198.48,1206.18,1251.19,1256.79,1361.11,1364.58
307124,16358.35,15798.85,16763.71,15656.16,15212.38,15884.69,16823.65,15829.43,16113.93,16336.17,16368.83,15461.27,16107.19,14993.96,15185.47,15220.83,16726.21,15176.23,16280.32,16873.31,15215.94,16456.74,15913.99,16332.45
308204,20700.83,20308.01,22611.91,19158.42,20760.85,18574.22,19153.78,19974.99,21186.69,21211.89,19860.31,21778.77,19864.66,18724.06,21638.5,20891.22,19987.53,18611.23,21047.84,21650.54,21188.77,20182.51,20179.89,20930.92
309240,9223.19,8178.55,9160.12,8681.11,8337.58,8635.61,9122.35,8802.64,9093.58,9376.27,9237.39,8885.64,7789.02,8566.6,8062.18,8344.42,8701.75,8822.91,9570.93,8974.56,8751.17,8589.25,8640.55,9390.91
310289,8446.51,9318.64,8715.48,9228.51,7974.23,8747.62,9112.88,8670.78,8760.92,8940.26,9567.33,9420.93,8583.06,7844.64,9452.31,8443.32,9531.73,8816.05,8921.03,7898.43,9305.73,8507.79,8912.59,8219.67
311324,2208.47,2152.55,2274.66,2177.9,2356.08,2133.4,2291.81,2180.75,2100.47,2217.87,2149.51,2131.99,2019.14,2029.61,2209.4,2166.07,2156.84,2275.8,2193.82,2318.67,2192.28,2187.4,2202.55,2177.26
313832,16754.81,16333.22,16710.77,15974.04,17477.77,16464.21,16541.18,17802.37,14974.27,15033.87,16677.15,16867.39,17240.66,17132.25,16484.82,17309.86,16802.72,17994.99,18367.6,17575.15,16444.89,16580.29,18094.28,17149.09
315148,6049.23,6427.18,6640.16,6672.84,6448.13,6342.91,6318.21,6759.25,6551.97,6416.58,6686.78,7044.09,7288.75,6767.24,6340.54,6302.95,6455.62,6320.07,6611.54,6630.24,6763.48,6570.71,6799.69,6302.81
316208,8091.72,7473.33,8471.63,8442.11,8200.56,9136.81,7708.95,7555.07,8413.79,7565.77,7956.65,7987.45,8506.33,7999.61,7791.23,8387.81,8047.58,7597.89,8858.53,8575.14,8193.98,7684.06,7645.44,8111.74
317228,10387.5,10241.25,10246.82,9452.48,10119.08,10016.96,10174.94,9742.91,9962.69,11272.13,10876.74,10597.87,10266.11,9833.5,10117.32,9606.72,10307.5,9574.76,9864.45,9703.59,9843.3,10612.97,9620.08,10523.04
318229,8079.43,7145.8,7477.19,7794.88,7200.08,7872.86,8119.67,8508.6,7364.56,7913.36,7848.83,7413.9,6996.76,7421.68,7002.77,6709.11,7168.98,7286.68,7670.98,7206.2,7826.34,7430.11,7879.78,7111.72
319328,7934.03,8459.89,8198.42,9115.65,9211.71,9925.74,7845.62,9120.69,9052.18,8890.01,7770.71,8734.71,8684.07,8816.25,8513.12,8584.84,9446.32,9154.18,9393.47,9214.6,8437.41,8341.92,8118.21,8558.96
320432,7376.46,7801.26,8442.82,7590.7,8602.05,7647.69,7188.92,7325.69,8507.48,8360.06,7648.62,7310.38,7182.19,7869.09,9094.7,8521.3,7125.06,7600.11,7044.98,7581.61,7607.99,8168.81,7580.77,7911.73
321608,1998.81,1721.35,1765.31,1831.16,1739.11,1800.83,1891.38,1929.97,1834.29,1669.24,1773.76,1822.04,1778.67,1799.12,1833.61,1879.34,1649.96,1868.13,1846.61,1784.45,1724.0,1826.55,1644.17,1928.83
324832,9877.41,11391.8,11223.74,11057.08,10121.97,11208.49,12014.52,11164.79,9583.69,11406.96,9922.2,10137.46,10240.7,10946.82,10437.71,11130.67,9560.04,10714.19,10709.9,9948.62,11428.44,10749.45,10234.9,10875.26
327521,6306.29,5419.78,6115.22,5634.78,5673.76,6469.43,6427.36,5919.83,6136.48,6025.58,5299.12,5499.91,5926.65,6256.25,5440.84,5659.48,6023.91,5748.66,6143.6,5902.23,5726.92,5781.07,5282.1,6195.09
328656,6160.93,6312.93,7164.09,7127.42,6126.02,6348.1,6932.49,6653.89,6135.59,6234.03,6233.72,6368.17,6276.83,6816.7,6753.62,7201.66,6430.48,6175.16,6436.66,6730.62,6473.56,6313.58,6425.37,6173.78
329772,7682.03,6968.91,7721.28,6533.71,7286.94,7413.85,7671.29,7094.71,7596.49,7195.71,7122.58,6532.44,6590.33,7080.02,7076.39,7027.8,7037.49,7466.36,7380.35,6829.22,6645.36,6498.03,7202.79,7004.97
330792,6295.77,7348.25,7086.22,6744.72,7583.05,6726.51,6349.04,6554.52,6838.85,6854.9,6471.12,6908.61,6983.99,6856.85,6420.54,7317.4,7024.05,6465.47,6374.27,6979.5,6170.01,6638.79,6848.75,6733.43
331796,2770.72,2712.24,2842.01,2781.55,2754.99,2658.52,2635.16,2773.9,2776.69,2705.51,2628.48,2624.09,2626.8,2830.68,2775.25,2940.75,2777.41,2496.02,2836.17,2459.84,2577.07,2600.16,2495.75,2608.0
335317,6295.34,5733.29,5802.7,6386.2,5791.12,5861.31,5214.97,5714.33,6052.05,6021.16,6098.27,6177.08,6074.8,5823.39,5821.79,6198.74,6354.16,6482.09,5347.75,5878.02,6573.02,6432.89,6010.18,6865.36
337616,2661.24,2562.19,2612.69,2619.07,2389.1,2466.83,2456.99,2362.11,2529.35,2571.12,2709.09,2731.63,2407.11,2390.56,2432.59,2521.89,2498.94,2450.24,2637.35,2673.52,2495.28,2788.4,2560.06,2654.78
338880,1745.69,1708.48,1694.33,1409.6,1740.64,1534.88,1647.19,1628.56,1532.97,1721.77,1600.07,1645.89,1598.15,1621.7,1592.16,1595.6,1755.75,1522.04,1480.44,1672.97,1694.06,1667.77,1640.4,1666.96
340000,2180.8,2010.78,2301.98,2137.18,2134.23,1948.6,2111.45,2235.29,2276.11,2095.72,2236.72,2147.63,2081.56,2100.75,2003.29,2429.89,2035.99,2188.86,1918.6,2039.21,2239.47,2210.63,2091.98,2311.21
341060,3427.2,3216.0,3017.83,3547.55,3366.0,3402.66,3236.92,3262.71,3185.7,3044.14,3061.73,3281.57,3276.47,3094.03,3480.84,3073.65,3548.08,3226.79,3174.6,3043.26,3415.74,3161.54,3239.43,3242.85
342321,2698.74,2958.73,2623.31,2816.49,2661.9,2823.73,2791.14,2482.09,2672.56,2686.26,2981.25,2632.42,2737.32,2901.02,2540.81,2390.7,2745.2,2647.73,2583.29,2696.01,2532.08,2706.97,2992.65,2756.56
344024,1935.02,1841.99,1929.84,1782.42,1814.39,1945.16,1806.5,1856.17,1840.74,1920.19,1810.68,1939.39,1970.36,1998.96,1842.65,1909.84,1865.73,1901.73,1993.62,1998.88,1914.97,2064.13,1941.42,1863.89
345224,2404.09,2509.74,2361.38,2373.19,2233.69,2228.16,2114.16,2297.9,2208.98,2409.35,2397.92,2304.13,2296.6,2048.09,2132.52,2082.71,2139.19,2199.97,2163.37,2089.61,2302.26,2128.92,2139.95,2271.7
346444,304.46,327.87,300.77,280.75,286.45,288.57,313.51,300.28,290.94,316.45,299.89,323.05,294.21,275.77,280.02,303.59,291.37,301.06,324.56,308.88,302.76,280.5,314.61,321.02
363190,20264.16,17990.86,19151.02,19940.21,17535.0,17708.4,19395.32,19520.52,17772.7,18533.99,17636.13,18484.79,18240.8,19837.63,19852.08,17649.85,17896.1,17980.12,20009.79,18367.67,18810.53,18677.3,17676.48,17963.51
364240,4519.78,4859.23,4538.59,4715.21,4828.25,5116.06,4242.09,4297.04,4495.39,4151.36,4700.33,4777.17,4620.03,4375.43,4388.82,4300.41,4781.75,4562.28,4548.17,4636.68,4630.49,4817.14,4277.56,4488.87
365300,3855.22,3983.54,3705.84,4104.39,3801.91,3723.81,4190.69,3863.89,3794.74,4315.0,3715.06,3969.14,3995.0,3803.04,4097.69,4092.04,3810.1,4255.37,3744.2,3925.15,4275.19,4253.86,4493.61,4225.9
366341,724.44,804.99,748.08,806.98,827.2,781.43,734.47,791.05,713.23,666.73,755.8,748.63,779.81,671.63,812.44,795.45,719.66,822.83,711.49,742.6,805.79,770.07,745.86,760.92
371544,9310.61,9395.81,9512.52,9869.68,8329.17,10272.17,10382.67,10001.65,9885.57,10662.11,9871.67,9344.22,9765.56,9596.36,10083.77,9618.04,10112.38,10456.36,10153.51,9218.01,10369.94,9931.51,9861.7,9693.1
372564,19656.36,19153.77,20676.49,20432.57,20874.33,19752.26,19121.43,19206.35,20111.55,21363.07,18907.3,20034.46,19765.32,18222.08,20330.57,20072.91,18615.15,20221.93,19913.41,18708.17,19747.12,20648.86,19795.13,18010.88
373588,3807.46,4494.87,4040.11,4343.63,4124.07,4145.13,3976.55,4350.86,4431.86,4472.89,4076.84,3528.97,4278.38,3895.54,4262.9,4320.21,4056.52,4105.95,4256.68,4142.73,4153.79,4447.88,4223.34,3890.21
374669,4767.72,5250.8,4945.93,5320.06,5190.45,4791.51,5122.22,4732.43,4700.38,4821.68,4963.06,5143.94,4866.98,5158.58,4846.73,4755.67,5204.81,5132.05,5091.94,4809.02,4971.5,4336.15,5033.9,5068.2
375804,4999.67,4998.05,4979.51,4552.72,4919.29,4541.71,5181.22,4901.99,4766.88,5545.21,4639.77,5048.63,4899.18,4652.14,5230.36,4899.53,5011.27,4581.63,5045.53,5026.64,5048.11,5241.25,5008.58,4901.47
376828,4656.81,4435.46,4492.75,4417.05,4668.06,4796.69,4846.2,4458.22,5102.48,4790.54,4483.68,4674.41,4667.46,4929.18,4987.57,4908.64,4786.55,4530.29,5052.46,5331.55,4650.36,4857.14,4686.37,4810.82
378007,6768.89,6701.85,7359.99,6852.8,7038.77,7019.56,6778.61,6438.53,6109.86,7124.5,6114.71,6953.76,6597.14,6756.0,6517.47,6203.18,6782.86,7091.15,6462.57,6301.12,6894.91,7378.63,6553.77,7012.6
379027,5454.74,5174.35,5629.44,4998.65,5030.68,5189.34,5318.64,5601.99,5436.3,4911.89,5345.71,5177.68,5302.15,4680.82,4944.45,5232.17,5438.32,5347.62,5355.89,5114.79,5344.25,5244.13,5767.3,5337.94
380167,725.33,638.28,714.3,635.42,687.87,594.7,663.71,607.91,639.22,562.3,671.87,647.9,670.88,604.28,598.72,671.81,683.82,700.04,613.78,706.07,653.97,607.71,639.3,603.96
382211,9784.28,9902.4,9831.0,9961.27,10501.88,10314.25,10705.2,10264.39,9937.91,10862.88,10967.84,10175.03,9766.97,10322.63,10219.64,10318.51,9532.18,10987.49,10703.0,9662.81,9821.41,9642.11,9704.01,10446.94
383688,4148.02,3973.93,4106.36,4168.06,4168.74,4288.76,4260.71,4148.59,4282.05,4401.51,4057.87,4375.86,3756.69,3725.46,4343.82,3895.87,4442.4,3824.33,4099.82,4338.5,4023.02,4369.38,4803.01,4573.21
384767,6811.32,6968.91,6444.47,6590.4,6803.92,7053.87,6523.4,6695.39,6301.5,6251.6,6195.97,6832.46,6967.79,6729.54,6221.36,7252.24,6755.55,6017.55,6482.49,6748.85,6815.12,6991.65,6729.29,6844.55
385811,6005.43,5677.33,5971.83,6121.08,6248.23,5751.55,5678.6,6112.61,5998.04,5783.27,5747.0,6070.18,6098.92,6089.69,6207.51,5692.35,6141.38,6018.5,5610.88,6097.71,6080.68,5747.27,5895.45,5851.69
386991,6131.59,6642.18,6072.37,6251.32,6285.54,5862.87,6075.6,5959.21,6218.65,6941.15,5826.22,6102.47,5768.23,6466.08,5972.87,6348.41,6001.8,5801.15,6436.89,5859.69,5914.49,6403.13,6179.17,6458.47
388111,6097.27,5998.37,5857.47,6359.95,5803.04,5276.92,5954.93,5949.59,6099.83,6108.45,6040.04,6027.13,6248.37,5819.7,5926.98,6006.29,6319.92,5665.77,5895.88,5949.6,5907.75,5831.09,5665.74,5864.24
389192,5385.18,5959.64,5744.42,6180.01,5855.08,5795.29,5905.13,5612.03,6132.21,5523.32,6350.52,6252.77,6699.45,5652.77,5919.47,5788.69,5856.36,5939.75,5696.72,5773.73,5245.35,5781.92,6243.36,5524.2
390212,6071.37,5833.47,6103.24,5570.13,6178.64,5201.26,6108.68,5937.88,5503.68,5723.97,5490.37,5940.57,5480.68,5557.36,5424.93,5739.71,5517.78,5386.02,5946.55,5462.49,5914.43,5865.22,5671.81,5566.49
391411,4067.11,4202.87,4240.31,4486.97,4502.34,4654.57,4407.72,4472.35,4693.14,4431.26,4512.37,4431.83,4194.62,4649.45,4633.25,4335.63,4700.21,4460.23,4445.86,3880.34,4301.96,4466.59,4389.74,4214.02
392555,6015.84,5969.9,6246.4,5752.87,5992.71,5894.29,5887.32,5416.04,5895.88,5883.55,6338.27,5980.03,5611.76,5576.79,6043.58,6015.29,5787.64,5628.63,5946.13,5951.08,5951.54,5666.86,5711.33,6116.7
393733,82.01,100.32,89.8,86.2,82.87,78.84,87.9,80.81,83.66,87.54,86.49,81.21,89.6,89.55,84.95,88.78,83.14,80.6,85.43,89.34,91.57,84.12,81.5,78.72
397593,23851.36,24289.39,23711.71,24489.83,24309.81,22509.55,21445.07,22960.92,23788.06,20649.49,23734.49,22057.96,24239.15,23712.21,23096.63,24981.89,22805.86,25380.02,24548.77,23643.55,21324.98,24484.35,22800.56,21587.35
398813,5275.08,5379.25,5680.04,5252.48,4952.26,5734.18,5087.04,5230.75,5195.33,4872.25,5434.63,5341.23,5532.36,5423.06,5303.84,5414.8,5395.36,4946.74,5478.24,5198.91,5069.1,5413.09,5668.79,5670.24
399932,6570.74,6527.17,7024.24,6570.89,6646.51,6734.31,6668.9,6500.21,6582.67,6242.61,6523.72,6374.69,6273.37,6460.19,5884.21,6290.7,6637.01,7017.8,6488.02,6436.1,6109.72,5926.32,6506.8,6276.53
400936,7454.51,6892.33,6708.49,6364.2,7237.26,7474.9,6409.77,6560.12,7127.49,6938.11,6767.72,6614.78,7137.46,6578.48,6335.87,6408.45,6794.89,6463.56,6619.04,6774.55,6828.64,6714.27,6496.2,6881.51
402016,5923.72,5539.72,5685.47,5859.36,6025.84,6048.05,5692.55,5866.73,5613.89,5714.32,6077.78,5403.19,5924.47,5558.12,5579.92,5536.78,5734.7,6233.19,6267.15,5763.28,5936.57,5924.08,6444.3,5475.53
403036,6575.92,6552.09,6761.33,6309.96,6659.66,6696.26,6761.89,6411.45,7036.0,6959.85,6448.77,6499.55,6658.53,7188.48,6828.58,5974.56,6994.3,6740.8,7424.6,7077.06,7614.29,6913.39,6594.55,7096.73
404120,2024.34,1803.33,1887.86,1783.31,1862.44,1908.4,1841.69,1805.85,1957.49,2023.7,1822.78,1855.88,1889.99,1913.55,1714.45,1818.36,1834.57,1929.34,1721.86,1935.49,1862.69,1840.16,1701.24,1819.51
406376,7935.78,7640.13,8367.48,7800.5,8480.66,8390.06,7966.4,8272.6,8197.28,7024.21,8645.28,8545.54,7979.87,9024.28,8364.18,7899.17,8049.81,6882.19,7405.3,7745.35,8005.6,8079.67,7977.83,8345.74
408416,4219.63,4336.08,4154.05,4209.0,3920.13,4267.83,4323.54,4308.45,3892.24,4462.94,4290.31,4115.15,4101.74,4524.26,4257.99,4237.56,4387.93,4417.04,4273.71,4513.67,4355.56,4318.07,4320.78,4631.74
409476,7401.53,7588.35,8587.87,7639.07,8264.96,7487.87,8106.8,8110.77,7614.85,7668.96,9182.0,7941.49,7910.36,8431.93,8051.77,8206.48,7495.81,8236.74,8296.21,8181.34,7962.0,7353.93,7997.36,8160.53
410521,6304.24,6867.43,6920.5,6648.71,7301.02,6580.45,6218.24,6303.54,6738.24,6037.43,6955.48,6846.29,6793.88,6500.72,6661.61,6897.78,6620.65,6701.58,6854.8,6369.39,6549.77,6029.03,7419.16,6264.22
411700,6801.63,6033.8,6482.28,6100.8,6049.74,7130.11,6781.74,6614.64,6481.88,6719.74,6182.69,6166.81,6111.1,6416.13,6307.7,6349.09,6538.39,6045.78,5993.51,6098.38,6979.3,6183.79,6807.72,6215.26
412760,6714.83,7149.97,6707.66,7128.69,7178.41,6513.59,6504.36,6580.18,6915.36,6895.35,7427.75,6343.99,6602.52,6629.3,6810.99,7528.69,6217.59,6114.87,7710.82,6706.43,6034.41,7259.57,6227.04,6547.97
413781,7197.07,6514.07,6686.09,6554.13,6616.9,6530.46,6740.89,7061.93,7078.8,6995.62,6697.9,6589.63,6507.5,6967.11,6085.95,6881.59,6335.53,7113.3,6747.33,7244.28,6919.45,6763.25,6430.05,6817.22
414804,5843.8,6383.24,6114.08,7073.17,6616.85,6844.22,6732.52,6398.88,7331.77,6607.92,6851.77,6242.89,6346.4,6385.17,6689.4,6007.36,6731.32,6659.62,6731.69,6414.85,5800.91,6816.33,6746.51,6982.28
415860,6683.49,6661.03,6410.52,6503.84,6334.79,6822.48,6426.09,6966.96,7402.48,7034.97,6347.2,6610.53,6503.05,6632.81,7087.75,6988.04,6816.9,7021.36,6853.99,6724.95,6193.76,6561.18,6362.67,6503.6
416880,265.54,238.52,258.0,290.26,234.21,270.38,254.18,281.07,264.67,246.65,254.63,265.41,257.13,239.35,264.24,235.03,250.42,252.71,240.85,247.53,252.38,235.34,252.11,265.4
419984,16204.13,14529.08,13769.79,15132.53,13697.07,16367.21,14123.95,15953.88,14234.18,13752.79,13385.47,15070.43,15038.58,14765.65,14442.64,14807.92,14570.0,15205.34,14992.09,15088.57,14705.19,13474.08,14304.45,14281.09
421044,17523.6,17610.81,17488.43,17522.05,16558.02,18649.48,16974.72,19562.09,15542.28,17431.15,18372.2,19715.21,17604.06,16225.32,17192.31,19577.04,16760.73,18428.58,19902.05,17547.76,17962.31,16706.06,16695.74,16912.75
422084,6558.44,6431.58,6835.32,6118.84,6558.25,6464.53,6285.02,6551.35,7013.54,6965.49,7427.61,6721.55,6671.56,6267.51,6225.41,7042.76,6114.89,6892.85,6866.56,6741.7,5895.38,6110.79,6999.41,6240.58
423088,6791.77,6563.25,7022.24,5918.99,6976.0,6398.09,6233.19,5649.18,6251.24,6259.96,6496.69,6281.56,6448.08,6365.11,6317.14,6377.88,5858.73,5809.57,6480.37,6218.09,6137.97,6053.32,6140.44,5891.02
424168,6566.41,6873.71,6527.41,6298.87,6559.27,6454.48,6533.14,7099.89,6423.86,6731.06,6112.91,7186.73,6774.04,6575.22,6774.44,6377.46,6169.38,7092.33,6204.93,6202.22,6902.47,6694.37,6712.21,6620.9
425209,6698.61,7278.14,6926.59,6769.54,7155.04,6664.76,6662.19,7067.04,7278.77,7868.49,7014.77,7042.82,6971.86,6497.68,7600.68,6853.54,6931.89,6538.42,7317.31,6559.67,7312.59,6828.73,6896.48,7661.96
426268,624.44,621.39,610.13,641.63,702.03,689.69,615.95,596.86,646.96,609.15,619.04,643.14,626.58,640.08,676.82,624.18,655.81,642.61,599.1,612.24,676.65,608.73,694.62,680.29
429068,17568.39,18626.76,19017.28,19927.29,17062.21,19115.82,18336.79,19116.99,19015.79,19643.37,19835.92,19442.31,21039.13,19864.92,18107.62,17365.95,19387.86,18115.41,18787.92,19762.04,17782.2,19079.77,16402.24,17995.0
430148,5685.0,5164.77,5723.1,5982.2,5951.59,5910.22,5661.75,5427.43,5655.43,5759.02,5858.54,5553.07,6026.53,5630.6,5899.33,5516.36,5544.34,5448.35,5760.54,5607.68,5297.49,5882.48,5598.44,5334.51
431208,6403.77,7021.77,6393.02,7403.15,6598.12,6461.49,6534.84,6481.44,6823.24,6399.45,6266.43,6897.35,7189.5,6441.35,7061.52,6399.26,6673.69,6984.91,6691.45,6914.77,6331.7,6407.22,6531.79,6692.66
432233,6753.89,6638.18,7187.42,7171.9,6948.54,6489.6,6373.31,6789.64,6276.96,6312.95,6316.81,6701.83,6644.39,6201.74,6691.25,6484.19,5927.33,6560.28,6543.17,5540.36,6682.28,6928.2,6796.81,6679.47
433268,6259.81,6756.85,6522.91,6480.02,6802.08,6845.81,6727.84,6818.6,6640.27,6456.88,5948.44,6568.73,6217.2,6601.02,6817.32,6860.8,6432.96,6399.09,6343.86,6367.13,6073.18,6293.55,6331.78,6880.99
434312,6783.14,6664.33,6491.12,7385.54,7336.67,7061.78,6919.73,7401.75,6782.89,7224.76,6628.69,6823.92,7094.43,7436.28,7185.86,6411.01,6419.23,7121.15,7436.93,6474.48,7169.21,6852.91,6962.46,7081.0
435372,6320.55,6330.48,6610.97,5965.49,6262.98,6388.0,6605.39,6535.75,6368.48,6269.78,6562.45,6095.38,6380.79,6240.96,6883.66,6463.07,6140.56,6032.97,6612.76,6378.64,6936.09,6763.23,6426.08,6298.43
436453,6696.84,6676.26,6345.73,7038.76,6976.7,7017.41,6459.13,6841.19,6891.23,6770.2,7412.53,6564.29,6829.2,6655.09,6484.68,6559.79,6362.41,7089.13,6778.7,6495.34,6426.8,6821.08,6229.67,6694.48
437492,6628.03,6248.86,6744.11,6750.2,6648.39,7232.35,6906.98,6734.15,6467.9,6355.63,6167.05,6610.74,7088.53,6986.42,6673.15,6698.67,7009.77,6464.58,7053.39,6587.03,6819.78,7191.74,6785.73,6604.96
438532,684.86,676.01,646.91,700.12,733.29,692.56,625.24,695.5,643.62,653.51,665.4,642.57,665.31,705.34,666.22,664.48,654.45,628.69,760.66,711.12,716.21,643.67,691.63,753.92
442452,11754.99,11018.8,12114.09,11786.71,10973.32,11386.53,11838.37,12046.89,11750.06,12234.7,11787.81,11405.88,10846.91,12029.39,11866.99,12597.46,11865.32,12221.97,12323.11,12769.3,10825.17,12055.34,12026.75,11972.92
443740,17333.48,18770.05,18370.35,18864.21,18133.31,18112.57,17101.05,18536.57,19043.46,18499.96,15931.95,18492.82,18350.72,17093.24,18742.39,18052.32,17280.15,17831.38,19603.62,18593.32,19011.18,18995.41,20482.94,20453.24
444776,7039.62,6931.64,6522.74,6602.71,7201.41,6548.54,7058.7,6695.19,6907.96,7111.4,6964.78,7412.85,6903.84,7341.1,6666.92,6493.62,6235.67,7579.88,6473.38,6862.52,6546.21,6993.35,6495.9,6721.94
445780,6916.7,6725.32,6646.3,6746.66,6749.48,5877.29,6698.41,6772.51,6990.67,6253.29,7154.22,7209.53,6553.24,6064.7,6532.57,6194.5,6373.81,6350.56,6130.31,6717.91,6204.02,6788.6,6237.84,6515.48
446836,5522.35,5826.21,5695.02,6066.41,5636.31,6330.13,5763.16,5967.48,6333.56,5658.98,5197.64,6263.24,5940.34,6221.1,6124.01,6047.0,5722.03,5846.04,5654.44,5736.05,5941.36,5832.96,6109.7,5801.86
448000,7457.79,7460.71,8194.38,6940.67,6998.7,7929.78,7565.22,6950.95,7218.97,7119.24,6911.42,7248.18,7434.91,7076.17,6705.58,6860.41,8063.97,6855.45,8048.36,7523.17,7456.42,7775.14,7820.39,7342.9
449057,268.03,254.13,256.5,249.45,239.55,267.55,257.59,250.46,259.68,259.92,237.13,246.06,269.62,229.3,277.57,258.87,249.54,266.04,274.7,265.56,233.85,262.46,281.09,235.7
450600,5678.15,6047.91,5568.46,5430.56,5299.6,5460.68,5518.25,5214.25,5489.98,5317.76,6104.22,5712.46,5657.2,5177.15,5802.07,5809.44,5998.82,5445.97,5857.84,5503.55,5326.96,5835.46,5880.0,5355.39
451740,10880.48,9807.69,10779.67,9605.99,10202.32,9633.54,10871.06,9819.5,10058.33,9642.33,10548.86,10378.54,10258.85,9861.29,10768.45,10354.81,10546.38,10594.47,10584.24,9541.27,10188.03,10144.8,10699.71,10150.2
453044,3492.44,3559.48,3950.36,3823.57,3383.48,3675.5,3521.45,3674.32,3317.24,3903.1,3722.09,3354.0,3949.84,3767.19,3556.39,3558.99,3866.46,3871.39,3655.15,3834.66,3522.8,3826.66,3427.54,3643.42
454160,4840.85,4529.1,4605.49,5327.38,4694.15,4773.28,5078.44,4616.61,4663.99,4391.69,4908.42,4797.98,5071.89,4614.8,5065.75,4893.85,4783.22,4888.12,4259.78,4788.54,4630.73,4814.65,4842.78,4885.75
455205,1517.1,1668.2,1646.21,1565.88,1673.93,1631.42,1465.03,1592.44,1453.35,1526.57,1630.68,1488.27,1520.74,1602.36,1562.42,1616.8,1602.82,1633.23,1587.29,1619.63,1482.31,1583.3,1659.35,1512.55
458685,20821.83,19471.75,19794.9,21786.83,21309.43,21110.98,20399.09,22756.97,20000.52,22240.65,21553.52,22800.26,23893.07,22196.87,20833.8,22275.01,22071.77,21330.05,20518.48,22748.28,23549.93,20352.18,21491.87,21578.42
459763,6286.64,5268.18,5883.46,5850.91,6467.02,5891.68,5903.39,6473.64,6168.77,6564.57,5874.07,6016.16,5818.76,5930.2,5929.71,5602.87,5769.54,5768.98,5842.94,5782.45,5643.22,5799.56,5818.08,6102.61
460924,2827.38,2873.07,2819.11,3200.42,2579.23,2907.23,2855.62,2558.56,2863.24,2693.21,2659.98,2672.1,2768.96,3013.14,3135.94,3093.0,2935.24,2884.16,2804.43,2822.98,2739.78,2920.54,2987.42,2989.75
464507,8551.3,8639.91,7548.23,8554.65,9436.23,8504.2,8625.61,8611.49,8367.34,8275.04,9041.78,8689.46,7508.38,9187.01,8454.57,8017.88,8935.95,8586.61,8534.96,8957.84,8358.67,8837.16,8660.83,8545.93
465747,18464.69,17978.74,18342.24,16046.6,18296.64,16876.77,17180.48,17255.32,18104.49,16517.05,18150.6,16485.0,17533.39,17115.02,17077.16,19330.53,18230.87,18912.42,17762.05,18211.71,16832.87,17752.25,18446.7,17703.03
466807,4708.57,4779.26,4641.24,4752.05,4955.28,4795.37,4527.58,4758.91,4791.11,4678.56,4513.96,4727.8,4544.04,4566.2,4642.54,4498.3,4350.31,4619.82,4904.88,4742.99,4776.03,4643.65,4337.87,4970.65
467868,7517.23,7863.58,7939.42,7859.61,9020.18,8478.16,8010.29,6902.88,7722.21,8251.53,8507.7,8119.17,8785.15,8696.99,8106.81,8054.84,8135.1,7999.89,8543.73,8358.27,8236.31,8185.01,7783.59,8485.84
468892,5452.6,5882.88,5664.61,5669.46,5073.24,5550.47,5587.15,5497.93,5717.87,5316.21,5671.22,5636.8,5626.7,5506.19,5216.1,5449.25,5577.02,5542.61,5551.93,5704.54,5759.93,5655.72,6053.27,5289.26
470031,6195.26,6725.94,6596.7,6146.63,6586.07,6341.41,6119.94,5845.8,6589.82,6157.4,6240.5,6306.33,6117.76,6333.18,6389.78,6204.18,6789.49,6001.29,6361.56,6503.2,5932.59,6143.87,6029.33,6106.69
471111,7608.19,7662.11,8077.22,7649.95,6837.41,7556.74,7100.27,7840.85,7750.98,7714.32,7707.6,7684.81,7649.15,7156.33,7201.04,7746.25,6748.89,6948.19,7794.69,7042.98,7877.87,7703.12,7682.97,7332.06
472147,5667.52,5589.19,5636.84,5735.39,5495.58,5383.9,5860.65,5544.13,5837.99,5446.94,5632.84,5713.92,5293.22,5896.72,5732.16,6092.04,5652.88,5571.69,5907.74,5678.71,5108.77,5636.08,5333.57,5795.43
473367,6895.99,7778.47,6467.07,6955.58,7354.82,7358.26,7239.7,7655.17,7074.56,6957.71,7573.53,7644.69,7325.61,6777.19,6913.97,7563.72,6836.62,7060.16,7319.94,7746.61,7338.27,7111.08,6867.66,7076.22
474391,4650.68,4912.64,4858.83,5080.06,5235.15,4960.86,5294.28,4820.81,5333.43,4978.35,4705.25,5123.5,4878.4,4855.72,4899.06,4783.34,5226.03,5360.68,4900.55,4996.26,4792.28,5181.66,5387.54,4914.72
475495,222.53,218.58,211.26,202.68,214.69,206.71,217.82,209.8,220.79,213.14,228.18,212.88,211.14,220.96,220.84,216.44,208.43,203.54,221.76,206.17,219.55,212.81,218.61,204.86
476911,5549.01,4669.28,5106.11,5258.07,5073.04,5203.74,5073.29,5190.78,4679.8,4979.45,5480.15,4512.93,4803.1,5067.52,4737.56,5055.8,5255.48,5259.51,5050.35,5196.63,5286.56,4956.7,5270.32,4851.33
477912,6446.83,6709.26,6924.52,7091.11,6893.68,6683.73,6487.11,6405.76,6666.73,6964.7,6872.05,6790.83,7075.75,6665.67,7626.39,7087.3,6919.7,6689.21,7302.67,6451.07,6627.01,6686.92,6600.26,6374.63
478931,5729.53,5765.16,5615.32,6186.93,6149.39,6202.64,6272.81,5950.73,6128.14,6457.13,5700.64,6111.77,5830.89,5758.39,6149.71,6568.37,5768.47,6326.63,5440.77,6241.82,6179.82,6365.35,6070.32,6289.25
480075,4785.94,4435.7,4611.83,4468.87,3998.78,4694.48,4646.46,4742.2,4850.22,4719.12,4389.1,4365.68,4754.07,4389.82,4259.42,4443.52,4627.95,4958.88,4582.53,4442.86,4567.81,4200.03,4676.04,4663.1
481079,7613.37,7009.37,6220.64,7091.66,6886.12,6551.45,7251.21,6962.51,7185.58,6337.77,6857.69,7404.32,6933.6,6908.15,6786.75,6744.02,6660.97,6025.8,7037.4,6633.73,7030.55,7116.42,6817.61,6337.88
482131,6338.63,6489.08,6197.24,6417.18,6458.66,6483.28,6956.39,6236.44,6081.3,6520.57,5930.26,5982.93,6602.51,6435.38,6676.3,6834.37,6446.81,6610.17,6915.12,6139.35,6016.1,6540.36,6178.94,5923.25
483196,7306.34,6683.96,6895.4,6410.71,7118.53,6938.16,6136.75,6330.38,7518.98,6904.59,6971.01,7513.27,6582.44,6241.67,6835.2,7084.47,7407.35,6834.87,6439.52,6869.31,6560.51,6754.51,7010.6,6446.0
484199,5807.52,5855.52,5945.2,6071.43,5758.8,5794.51,5845.58,5803.36,5901.72,6188.55,5792.47,6053.06,5405.08,5825.25,6135.88,5834.48,5770.15,5638.05,5733.84,5609.36,5599.59,5702.68,5740.63,6282.27
485395,1933.53,1723.4,1926.98,1908.9,1884.64,1904.61,1926.94,1928.85,1914.58,2010.49,1778.68,2037.96,1846.56,2023.65,2038.68,1854.24,1952.35,1864.29,1889.35,1903.15,2071.78,1764.52,1968.65,1884.91
489095,7468.42,6887.5,7818.36,7220.24,7804.14,8006.41,7019.48,6909.25,7866.3,7876.87,7993.22,7555.96,7573.41,7730.38,8005.69,8037.75,7901.04,7337.7,8082.46,7873.38,6873.94,6810.41,7796.85,8212.75
490379,18590.32,17897.41,17538.34,20215.31,19517.83,19509.2,19290.68,18431.98,18410.97,19139.37,19655.11,18733.0,17960.17,18920.45,18081.56,19265.16,17824.68,17933.01,19550.42,19219.1,21112.99,18779.36,19053.22,18920.04
491417,5798.77,6096.49,6117.05,5432.98,5985.44,5798.0,6094.69,5475.02,5905.4,5327.28,5435.17,5615.59,5907.65,5899.53,5919.35,5711.86,5769.52,5386.77,5874.87,5892.46,5395.44,5344.9,5686.89,5895.48
492458,7556.52,6895.54,6862.14,6788.01,6859.24,6896.86,7188.34,6971.89,7068.64,6752.83,6662.81,7414.84,7049.99,6974.02,7182.38,6950.19,6777.47,7741.73,6846.6,6505.42,7341.29,7414.63,7427.9,7672.45
493501,4988.43,5019.28,5239.59,5563.81,5684.82,5171.78,5916.99,5534.36,5045.81,5453.27,5386.27,5635.32,5483.08,5374.2,5209.1,5796.82,5617.76,5743.54,5229.09,4814.72,5391.56,5231.72,5356.9,5045.35
494617,7434.2,8091.52,7082.46,7268.65,7743.19,8133.42,7545.18,7860.64,7120.55,7782.27,7311.85,7157.13,7775.56,7604.12,7561.73,7646.99,8188.34,7623.79,8008.99,6588.73,7487.8,7193.38,7043.38,7540.55
495661,758.0,630.43,703.21,671.88,687.05,671.73,664.59,624.63,690.75,711.36,663.25,712.46,677.4,662.8,767.1,698.08,622.5,632.31,696.83,664.08,690.77,704.1,699.0,638.03
498877,13586.58,12437.59,14791.56,12842.8,14450.17,14070.08,13655.73,12561.42,12868.59,12391.86,14882.71,12385.25,12117.06,13546.96,13934.06,13628.39,14262.51,12517.2,13441.08,12757.46,13176.81,14010.53,13437.1,13175.26
500541,3450.82,3304.93,3410.67,3648.58,3359.68,3405.0,3236.6,3321.38,3641.33,3413.41,3403.31,3703.47,3283.44,3751.55,3447.83,3700.77,3355.78,3297.67,3566.93,3611.4,3568.98,3496.02,3057.94,3483.03
501603,5289.73,6181.55,5797.29,5501.35,5793.32,5646.87,5725.57,5646.13,6388.0,6196.78,5348.74,5747.53,6027.31,5947.64,5528.26,6714.04,5684.4,5487.89,6069.83,6141.22,5327.74,5800.72,5888.98,5812.32
502699,4951.85,4898.48,4976.61,5175.65,5095.01,5215.03,5248.97,5234.41,5335.88,4688.92,5281.97,4678.84,4684.16,5027.07,4841.03,5272.25,5416.55,4769.88,4753.76,5288.82,5533.08,5193.18,5475.0,5044.68
503963,5545.09,5471.6,5743.66,5055.37,5737.16,6073.54,5516.03,5782.05,5682.13,5976.83,6082.95,5872.59,5802.75,6117.74,5752.67,5923.2,5445.58,6220.14,6211.32,6122.78,5450.93,6216.43,6518.97,6343.65
504979,6176.7,6361.23,5919.41,6252.38,6440.53,6671.42,5998.58,5992.06,6563.22,6650.27,6551.76,6291.0,6270.46,6170.81,5868.76,5942.65,6573.83,6707.23,6495.43,6709.62,6431.76,6174.31,6161.97,6140.94
505983,4694.48,5154.64,5005.4,5303.5,4949.2,4981.65,5351.22,5079.72,5226.62,4914.48,5314.52,5244.44,4922.13,4462.02,4957.52,5349.46,5227.86,4970.62,5127.64,4772.08,5339.82,5145.6,5236.44,5121.98
507063,5700.35,6303.77,5289.02,5784.16,5967.41,6218.22,5997.63,5458.54,6090.26,6007.28,6505.92,6026.61,5637.0,6234.76,5828.39,6276.96,5992.44,5799.5,6211.54,6257.45,6223.27,6329.36,5721.14,5949.25
508119,5985.66,6422.95,6876.79,6418.36,6073.05,6072.87,6208.21,6428.38,6151.37,6619.9,6130.34,6615.02,6254.9,6025.06,6455.84,6392.53,6443.0,6249.38,6290.14,6001.37,6343.5,6199.19,6156.55,7035.17
509184,418.81,440.36,409.24,445.43,424.88,416.63,470.19,383.7,422.97,420.81,424.17,408.26,411.19,398.07,407.95,419.42,442.0,402.29,410.59,436.8,438.5,431.64,391.65,449.14
514267,6679.93,6330.12,5984.75,6472.95,6016.8,6348.22,6407.67,5536.45,6946.43,6602.74,6089.15,6811.62,6364.35,6340.69,6447.54,6382.48,6269.1,6481.63,6771.52,6323.26,6606.72,6226.21,6387.93,7007.3
515987,18041.62,18643.17,17437.34,18562.61,17449.29,15588.34,18643.24,17017.07,19147.79,18068.4,18348.19,17671.49,18449.03,18647.02,17090.1,18040.17,16348.48,19865.15,16607.26,17405.1,18585.27,18720.78,18047.81,18475.5
517067,3033.36,3074.75,2757.93,3221.27,3235.3,3308.45,3179.95,3102.32,3100.05,3117.34,2941.72,3077.35,2792.61,2995.3,3105.94,3083.39,3124.63,3058.16,3252.63,3134.09,2895.48,3096.07,3088.43,3109.29
518127,2137.54,2408.23,2290.77,2348.25,2324.63,2187.49,2353.55,2246.77,2471.45,2205.39,2261.16,2226.17,2257.6,2215.13,2234.86,2456.85,2464.85,2467.63,2398.26,2269.49,2444.66,2365.53,2259.87,2360.48
519311,2281.04,2534.55,2301.77,2465.96,2454.99,2278.03,2453.57,2329.86,2046.59,2228.37,2447.98,2307.23,2217.12,2279.15,2369.51,2452.26,2523.53,2401.9,2167.91,2407.78,2342.37,2283.44,2580.36,2647.66
520650,3189.02,2990.96,3053.51,2826.67,3004.9,3175.17,2938.88,2984.42,3001.3,2807.2,3156.02,2976.75,3288.62,2936.51,3126.34,3189.87,3164.68,2867.65,2911.92,2996.4,2959.83,3017.06,3027.46,3055.13
521865,2342.91,2757.2,2625.9,2596.58,2526.5,2386.69,2705.55,2671.97,2492.13,2739.2,2539.75,2536.13,2670.64,2300.03,2583.95,2640.36,2526.73,2632.94,2678.96,2402.7,2354.94,2547.94,2753.99,2732.57
522909,299.9,310.33,290.72,278.01,316.3,276.73,311.86,321.52,275.94,308.8,311.58,307.04,289.04,306.77,329.66,285.39,272.35,332.51,319.09,271.05,263.09,304.99,301.44,293.15
540041,25740.68,24842.41,25665.62,25453.53,25462.6,25371.03,25102.96,24331.44,24325.89,24986.65,24122.36,24241.61,27237.31,27288.33,24993.06,24415.29,25869.06,26003.05,26052.01,25092.17,25422.62,25968.86,25384.75,25980.85
541540,3795.51,3091.22,3311.0,3209.03,3521.59,3380.34,3139.0,3089.85,3587.66,3325.51,3729.89,3382.74,3415.52,3237.71,3687.61,3547.01,3478.02,3340.51,3322.26,2928.72,3457.76,3197.69,3507.21,3398.12
542620,3577.32,3321.64,3564.15,3397.78,3528.42,3758.81,3450.33,3416.21,3811.67,3137.48,3020.13,3384.65,3722.21,3525.05,3550.69,3285.81,3366.43,3038.81,3507.28,3305.1,3159.81,3217.84,3283.04,3437.48
543840,2949.55,3076.27,3264.35,3272.21,3066.34,2992.39,3004.5,3200.4,3204.9,3020.42,3211.87,3150.38,3061.15,2994.49,2962.18,2783.13,3027.33,3008.0,3174.79,3205.82,2962.6,3229.66,3025.85,3191.36
544880,2716.97,2437.4,2616.84,2648.65,2533.08,2771.03,2385.9,2890.15,2471.23,2921.91,2756.1,2594.37,2945.75,2877.53,2705.16,2940.72,2664.5,2403.09,2478.86,2634.57,2816.12,2877.43,2844.0,2772.2
546244,2857.74,2775.44,2724.06,2601.38,2803.3,2807.65,2680.26,2781.05,2702.67,2750.3,2652.46,2692.14,2695.93,2675.95,2809.72,2586.99,2698.52,2603.41,2806.46,2856.54,2949.85,2545.58,2694.08,2714.4
547419,5407.15,4985.12,5118.09,5246.61,5182.02,5535.92,5555.95,4986.18,5374.0,5157.07,5381.21,4781.88,5073.46,5238.71,5569.39,5121.73,5237.97,5067.79,5476.67,5323.8,5058.86,5091.09,4817.54,5416.37
548464,6504.25,6188.56,6504.65,5831.22,6016.67,5921.27,6239.07,5919.34,5947.67,5734.91,6656.84,6102.98,5797.15,6211.72,6117.44,6072.38,6191.96,5841.79,6718.9,6080.49,5655.27,5963.67,5800.91,5606.23
549523,5110.23,4979.73,5481.55,5091.34,5839.91,5340.5,5364.2,5661.33,4964.95,4868.15,5240.02,5255.85,5201.21,5253.13,5119.84,4866.68,5193.94,5420.48,5010.85,5326.46,5266.9,5601.03,5252.5,5093.32
550663,7363.11,7862.51,7442.87,7598.62,7103.98,7205.1,7320.28,6768.84,8066.04,7023.07,7752.73,7249.61,7565.97,7484.13,7210.52,7419.09,7311.79,6787.5,7642.15,7586.97,7312.04,6720.2,6751.7,6622.18
551683,886.6,816.67,857.52,741.87,800.32,733.77,741.72,813.1,825.46,757.93,801.16,875.93,836.11,768.87,750.88,771.08,799.0,893.36,726.56,818.29,799.0,881.37,818.58,871.46
554947,13624.66,12396.73,13567.92,11974.19,12233.02,11549.7,11488.56,13001.04,13425.17,12856.35,12141.95,13039.71,12825.94,12155.26,11803.58,12211.82,12733.05,12366.47,13557.95,11958.13,12635.95,13069.77,12981.26,13135.41
555967,15958.46,18438.73,17532.87,17908.39,18190.32,16626.28,16029.11,16369.37,17518.28,17100.75,15705.39,18224.98,16060.12,17793.51,17015.76,16555.98,17430.91,16899.31,17776.29,17866.74,16719.07,15566.48,18623.32,15176.03
556987,6266.15,6254.64,5956.27,6525.5,6712.91,6522.2,5976.68,6860.78,6487.71,6163.69,5988.7,6891.75,6092.18,6391.13,6651.26,6591.46,5892.42,6391.34,6100.16,6275.39,6533.32,6232.38,6028.67,6387.86
557988,6321.26,5747.89,5874.69,5500.97,6130.53,5521.8,6030.68,5548.55,5779.37,5797.38,6023.11,5724.25,5936.44,5797.52,5313.38,5626.42,5325.1,5808.99,6065.48,5675.67,6358.7,5684.44,5469.56,6027.91
559032,6205.68,6294.98,6080.1,6085.57,6209.5,5664.86,6357.48,6095.95,6041.5,5757.68,5699.47,6538.2,6325.85,6129.68,5863.45,5254.68,5726.93,6292.62,6176.95,5554.61,6097.27,5612.61,6164.08,6430.35
560088,6339.06,5756.25,6343.88,5689.59,6691.71,6221.72,6067.46,6226.99,6250.2,6424.54,5634.24,6484.68,6168.58,6400.5,6187.2,5934.63,5456.26,5939.88,6340.6,6155.78,6358.51,6476.75,5956.15,6107.25
561131,6743.79,5991.79,6711.97,6122.32,6855.06,6620.48,6842.49,6592.61,7035.01,6477.6,6594.77,6440.02,6059.37,6530.81,6670.26,6511.0,6024.59,5886.49,6699.32,6644.23,6375.89,6672.95,6179.55,6054.23
562172,736.03,765.85,719.84,796.4,768.66,872.77,809.89,791.81,778.31,800.32,779.0,793.3,758.66,779.23,720.84,766.17,780.27,736.93,754.96,759.92,728.65,708.27,773.78,770.0
565090,14798.57,12790.51,13389.27,12269.94,13217.07,13419.59,13827.65,14543.4,12633.18,13228.37,14265.64,12960.76,14526.53,13558.6,13307.07,13772.84,12847.73,14600.39,14189.23,13773.3,13840.81,13458.98,14341.33,14057.77
566149,7563.29,8361.86,7286.48,7724.14,8063.47,7120.14,8114.88,7115.54,7993.24,7958.88,8080.66,7866.65,8544.19,7747.43,8120.63,7714.97,8509.51,7878.37,7771.96,7761.81,8667.55,8284.94,8283.27,7290.69
567973,5390.0,5265.32,5549.34,4540.33,5040.4,5287.11,5417.85,5509.3,5175.19,5008.36,5089.19,5418.7,5317.43,5173.61,5214.39,4439.86,5272.6,5069.23,5266.83,5371.34,5358.34,5216.48,5298.49,5029.16
569029,5958.17,6772.99,6173.46,6187.57,6776.54,6306.12,6546.82,6858.8,6124.35,5975.58,6908.37,7056.99,6083.0,6654.43,6543.76,6136.17,6339.08,6262.96,5538.63,5844.22,5915.33,6825.21,6669.69,6568.48
570049,5810.17,6135.55,6168.96,6434.18,6114.81,5993.9,5829.83,6032.53,5850.0,5923.63,6311.22,6699.6,6536.88,5992.71,6186.94,5916.69,6330.1,6382.6,6013.06,6172.89,5721.33,5740.18,5944.03,6017.82
571093,6271.4,6754.37,6714.84,6452.63,6792.63,6810.14,6998.44,6004.55,6468.95,6461.34,6521.74,6805.37,6886.67,6653.36,6640.47,6540.79,6615.73,6835.29,6548.91,6085.72,6486.86,6295.22,6662.49,6493.18
572133,6423.61,6480.34,6442.28,6994.47,7153.12,6135.43,6744.97,6357.33,6918.36,6604.57,6613.81,6666.55,6348.4,6738.88,6811.15,6725.71,6910.54,6601.32,6817.82,6402.03,6744.53,6171.07,6863.32,6335.45
573174,6539.81,6789.58,6889.17,6020.97,7126.98,6714.52,6468.65,6826.78,6793.92,6472.45,6649.78,6927.24,7080.99,7050.99,7134.68,6751.8,6625.82,6233.44,6605.17,6163.01,6200.52,6604.17,6352.95,7011.55
574213,6817.43,7127.59,7004.68,7387.94,6615.21,6770.63,6446.14,6598.51,6967.84,6468.5,6346.92,6419.71,6452.74,7322.6,6532.99,6631.81,6755.14,6112.17,6607.61,6849.67,6924.83,6488.82,6588.38,6492.71
575238,6373.76,5868.43,5736.09,6627.2,6279.99,6166.68,6313.42,6155.07,6219.99,5780.67,6469.64,6397.13,5762.82,6458.6,6254.79,6664.25,6279.62,6094.47,6291.62,6204.23,6045.22,5948.46,6017.36,5668.23
576257,1028.58,1063.17,1040.39,1021.9,1075.93,983.55,888.86,1045.51,1119.69,965.11,945.12,996.88,1053.33,1049.38,991.89,988.94,1096.59,1001.98,1067.05,1072.52,997.55,1072.23,1062.73,1001.83
579773,11190.01,11913.65,10322.35,9829.18,10931.99,11113.98,10261.17,11396.86,10671.78,11414.74,11771.17,11124.36,11393.67,10386.02,10798.91,10653.3,10375.59,10444.88,10852.73,10962.35,12189.84,10846.68,10082.65,11234.05
581278,20466.56,20262.74,18830.9,20415.85,18724.34,17229.59,19203.47,20138.13,19797.34,19151.04,20690.09,19473.57,20450.82,17788.1,19367.43,18566.8,19673.77,19542.68,18140.5,17152.34,19454.75,18882.61,18977.85,19763.43
582357,6695.63,6326.06,6877.66,7174.39,6874.36,6021.47,7650.2,7145.13,6073.55,6613.35,6910.06,6833.91,6218.57,6478.18,6320.28,6874.81,7139.21,6999.79,6813.23,6702.6,6584.91,6345.4,6807.11,6106.26
583377,5939.5,6544.23,5740.38,5334.66,5257.06,6018.8,6338.39,5798.81,5340.06,5733.33,5207.92,5978.59,5923.42,5787.66,5946.28,5872.71,5381.55,5140.07,6187.64,5562.2,5783.2,6063.07,6009.69,5598.83
584422,5815.19,5622.31,5613.51,6099.92,5770.7,5679.41,5436.36,5708.18,5726.13,5556.71,5560.1,5840.97,5815.27,6054.59,5414.83,5159.05,5664.16,5657.42,5755.34,5795.27,5848.92,5803.12,6124.12,6136.97
585462,6138.95,6103.74,5554.93,5544.74,5852.57,5555.64,6128.46,6311.38,5877.85,5527.24,5641.71,5612.83,6471.83,5654.42,6537.53,6293.73,5722.1,6053.26,5999.34,5927.72,5768.33,5738.94,5868.97,5876.95
586478,5965.55,6204.73,6776.81,6343.12,5820.78,6382.72,6203.73,6387.55,5943.0,5819.34,6137.33,6494.56,6196.21,6551.46,6134.28,6122.38,6810.03,6322.64,6407.09,6625.27,5988.95,6699.26,6600.87,6304.71
587501,666.59,728.62,694.71,693.21,656.59,662.18,687.12,646.97,668.58,690.11,770.44,661.18,621.46,690.36,692.6,670.83,662.91,713.9,666.66,718.78,692.5,691.29,701.17,639.05
589421,8742.21,9264.98,9212.22,8403.0,8131.38,9677.37,10485.46,8754.03,9285.52,8946.71,8768.49,10217.99,8456.99,9102.49,8318.78,8506.3,8698.86,8941.88,9444.61,8717.3,8638.24,8787.29,9278.73,9440.26
590961,6011.78,6752.85,6331.83,5741.13,5916.52,6399.58,5949.91,6180.79,6469.97,6109.25,5788.44,6467.98,6103.08,6286.71,5633.05,5997.54,6387.85,6188.45,6106.06,6115.17,5675.05,5857.81,5719.39,6751.65
592021,6035.72,6146.89,6039.09,6036.2,6301.2,6219.55,5947.55,6243.02,5777.72,6127.95,6202.04,5540.02,6011.61,6013.6,6079.21,6010.57,5849.79,5947.26,5896.76,6401.13,5904.3,6089.35,6184.41,6374.85
593085,7022.01,6429.17,6622.73,6825.02,6401.2,6812.61,7191.71,7205.54,6413.8,7043.94,6695.03,6428.99,6409.21,6404.48,7793.79,6897.96,6170.0,6764.77,6642.95,6557.72,6966.32,6974.81,6309.58,6389.79
594105,6700.32,6878.85,6570.74,6839.32,6177.28,6961.37,6860.66,7307.71,6936.59,7246.16,6953.48,7340.24,6612.03,7180.16,7346.07,6878.43,6146.35,8036.55,6689.44,6588.96,6677.87,6749.26,7137.92,6871.08
595169,6385.83,6132.58,6131.01,6059.55,5892.54,6293.15,6120.84,6373.66,6267.21,5649.83,5504.55,5787.75,6003.37,6300.93,6277.12,5733.94,5845.33,5626.65,5882.02,6497.35,6493.22,6307.44,5433.37,6120.68
596225,5885.21,6490.56,6243.48,6180.36,6302.49,6624.96,6376.83,6129.42,5938.85,6146.25,6797.06,6247.72,6411.47,6337.03,6090.47,6176.49,6586.16,6318.0,6141.47,6481.19,6581.01,6385.48,6132.48,6259.15
597265,6163.88,6560.68,6552.17,6288.09,6451.23,6436.76,6340.07,5788.21,6211.29,6842.11,6799.73,5852.51,5911.7,6275.28,5590.19,5778.92,6199.39,5619.98,6539.82,6068.9,6918.89,6349.73,6340.14,6420.91
598386,519.42,501.33,483.76,520.64,552.61,501.37,546.78,548.95,490.28,523.35,487.36,493.42,504.31,511.23,531.32,525.46,522.65,514.66,523.55,550.67,541.68,510.39,529.9,570.93
601865,22347.79,24274.43,23614.12,25396.86,26020.89,25894.94,23014.44,25002.03,23074.8,24953.99,22890.42,28831.8,23981.99,23801.25,26167.96,24866.61,24101.61,24165.64,24357.28,23185.51,23930.39,26488.17,24764.74,23975.39
603029,585.74,523.31,509.58,498.31,549.84,553.08,501.71,523.77,520.63,607.65,548.28,570.66,564.12,518.4,591.0,583.75,597.2,557.96,548.69,497.88,555.06,605.71,566.46,556.13
604685,5923.38,6232.81,5965.52,5712.66,5790.89,5800.62,6282.67,5650.88,5704.02,6129.56,6117.01,5485.29,6034.84,6202.53,6069.93,5837.08,5677.33,5546.97,6143.15,5560.46,5614.12,5575.63,5518.4,5879.36
605889,5049.35,5215.4,5486.32,5357.58,5375.65,5536.31,5449.25,5168.43,5219.45,5359.61,4884.49,5542.95,5070.93,5348.59,5189.46,5688.65,5697.92,5784.32,5023.89,5340.68,5626.85,5070.6,5578.64,5083.27
606994,6242.25,5452.54,5546.19,6090.99,5463.12,5202.14,5783.4,5157.5,5330.54,5652.51,5464.46,5512.74,5686.9,5458.02,5692.3,5572.48,5673.19,5751.12,5506.29,5110.81,5625.34,5333.85,5689.21,4949.04
608073,5098.74,4969.62,4891.9,5027.05,5039.26,4754.37,5142.36,4909.65,5174.38,5138.6,4782.54,5061.69,5079.65,5069.44,4806.07,5069.46,4940.92,4853.3,5077.54,4647.89,5432.37,5142.42,5110.55,4987.76
609254,5860.77,5992.55,6156.97,5807.26,6430.72,6281.6,6299.19,6483.14,5738.84,5713.11,6017.16,6235.07,6076.62,5794.22,6452.79,5927.46,6456.95,5980.96,6336.83,5958.2,5852.55,6300.03,6382.45,6150.07
610313,5395.19,5846.2,5526.93,5516.72,5067.62,5357.46,5549.07,5141.05,5232.66,5368.07,5203.93,5288.62,5129.62,5227.75,4990.65,5304.98,5259.89,5517.63,5512.39,5494.69,5248.55,5275.88,5255.0,5723.9
611513,6821.84,6317.29,6604.37,6430.59,5872.4,7137.06,6447.32,6348.68,6844.27,6451.27,6895.77,7181.93,6480.17,6189.07,6514.22,6121.61,6452.16,7050.51,6278.24,6578.92,6297.86,6391.05,6537.46,6700.65
612577,5449.98,5464.67,5825.64,5751.56,5466.29,5775.82,5324.22,6009.48,5890.81,5772.27,6147.93,5837.94,5415.18,5852.74,5758.04,5988.15,5593.35,6385.81,5334.3,6060.05,5468.36,5688.28,5596.87,5827.07
613613,5209.29,5925.0,5398.49,5255.45,5787.3,5542.3,5270.58,5503.7,5568.81,5445.93,5759.94,4989.85,5462.26,4981.39,5319.67,5278.84,4795.21,5531.38,5029.96,5516.63,5209.4,5633.71,4790.15,5665.27
614633,2304.97,2119.45,2218.89,2167.86,2104.69,2165.86,2180.75,1856.25,2064.61,2139.69,2080.24,1994.47,2000.89,2009.65,2143.12,2029.74,2217.62,2014.18,2145.69,1977.33,2118.47,1963.94,1982.4,2023.85
617413,4462.58,4644.89,4061.94,4633.97,4413.55,4855.42,4664.9,4707.31,4670.33,4918.43,4673.62,4383.14,4571.48,4698.97,4216.2,4283.83,4512.96,4891.58,4575.28,4234.78,4715.39,4713.47,4730.52,4344.31
618418,6823.2,7109.91,6869.42,6810.8,6968.44,6839.09,6927.51,6799.04,6623.89,6911.99,6821.14,7292.9,7242.58,7248.24,6479.77,6911.83,7063.44,6610.58,6393.09,7334.45,6824.78,6730.91,6814.66,6786.79
619421,6803.13,6581.44,6047.57,6964.68,7460.93,6909.77,7103.71,6752.98,6556.01,6753.85,6794.5,7138.95,7174.53,6542.02,6825.51,6664.62,6743.09,6006.89,7557.01,6714.9,6699.09,6749.05,6909.0,7060.07
620437,6645.02,6902.01,6381.92,5795.46,5912.72,6693.3,6719.18,6148.27,6414.65,6188.89,5841.42,6040.24,6771.73,6476.45,6538.47,6932.15,6425.08,7023.57,6376.45,6317.29,6415.71,6033.21,6241.56,6112.68
621457,6418.44,7055.36,6385.11,6296.39,6336.53,6488.14,6422.36,6907.52,6447.03,6820.1,7029.96,6835.28,7004.27,7116.35,7070.89,6886.17,6625.29,6814.67,7044.87,6920.87,7385.31,6427.58,6567.56,7247.23
622477,1036.16,1090.87,986.09,1215.13,985.33,1089.16,1059.26,1077.71,1096.19,1155.09,1094.42,998.59,1032.06,1119.26,1085.11,1122.58,1149.49,1123.88,1030.83,1040.56,1162.41,1136.34,1048.0,1049.02
627541,12515.16,12799.36,13378.21,12880.94,12221.98,13312.93,13474.3,13652.38,14466.73,13266.98,14085.82,12808.76,13928.39,13226.71,12377.32,12111.96,12918.45,14304.87,13445.26,12653.52,13962.8,13356.84,13492.91,13688.36
629280,2773.39,3049.31,3453.79,3151.07,3244.29,3374.55,3367.18,3012.75,3432.21,3041.32,2642.1,3202.59,3245.1,3054.75,3039.34,2973.08,3168.79,3067.56,3271.04,3077.85,3230.81,3266.75,3258.42,3470.41
